,일자,요일,지점명,지점번호,구분,방향,total,Latitude_y,Longitude_y,time,floating
0,20180124.0,수,오정로(부천시계),B-26,유출,외발산사거리->오쇠삼거리,9975.0,37.54318,126.8123,8시,757.0
0,20180124.0,수,오정로(부천시계),B-26,유출,외발산사거리->오쇠삼거리,9975.0,37.54318,126.8123,9시,710.0
0,20180124.0,수,오정로(부천시계),B-26,유출,외발산사거리->오쇠삼거리,9975.0,37.54318,126.8123,10시,694.0
0,20180124.0,수,오정로(부천시계),B-26,유출,외발산사거리->오쇠삼거리,9975.0,37.54318,126.8123,11시,632.0
0,20180124.0,수,오정로(부천시계),B-26,유출,외발산사거리->오쇠삼거리,9975.0,37.54318,126.8123,12시,582.0
0,20180124.0,수,오정로(부천시계),B-26,유출,외발산사거리->오쇠삼거리,9975.0,37.54318,126.8123,13시,628.0
0,20180124.0,수,오정로(부천시계),B-26,유출,외발산사거리->오쇠삼거리,9975.0,37.54318,126.8123,14시,681.0
0,20180124.0,수,오정로(부천시계),B-26,유출,외발산사거리->오쇠삼거리,9975.0,37.54318,126.8123,15시,742.0
0,20180124.0,수,오정로(부천시계),B-26,유출,외발산사거리->오쇠삼거리,9975.0,37.54318,126.8123,16시,856.0
0,20180124.0,수,오정로(부천시계),B-26,유출,외발산사거리->오쇠삼거리,9975.0,37.54318,126.8123,17시,1108.0
0,20180124.0,수,오정로(부천시계),B-26,유출,외발산사거리->오쇠삼거리,9975.0,37.54318,126.8123,18시,1147.0
0,20180124.0,수,오정로(부천시계),B-26,유출,외발산사거리->오쇠삼거리,9975.0,37.54318,126.8123,19시,887.0
0,20180124.0,수,오정로(부천시계),B-26,유출,외발산사거리->오쇠삼거리,9975.0,37.54318,126.8123,20시,551.0
0,20180125.0,목,오정로(부천시계),B-26,유출,외발산사거리->오쇠삼거리,10068.0,37.54318,126.8123,8시,769.0
0,20180125.0,목,오정로(부천시계),B-26,유출,외발산사거리->오쇠삼거리,10068.0,37.54318,126.8123,9시,663.0
0,20180125.0,목,오정로(부천시계),B-26,유출,외발산사거리->오쇠삼거리,10068.0,37.54318,126.8123,10시,643.0
0,20180125.0,목,오정로(부천시계),B-26,유출,외발산사거리->오쇠삼거리,10068.0,37.54318,126.8123,11시,673.0
0,20180125.0,목,오정로(부천시계),B-26,유출,외발산사거리->오쇠삼거리,10068.0,37.54318,126.8123,12시,617.0
0,20180125.0,목,오정로(부천시계),B-26,유출,외발산사거리->오쇠삼거리,10068.0,37.54318,126.8123,13시,672.0
0,20180125.0,목,오정로(부천시계),B-26,유출,외발산사거리->오쇠삼거리,10068.0,37.54318,126.8123,14시,683.0
0,20180125.0,목,오정로(부천시계),B-26,유출,외발산사거리->오쇠삼거리,10068.0,37.54318,126.8123,15시,757.0
0,20180125.0,목,오정로(부천시계),B-26,유출,외발산사거리->오쇠삼거리,10068.0,37.54318,126.8123,16시,854.0
0,20180125.0,목,오정로(부천시계),B-26,유출,외발산사거리->오쇠삼거리,10068.0,37.54318,126.8123,17시,1139.0
0,20180125.0,목,오정로(부천시계),B-26,유출,외발산사거리->오쇠삼거리,10068.0,37.54318,126.8123,18시,1173.0
0,20180125.0,목,오정로(부천시계),B-26,유출,외발산사거리->오쇠삼거리,10068.0,37.54318,126.8123,19시,837.0
0,20180125.0,목,오정로(부천시계),B-26,유출,외발산사거리->오쇠삼거리,10068.0,37.54318,126.8123,20시,588.0
0,20180126.0,금,오정로(부천시계),B-26,유출,외발산사거리->오쇠삼거리,10376.0,37.54318,126.8123,8시,808.0
0,20180126.0,금,오정로(부천시계),B-26,유출,외발산사거리->오쇠삼거리,10376.0,37.54318,126.8123,9시,708.0
0,20180126.0,금,오정로(부천시계),B-26,유출,외발산사거리->오쇠삼거리,10376.0,37.54318,126.8123,10시,683.0
0,20180126.0,금,오정로(부천시계),B-26,유출,외발산사거리->오쇠삼거리,10376.0,37.54318,126.8123,11시,651.0
0,20180126.0,금,오정로(부천시계),B-26,유출,외발산사거리->오쇠삼거리,10376.0,37.54318,126.8123,12시,631.0
0,20180126.0,금,오정로(부천시계),B-26,유출,외발산사거리->오쇠삼거리,10376.0,37.54318,126.8123,13시,626.0
0,20180126.0,금,오정로(부천시계),B-26,유출,외발산사거리->오쇠삼거리,10376.0,37.54318,126.8123,14시,682.0
0,20180126.0,금,오정로(부천시계),B-26,유출,외발산사거리->오쇠삼거리,10376.0,37.54318,126.8123,15시,802.0
0,20180126.0,금,오정로(부천시계),B-26,유출,외발산사거리->오쇠삼거리,10376.0,37.54318,126.8123,16시,864.0
0,20180126.0,금,오정로(부천시계),B-26,유출,외발산사거리->오쇠삼거리,10376.0,37.54318,126.8123,17시,1125.0
0,20180126.0,금,오정로(부천시계),B-26,유출,외발산사거리->오쇠삼거리,10376.0,37.54318,126.8123,18시,1190.0
0,20180126.0,금,오정로(부천시계),B-26,유출,외발산사거리->오쇠삼거리,10376.0,37.54318,126.8123,19시,999.0
0,20180126.0,금,오정로(부천시계),B-26,유출,외발산사거리->오쇠삼거리,10376.0,37.54318,126.8123,20시,607.0
0,20180127.0,토,오정로(부천시계),B-26,유출,외발산사거리->오쇠삼거리,9198.0,37.54318,126.8123,8시,501.0
0,20180127.0,토,오정로(부천시계),B-26,유출,외발산사거리->오쇠삼거리,9198.0,37.54318,126.8123,9시,532.0
0,20180127.0,토,오정로(부천시계),B-26,유출,외발산사거리->오쇠삼거리,9198.0,37.54318,126.8123,10시,581.0
0,20180127.0,토,오정로(부천시계),B-26,유출,외발산사거리->오쇠삼거리,9198.0,37.54318,126.8123,11시,635.0
0,20180127.0,토,오정로(부천시계),B-26,유출,외발산사거리->오쇠삼거리,9198.0,37.54318,126.8123,12시,681.0
0,20180127.0,토,오정로(부천시계),B-26,유출,외발산사거리->오쇠삼거리,9198.0,37.54318,126.8123,13시,789.0
0,20180127.0,토,오정로(부천시계),B-26,유출,외발산사거리->오쇠삼거리,9198.0,37.54318,126.8123,14시,687.0
0,20180127.0,토,오정로(부천시계),B-26,유출,외발산사거리->오쇠삼거리,9198.0,37.54318,126.8123,15시,792.0
0,20180127.0,토,오정로(부천시계),B-26,유출,외발산사거리->오쇠삼거리,9198.0,37.54318,126.8123,16시,931.0
0,20180127.0,토,오정로(부천시계),B-26,유출,외발산사거리->오쇠삼거리,9198.0,37.54318,126.8123,17시,1090.0
0,20180127.0,토,오정로(부천시계),B-26,유출,외발산사거리->오쇠삼거리,9198.0,37.54318,126.8123,18시,937.0
0,20180127.0,토,오정로(부천시계),B-26,유출,외발산사거리->오쇠삼거리,9198.0,37.54318,126.8123,19시,572.0
0,20180127.0,토,오정로(부천시계),B-26,유출,외발산사거리->오쇠삼거리,9198.0,37.54318,126.8123,20시,470.0
0,20180128.0,일,오정로(부천시계),B-26,유출,외발산사거리->오쇠삼거리,7104.0,37.54318,126.8123,8시,308.0
0,20180128.0,일,오정로(부천시계),B-26,유출,외발산사거리->오쇠삼거리,7104.0,37.54318,126.8123,9시,381.0
0,20180128.0,일,오정로(부천시계),B-26,유출,외발산사거리->오쇠삼거리,7104.0,37.54318,126.8123,10시,472.0
0,20180128.0,일,오정로(부천시계),B-26,유출,외발산사거리->오쇠삼거리,7104.0,37.54318,126.8123,11시,466.0
0,20180128.0,일,오정로(부천시계),B-26,유출,외발산사거리->오쇠삼거리,7104.0,37.54318,126.8123,12시,535.0
0,20180128.0,일,오정로(부천시계),B-26,유출,외발산사거리->오쇠삼거리,7104.0,37.54318,126.8123,13시,581.0
0,20180128.0,일,오정로(부천시계),B-26,유출,외발산사거리->오쇠삼거리,7104.0,37.54318,126.8123,14시,577.0
0,20180128.0,일,오정로(부천시계),B-26,유출,외발산사거리->오쇠삼거리,7104.0,37.54318,126.8123,15시,724.0
0,20180128.0,일,오정로(부천시계),B-26,유출,외발산사거리->오쇠삼거리,7104.0,37.54318,126.8123,16시,724.0
0,20180128.0,일,오정로(부천시계),B-26,유출,외발산사거리->오쇠삼거리,7104.0,37.54318,126.8123,17시,717.0
0,20180128.0,일,오정로(부천시계),B-26,유출,외발산사거리->오쇠삼거리,7104.0,37.54318,126.8123,18시,608.0
0,20180128.0,일,오정로(부천시계),B-26,유출,외발산사거리->오쇠삼거리,7104.0,37.54318,126.8123,19시,559.0
0,20180128.0,일,오정로(부천시계),B-26,유출,외발산사거리->오쇠삼거리,7104.0,37.54318,126.8123,20시,452.0
0,20180129.0,월,오정로(부천시계),B-26,유출,외발산사거리->오쇠삼거리,10041.0,37.54318,126.8123,8시,856.0
0,20180129.0,월,오정로(부천시계),B-26,유출,외발산사거리->오쇠삼거리,10041.0,37.54318,126.8123,9시,663.0
0,20180129.0,월,오정로(부천시계),B-26,유출,외발산사거리->오쇠삼거리,10041.0,37.54318,126.8123,10시,633.0
0,20180129.0,월,오정로(부천시계),B-26,유출,외발산사거리->오쇠삼거리,10041.0,37.54318,126.8123,11시,620.0
0,20180129.0,월,오정로(부천시계),B-26,유출,외발산사거리->오쇠삼거리,10041.0,37.54318,126.8123,12시,657.0
0,20180129.0,월,오정로(부천시계),B-26,유출,외발산사거리->오쇠삼거리,10041.0,37.54318,126.8123,13시,671.0
0,20180129.0,월,오정로(부천시계),B-26,유출,외발산사거리->오쇠삼거리,10041.0,37.54318,126.8123,14시,654.0
0,20180129.0,월,오정로(부천시계),B-26,유출,외발산사거리->오쇠삼거리,10041.0,37.54318,126.8123,15시,719.0
0,20180129.0,월,오정로(부천시계),B-26,유출,외발산사거리->오쇠삼거리,10041.0,37.54318,126.8123,16시,819.0
0,20180129.0,월,오정로(부천시계),B-26,유출,외발산사거리->오쇠삼거리,10041.0,37.54318,126.8123,17시,1109.0
0,20180129.0,월,오정로(부천시계),B-26,유출,외발산사거리->오쇠삼거리,10041.0,37.54318,126.8123,18시,1203.0
0,20180129.0,월,오정로(부천시계),B-26,유출,외발산사거리->오쇠삼거리,10041.0,37.54318,126.8123,19시,877.0
0,20180129.0,월,오정로(부천시계),B-26,유출,외발산사거리->오쇠삼거리,10041.0,37.54318,126.8123,20시,560.0
0,20180130.0,화,오정로(부천시계),B-26,유출,외발산사거리->오쇠삼거리,9295.0,37.54318,126.8123,8시,796.0
0,20180130.0,화,오정로(부천시계),B-26,유출,외발산사거리->오쇠삼거리,9295.0,37.54318,126.8123,9시,613.0
0,20180130.0,화,오정로(부천시계),B-26,유출,외발산사거리->오쇠삼거리,9295.0,37.54318,126.8123,10시,657.0
0,20180130.0,화,오정로(부천시계),B-26,유출,외발산사거리->오쇠삼거리,9295.0,37.54318,126.8123,11시,680.0
0,20180130.0,화,오정로(부천시계),B-26,유출,외발산사거리->오쇠삼거리,9295.0,37.54318,126.8123,12시,635.0
0,20180130.0,화,오정로(부천시계),B-26,유출,외발산사거리->오쇠삼거리,9295.0,37.54318,126.8123,13시,669.0
0,20180130.0,화,오정로(부천시계),B-26,유출,외발산사거리->오쇠삼거리,9295.0,37.54318,126.8123,14시,641.0
0,20180130.0,화,오정로(부천시계),B-26,유출,외발산사거리->오쇠삼거리,9295.0,37.54318,126.8123,15시,765.0
0,20180130.0,화,오정로(부천시계),B-26,유출,외발산사거리->오쇠삼거리,9295.0,37.54318,126.8123,16시,859.0
0,20180130.0,화,오정로(부천시계),B-26,유출,외발산사거리->오쇠삼거리,9295.0,37.54318,126.8123,17시,871.0
0,20180130.0,화,오정로(부천시계),B-26,유출,외발산사거리->오쇠삼거리,9295.0,37.54318,126.8123,18시,750.0
0,20180130.0,화,오정로(부천시계),B-26,유출,외발산사거리->오쇠삼거리,9295.0,37.54318,126.8123,19시,832.0
0,20180130.0,화,오정로(부천시계),B-26,유출,외발산사거리->오쇠삼거리,9295.0,37.54318,126.8123,20시,527.0
0,20180131.0,수,오정로(부천시계),B-26,유출,외발산사거리->오쇠삼거리,9617.0,37.54318,126.8123,8시,705.0
0,20180131.0,수,오정로(부천시계),B-26,유출,외발산사거리->오쇠삼거리,9617.0,37.54318,126.8123,9시,619.0
0,20180131.0,수,오정로(부천시계),B-26,유출,외발산사거리->오쇠삼거리,9617.0,37.54318,126.8123,10시,678.0
0,20180131.0,수,오정로(부천시계),B-26,유출,외발산사거리->오쇠삼거리,9617.0,37.54318,126.8123,11시,615.0
0,20180131.0,수,오정로(부천시계),B-26,유출,외발산사거리->오쇠삼거리,9617.0,37.54318,126.8123,12시,612.0
0,20180131.0,수,오정로(부천시계),B-26,유출,외발산사거리->오쇠삼거리,9617.0,37.54318,126.8123,13시,588.0
0,20180131.0,수,오정로(부천시계),B-26,유출,외발산사거리->오쇠삼거리,9617.0,37.54318,126.8123,14시,462.0
0,20180131.0,수,오정로(부천시계),B-26,유출,외발산사거리->오쇠삼거리,9617.0,37.54318,126.8123,15시,756.0
0,20180131.0,수,오정로(부천시계),B-26,유출,외발산사거리->오쇠삼거리,9617.0,37.54318,126.8123,16시,833.0
0,20180131.0,수,오정로(부천시계),B-26,유출,외발산사거리->오쇠삼거리,9617.0,37.54318,126.8123,17시,1099.0
0,20180131.0,수,오정로(부천시계),B-26,유출,외발산사거리->오쇠삼거리,9617.0,37.54318,126.8123,18시,1181.0
0,20180131.0,수,오정로(부천시계),B-26,유출,외발산사거리->오쇠삼거리,9617.0,37.54318,126.8123,19시,854.0
0,20180131.0,수,오정로(부천시계),B-26,유출,외발산사거리->오쇠삼거리,9617.0,37.54318,126.8123,20시,615.0
0,20180201.0,목,오정로(부천시계),B-26,유입,오쇠삼거리->외발산사거리,7653.0,37.54318,126.8123,8시,891.0
0,20180201.0,목,오정로(부천시계),B-26,유입,오쇠삼거리->외발산사거리,7653.0,37.54318,126.8123,9시,706.0
0,20180201.0,목,오정로(부천시계),B-26,유입,오쇠삼거리->외발산사거리,7653.0,37.54318,126.8123,10시,594.0
0,20180201.0,목,오정로(부천시계),B-26,유입,오쇠삼거리->외발산사거리,7653.0,37.54318,126.8123,11시,644.0
0,20180201.0,목,오정로(부천시계),B-26,유입,오쇠삼거리->외발산사거리,7653.0,37.54318,126.8123,12시,489.0
0,20180201.0,목,오정로(부천시계),B-26,유입,오쇠삼거리->외발산사거리,7653.0,37.54318,126.8123,13시,553.0
0,20180201.0,목,오정로(부천시계),B-26,유입,오쇠삼거리->외발산사거리,7653.0,37.54318,126.8123,14시,522.0
0,20180201.0,목,오정로(부천시계),B-26,유입,오쇠삼거리->외발산사거리,7653.0,37.54318,126.8123,15시,572.0
0,20180201.0,목,오정로(부천시계),B-26,유입,오쇠삼거리->외발산사거리,7653.0,37.54318,126.8123,16시,511.0
0,20180201.0,목,오정로(부천시계),B-26,유입,오쇠삼거리->외발산사거리,7653.0,37.54318,126.8123,17시,669.0
0,20180201.0,목,오정로(부천시계),B-26,유입,오쇠삼거리->외발산사거리,7653.0,37.54318,126.8123,18시,631.0
0,20180201.0,목,오정로(부천시계),B-26,유입,오쇠삼거리->외발산사거리,7653.0,37.54318,126.8123,19시,489.0
0,20180201.0,목,오정로(부천시계),B-26,유입,오쇠삼거리->외발산사거리,7653.0,37.54318,126.8123,20시,382.0
0,20180202.0,금,오정로(부천시계),B-26,유입,오쇠삼거리->외발산사거리,7939.0,37.54318,126.8123,8시,951.0
0,20180202.0,금,오정로(부천시계),B-26,유입,오쇠삼거리->외발산사거리,7939.0,37.54318,126.8123,9시,703.0
0,20180202.0,금,오정로(부천시계),B-26,유입,오쇠삼거리->외발산사거리,7939.0,37.54318,126.8123,10시,598.0
0,20180202.0,금,오정로(부천시계),B-26,유입,오쇠삼거리->외발산사거리,7939.0,37.54318,126.8123,11시,595.0
0,20180202.0,금,오정로(부천시계),B-26,유입,오쇠삼거리->외발산사거리,7939.0,37.54318,126.8123,12시,525.0
0,20180202.0,금,오정로(부천시계),B-26,유입,오쇠삼거리->외발산사거리,7939.0,37.54318,126.8123,13시,574.0
0,20180202.0,금,오정로(부천시계),B-26,유입,오쇠삼거리->외발산사거리,7939.0,37.54318,126.8123,14시,581.0
0,20180202.0,금,오정로(부천시계),B-26,유입,오쇠삼거리->외발산사거리,7939.0,37.54318,126.8123,15시,581.0
0,20180202.0,금,오정로(부천시계),B-26,유입,오쇠삼거리->외발산사거리,7939.0,37.54318,126.8123,16시,610.0
0,20180202.0,금,오정로(부천시계),B-26,유입,오쇠삼거리->외발산사거리,7939.0,37.54318,126.8123,17시,744.0
0,20180202.0,금,오정로(부천시계),B-26,유입,오쇠삼거리->외발산사거리,7939.0,37.54318,126.8123,18시,578.0
0,20180202.0,금,오정로(부천시계),B-26,유입,오쇠삼거리->외발산사거리,7939.0,37.54318,126.8123,19시,486.0
0,20180202.0,금,오정로(부천시계),B-26,유입,오쇠삼거리->외발산사거리,7939.0,37.54318,126.8123,20시,413.0
0,20180203.0,토,오정로(부천시계),B-26,유입,오쇠삼거리->외발산사거리,7271.0,37.54318,126.8123,8시,518.0
0,20180203.0,토,오정로(부천시계),B-26,유입,오쇠삼거리->외발산사거리,7271.0,37.54318,126.8123,9시,571.0
0,20180203.0,토,오정로(부천시계),B-26,유입,오쇠삼거리->외발산사거리,7271.0,37.54318,126.8123,10시,595.0
0,20180203.0,토,오정로(부천시계),B-26,유입,오쇠삼거리->외발산사거리,7271.0,37.54318,126.8123,11시,633.0
0,20180203.0,토,오정로(부천시계),B-26,유입,오쇠삼거리->외발산사거리,7271.0,37.54318,126.8123,12시,607.0
0,20180203.0,토,오정로(부천시계),B-26,유입,오쇠삼거리->외발산사거리,7271.0,37.54318,126.8123,13시,636.0
0,20180203.0,토,오정로(부천시계),B-26,유입,오쇠삼거리->외발산사거리,7271.0,37.54318,126.8123,14시,689.0
0,20180203.0,토,오정로(부천시계),B-26,유입,오쇠삼거리->외발산사거리,7271.0,37.54318,126.8123,15시,630.0
0,20180203.0,토,오정로(부천시계),B-26,유입,오쇠삼거리->외발산사거리,7271.0,37.54318,126.8123,16시,594.0
0,20180203.0,토,오정로(부천시계),B-26,유입,오쇠삼거리->외발산사거리,7271.0,37.54318,126.8123,17시,572.0
0,20180203.0,토,오정로(부천시계),B-26,유입,오쇠삼거리->외발산사거리,7271.0,37.54318,126.8123,18시,529.0
0,20180203.0,토,오정로(부천시계),B-26,유입,오쇠삼거리->외발산사거리,7271.0,37.54318,126.8123,19시,379.0
0,20180203.0,토,오정로(부천시계),B-26,유입,오쇠삼거리->외발산사거리,7271.0,37.54318,126.8123,20시,318.0
0,20180204.0,일,오정로(부천시계),B-26,유입,오쇠삼거리->외발산사거리,5748.0,37.54318,126.8123,8시,330.0
0,20180204.0,일,오정로(부천시계),B-26,유입,오쇠삼거리->외발산사거리,5748.0,37.54318,126.8123,9시,431.0
0,20180204.0,일,오정로(부천시계),B-26,유입,오쇠삼거리->외발산사거리,5748.0,37.54318,126.8123,10시,477.0
0,20180204.0,일,오정로(부천시계),B-26,유입,오쇠삼거리->외발산사거리,5748.0,37.54318,126.8123,11시,451.0
0,20180204.0,일,오정로(부천시계),B-26,유입,오쇠삼거리->외발산사거리,5748.0,37.54318,126.8123,12시,457.0
0,20180204.0,일,오정로(부천시계),B-26,유입,오쇠삼거리->외발산사거리,5748.0,37.54318,126.8123,13시,539.0
0,20180204.0,일,오정로(부천시계),B-26,유입,오쇠삼거리->외발산사거리,5748.0,37.54318,126.8123,14시,488.0
0,20180204.0,일,오정로(부천시계),B-26,유입,오쇠삼거리->외발산사거리,5748.0,37.54318,126.8123,15시,534.0
0,20180204.0,일,오정로(부천시계),B-26,유입,오쇠삼거리->외발산사거리,5748.0,37.54318,126.8123,16시,526.0
0,20180204.0,일,오정로(부천시계),B-26,유입,오쇠삼거리->외발산사거리,5748.0,37.54318,126.8123,17시,456.0
0,20180204.0,일,오정로(부천시계),B-26,유입,오쇠삼거리->외발산사거리,5748.0,37.54318,126.8123,18시,414.0
0,20180204.0,일,오정로(부천시계),B-26,유입,오쇠삼거리->외발산사거리,5748.0,37.54318,126.8123,19시,346.0
0,20180204.0,일,오정로(부천시계),B-26,유입,오쇠삼거리->외발산사거리,5748.0,37.54318,126.8123,20시,299.0
0,20180205.0,월,오정로(부천시계),B-26,유입,오쇠삼거리->외발산사거리,7529.0,37.54318,126.8123,8시,890.0
0,20180205.0,월,오정로(부천시계),B-26,유입,오쇠삼거리->외발산사거리,7529.0,37.54318,126.8123,9시,703.0
0,20180205.0,월,오정로(부천시계),B-26,유입,오쇠삼거리->외발산사거리,7529.0,37.54318,126.8123,10시,548.0
0,20180205.0,월,오정로(부천시계),B-26,유입,오쇠삼거리->외발산사거리,7529.0,37.54318,126.8123,11시,628.0
0,20180205.0,월,오정로(부천시계),B-26,유입,오쇠삼거리->외발산사거리,7529.0,37.54318,126.8123,12시,536.0
0,20180205.0,월,오정로(부천시계),B-26,유입,오쇠삼거리->외발산사거리,7529.0,37.54318,126.8123,13시,556.0
0,20180205.0,월,오정로(부천시계),B-26,유입,오쇠삼거리->외발산사거리,7529.0,37.54318,126.8123,14시,528.0
0,20180205.0,월,오정로(부천시계),B-26,유입,오쇠삼거리->외발산사거리,7529.0,37.54318,126.8123,15시,513.0
0,20180205.0,월,오정로(부천시계),B-26,유입,오쇠삼거리->외발산사거리,7529.0,37.54318,126.8123,16시,547.0
0,20180205.0,월,오정로(부천시계),B-26,유입,오쇠삼거리->외발산사거리,7529.0,37.54318,126.8123,17시,608.0
0,20180205.0,월,오정로(부천시계),B-26,유입,오쇠삼거리->외발산사거리,7529.0,37.54318,126.8123,18시,605.0
0,20180205.0,월,오정로(부천시계),B-26,유입,오쇠삼거리->외발산사거리,7529.0,37.54318,126.8123,19시,520.0
0,20180205.0,월,오정로(부천시계),B-26,유입,오쇠삼거리->외발산사거리,7529.0,37.54318,126.8123,20시,347.0
0,20180206.0,화,오정로(부천시계),B-26,유입,오쇠삼거리->외발산사거리,7534.0,37.54318,126.8123,8시,866.0
0,20180206.0,화,오정로(부천시계),B-26,유입,오쇠삼거리->외발산사거리,7534.0,37.54318,126.8123,9시,798.0
0,20180206.0,화,오정로(부천시계),B-26,유입,오쇠삼거리->외발산사거리,7534.0,37.54318,126.8123,10시,570.0
0,20180206.0,화,오정로(부천시계),B-26,유입,오쇠삼거리->외발산사거리,7534.0,37.54318,126.8123,11시,576.0
0,20180206.0,화,오정로(부천시계),B-26,유입,오쇠삼거리->외발산사거리,7534.0,37.54318,126.8123,12시,566.0
0,20180206.0,화,오정로(부천시계),B-26,유입,오쇠삼거리->외발산사거리,7534.0,37.54318,126.8123,13시,514.0
0,20180206.0,화,오정로(부천시계),B-26,유입,오쇠삼거리->외발산사거리,7534.0,37.54318,126.8123,14시,507.0
0,20180206.0,화,오정로(부천시계),B-26,유입,오쇠삼거리->외발산사거리,7534.0,37.54318,126.8123,15시,497.0
0,20180206.0,화,오정로(부천시계),B-26,유입,오쇠삼거리->외발산사거리,7534.0,37.54318,126.8123,16시,534.0
0,20180206.0,화,오정로(부천시계),B-26,유입,오쇠삼거리->외발산사거리,7534.0,37.54318,126.8123,17시,634.0
0,20180206.0,화,오정로(부천시계),B-26,유입,오쇠삼거리->외발산사거리,7534.0,37.54318,126.8123,18시,595.0
0,20180206.0,화,오정로(부천시계),B-26,유입,오쇠삼거리->외발산사거리,7534.0,37.54318,126.8123,19시,507.0
0,20180206.0,화,오정로(부천시계),B-26,유입,오쇠삼거리->외발산사거리,7534.0,37.54318,126.8123,20시,370.0
0,20180207.0,수,오정로(부천시계),B-26,유입,오쇠삼거리->외발산사거리,7903.0,37.54318,126.8123,8시,853.0
0,20180207.0,수,오정로(부천시계),B-26,유입,오쇠삼거리->외발산사거리,7903.0,37.54318,126.8123,9시,759.0
0,20180207.0,수,오정로(부천시계),B-26,유입,오쇠삼거리->외발산사거리,7903.0,37.54318,126.8123,10시,626.0
0,20180207.0,수,오정로(부천시계),B-26,유입,오쇠삼거리->외발산사거리,7903.0,37.54318,126.8123,11시,682.0
0,20180207.0,수,오정로(부천시계),B-26,유입,오쇠삼거리->외발산사거리,7903.0,37.54318,126.8123,12시,527.0
0,20180207.0,수,오정로(부천시계),B-26,유입,오쇠삼거리->외발산사거리,7903.0,37.54318,126.8123,13시,568.0
0,20180207.0,수,오정로(부천시계),B-26,유입,오쇠삼거리->외발산사거리,7903.0,37.54318,126.8123,14시,551.0
0,20180207.0,수,오정로(부천시계),B-26,유입,오쇠삼거리->외발산사거리,7903.0,37.54318,126.8123,15시,575.0
0,20180207.0,수,오정로(부천시계),B-26,유입,오쇠삼거리->외발산사거리,7903.0,37.54318,126.8123,16시,541.0
0,20180207.0,수,오정로(부천시계),B-26,유입,오쇠삼거리->외발산사거리,7903.0,37.54318,126.8123,17시,658.0
0,20180207.0,수,오정로(부천시계),B-26,유입,오쇠삼거리->외발산사거리,7903.0,37.54318,126.8123,18시,604.0
0,20180207.0,수,오정로(부천시계),B-26,유입,오쇠삼거리->외발산사거리,7903.0,37.54318,126.8123,19시,542.0
0,20180207.0,수,오정로(부천시계),B-26,유입,오쇠삼거리->외발산사거리,7903.0,37.54318,126.8123,20시,417.0
0,20180208.0,목,오정로(부천시계),B-26,유입,오쇠삼거리->외발산사거리,7770.0,37.54318,126.8123,8시,901.0
0,20180208.0,목,오정로(부천시계),B-26,유입,오쇠삼거리->외발산사거리,7770.0,37.54318,126.8123,9시,676.0
0,20180208.0,목,오정로(부천시계),B-26,유입,오쇠삼거리->외발산사거리,7770.0,37.54318,126.8123,10시,602.0
0,20180208.0,목,오정로(부천시계),B-26,유입,오쇠삼거리->외발산사거리,7770.0,37.54318,126.8123,11시,609.0
0,20180208.0,목,오정로(부천시계),B-26,유입,오쇠삼거리->외발산사거리,7770.0,37.54318,126.8123,12시,565.0
0,20180208.0,목,오정로(부천시계),B-26,유입,오쇠삼거리->외발산사거리,7770.0,37.54318,126.8123,13시,585.0
0,20180208.0,목,오정로(부천시계),B-26,유입,오쇠삼거리->외발산사거리,7770.0,37.54318,126.8123,14시,539.0
0,20180208.0,목,오정로(부천시계),B-26,유입,오쇠삼거리->외발산사거리,7770.0,37.54318,126.8123,15시,574.0
0,20180208.0,목,오정로(부천시계),B-26,유입,오쇠삼거리->외발산사거리,7770.0,37.54318,126.8123,16시,539.0
0,20180208.0,목,오정로(부천시계),B-26,유입,오쇠삼거리->외발산사거리,7770.0,37.54318,126.8123,17시,657.0
0,20180208.0,목,오정로(부천시계),B-26,유입,오쇠삼거리->외발산사거리,7770.0,37.54318,126.8123,18시,598.0
0,20180208.0,목,오정로(부천시계),B-26,유입,오쇠삼거리->외발산사거리,7770.0,37.54318,126.8123,19시,544.0
0,20180208.0,목,오정로(부천시계),B-26,유입,오쇠삼거리->외발산사거리,7770.0,37.54318,126.8123,20시,381.0
0,20180209.0,금,오정로(부천시계),B-26,유입,오쇠삼거리->외발산사거리,7849.0,37.54318,126.8123,8시,870.0
0,20180209.0,금,오정로(부천시계),B-26,유입,오쇠삼거리->외발산사거리,7849.0,37.54318,126.8123,9시,660.0
0,20180209.0,금,오정로(부천시계),B-26,유입,오쇠삼거리->외발산사거리,7849.0,37.54318,126.8123,10시,602.0
0,20180209.0,금,오정로(부천시계),B-26,유입,오쇠삼거리->외발산사거리,7849.0,37.54318,126.8123,11시,623.0
0,20180209.0,금,오정로(부천시계),B-26,유입,오쇠삼거리->외발산사거리,7849.0,37.54318,126.8123,12시,557.0
0,20180209.0,금,오정로(부천시계),B-26,유입,오쇠삼거리->외발산사거리,7849.0,37.54318,126.8123,13시,557.0
0,20180209.0,금,오정로(부천시계),B-26,유입,오쇠삼거리->외발산사거리,7849.0,37.54318,126.8123,14시,544.0
0,20180209.0,금,오정로(부천시계),B-26,유입,오쇠삼거리->외발산사거리,7849.0,37.54318,126.8123,15시,604.0
0,20180209.0,금,오정로(부천시계),B-26,유입,오쇠삼거리->외발산사거리,7849.0,37.54318,126.8123,16시,609.0
0,20180209.0,금,오정로(부천시계),B-26,유입,오쇠삼거리->외발산사거리,7849.0,37.54318,126.8123,17시,750.0
0,20180209.0,금,오정로(부천시계),B-26,유입,오쇠삼거리->외발산사거리,7849.0,37.54318,126.8123,18시,542.0
0,20180209.0,금,오정로(부천시계),B-26,유입,오쇠삼거리->외발산사거리,7849.0,37.54318,126.8123,19시,532.0
0,20180209.0,금,오정로(부천시계),B-26,유입,오쇠삼거리->외발산사거리,7849.0,37.54318,126.8123,20시,399.0
0,20180210.0,토,오정로(부천시계),B-26,유입,오쇠삼거리->외발산사거리,7179.0,37.54318,126.8123,8시,572.0
0,20180210.0,토,오정로(부천시계),B-26,유입,오쇠삼거리->외발산사거리,7179.0,37.54318,126.8123,9시,624.0
0,20180210.0,토,오정로(부천시계),B-26,유입,오쇠삼거리->외발산사거리,7179.0,37.54318,126.8123,10시,622.0
0,20180210.0,토,오정로(부천시계),B-26,유입,오쇠삼거리->외발산사거리,7179.0,37.54318,126.8123,11시,600.0
0,20180210.0,토,오정로(부천시계),B-26,유입,오쇠삼거리->외발산사거리,7179.0,37.54318,126.8123,12시,625.0
0,20180210.0,토,오정로(부천시계),B-26,유입,오쇠삼거리->외발산사거리,7179.0,37.54318,126.8123,13시,669.0
0,20180210.0,토,오정로(부천시계),B-26,유입,오쇠삼거리->외발산사거리,7179.0,37.54318,126.8123,14시,522.0
0,20180210.0,토,오정로(부천시계),B-26,유입,오쇠삼거리->외발산사거리,7179.0,37.54318,126.8123,15시,614.0
0,20180210.0,토,오정로(부천시계),B-26,유입,오쇠삼거리->외발산사거리,7179.0,37.54318,126.8123,16시,590.0
0,20180210.0,토,오정로(부천시계),B-26,유입,오쇠삼거리->외발산사거리,7179.0,37.54318,126.8123,17시,581.0
0,20180210.0,토,오정로(부천시계),B-26,유입,오쇠삼거리->외발산사거리,7179.0,37.54318,126.8123,18시,469.0
0,20180210.0,토,오정로(부천시계),B-26,유입,오쇠삼거리->외발산사거리,7179.0,37.54318,126.8123,19시,361.0
0,20180210.0,토,오정로(부천시계),B-26,유입,오쇠삼거리->외발산사거리,7179.0,37.54318,126.8123,20시,330.0
0,20180211.0,일,오정로(부천시계),B-26,유입,오쇠삼거리->외발산사거리,5839.0,37.54318,126.8123,8시,369.0
0,20180211.0,일,오정로(부천시계),B-26,유입,오쇠삼거리->외발산사거리,5839.0,37.54318,126.8123,9시,422.0
0,20180211.0,일,오정로(부천시계),B-26,유입,오쇠삼거리->외발산사거리,5839.0,37.54318,126.8123,10시,507.0
0,20180211.0,일,오정로(부천시계),B-26,유입,오쇠삼거리->외발산사거리,5839.0,37.54318,126.8123,11시,500.0
0,20180211.0,일,오정로(부천시계),B-26,유입,오쇠삼거리->외발산사거리,5839.0,37.54318,126.8123,12시,474.0
0,20180211.0,일,오정로(부천시계),B-26,유입,오쇠삼거리->외발산사거리,5839.0,37.54318,126.8123,13시,532.0
0,20180211.0,일,오정로(부천시계),B-26,유입,오쇠삼거리->외발산사거리,5839.0,37.54318,126.8123,14시,481.0
0,20180211.0,일,오정로(부천시계),B-26,유입,오쇠삼거리->외발산사거리,5839.0,37.54318,126.8123,15시,524.0
0,20180211.0,일,오정로(부천시계),B-26,유입,오쇠삼거리->외발산사거리,5839.0,37.54318,126.8123,16시,502.0
0,20180211.0,일,오정로(부천시계),B-26,유입,오쇠삼거리->외발산사거리,5839.0,37.54318,126.8123,17시,469.0
0,20180211.0,일,오정로(부천시계),B-26,유입,오쇠삼거리->외발산사거리,5839.0,37.54318,126.8123,18시,436.0
0,20180211.0,일,오정로(부천시계),B-26,유입,오쇠삼거리->외발산사거리,5839.0,37.54318,126.8123,19시,314.0
0,20180211.0,일,오정로(부천시계),B-26,유입,오쇠삼거리->외발산사거리,5839.0,37.54318,126.8123,20시,309.0
0,20180212.0,월,오정로(부천시계),B-26,유입,오쇠삼거리->외발산사거리,7980.0,37.54318,126.8123,8시,876.0
0,20180212.0,월,오정로(부천시계),B-26,유입,오쇠삼거리->외발산사거리,7980.0,37.54318,126.8123,9시,706.0
0,20180212.0,월,오정로(부천시계),B-26,유입,오쇠삼거리->외발산사거리,7980.0,37.54318,126.8123,10시,639.0
0,20180212.0,월,오정로(부천시계),B-26,유입,오쇠삼거리->외발산사거리,7980.0,37.54318,126.8123,11시,652.0
0,20180212.0,월,오정로(부천시계),B-26,유입,오쇠삼거리->외발산사거리,7980.0,37.54318,126.8123,12시,580.0
0,20180212.0,월,오정로(부천시계),B-26,유입,오쇠삼거리->외발산사거리,7980.0,37.54318,126.8123,13시,580.0
0,20180212.0,월,오정로(부천시계),B-26,유입,오쇠삼거리->외발산사거리,7980.0,37.54318,126.8123,14시,511.0
0,20180212.0,월,오정로(부천시계),B-26,유입,오쇠삼거리->외발산사거리,7980.0,37.54318,126.8123,15시,580.0
0,20180212.0,월,오정로(부천시계),B-26,유입,오쇠삼거리->외발산사거리,7980.0,37.54318,126.8123,16시,606.0
0,20180212.0,월,오정로(부천시계),B-26,유입,오쇠삼거리->외발산사거리,7980.0,37.54318,126.8123,17시,673.0
0,20180212.0,월,오정로(부천시계),B-26,유입,오쇠삼거리->외발산사거리,7980.0,37.54318,126.8123,18시,607.0
0,20180212.0,월,오정로(부천시계),B-26,유입,오쇠삼거리->외발산사거리,7980.0,37.54318,126.8123,19시,562.0
0,20180212.0,월,오정로(부천시계),B-26,유입,오쇠삼거리->외발산사거리,7980.0,37.54318,126.8123,20시,408.0
0,20180213.0,화,오정로(부천시계),B-26,유입,오쇠삼거리->외발산사거리,8391.0,37.54318,126.8123,8시,894.0
0,20180213.0,화,오정로(부천시계),B-26,유입,오쇠삼거리->외발산사거리,8391.0,37.54318,126.8123,9시,776.0
0,20180213.0,화,오정로(부천시계),B-26,유입,오쇠삼거리->외발산사거리,8391.0,37.54318,126.8123,10시,747.0
0,20180213.0,화,오정로(부천시계),B-26,유입,오쇠삼거리->외발산사거리,8391.0,37.54318,126.8123,11시,666.0
0,20180213.0,화,오정로(부천시계),B-26,유입,오쇠삼거리->외발산사거리,8391.0,37.54318,126.8123,12시,643.0
0,20180213.0,화,오정로(부천시계),B-26,유입,오쇠삼거리->외발산사거리,8391.0,37.54318,126.8123,13시,623.0
0,20180213.0,화,오정로(부천시계),B-26,유입,오쇠삼거리->외발산사거리,8391.0,37.54318,126.8123,14시,603.0
0,20180213.0,화,오정로(부천시계),B-26,유입,오쇠삼거리->외발산사거리,8391.0,37.54318,126.8123,15시,606.0
0,20180213.0,화,오정로(부천시계),B-26,유입,오쇠삼거리->외발산사거리,8391.0,37.54318,126.8123,16시,629.0
0,20180213.0,화,오정로(부천시계),B-26,유입,오쇠삼거리->외발산사거리,8391.0,37.54318,126.8123,17시,743.0
0,20180213.0,화,오정로(부천시계),B-26,유입,오쇠삼거리->외발산사거리,8391.0,37.54318,126.8123,18시,568.0
0,20180213.0,화,오정로(부천시계),B-26,유입,오쇠삼거리->외발산사거리,8391.0,37.54318,126.8123,19시,493.0
0,20180213.0,화,오정로(부천시계),B-26,유입,오쇠삼거리->외발산사거리,8391.0,37.54318,126.8123,20시,400.0
0,20180214.0,수,오정로(부천시계),B-26,유입,오쇠삼거리->외발산사거리,8296.0,37.54318,126.8123,8시,839.0
0,20180214.0,수,오정로(부천시계),B-26,유입,오쇠삼거리->외발산사거리,8296.0,37.54318,126.8123,9시,740.0
0,20180214.0,수,오정로(부천시계),B-26,유입,오쇠삼거리->외발산사거리,8296.0,37.54318,126.8123,10시,682.0
0,20180214.0,수,오정로(부천시계),B-26,유입,오쇠삼거리->외발산사거리,8296.0,37.54318,126.8123,11시,715.0
0,20180214.0,수,오정로(부천시계),B-26,유입,오쇠삼거리->외발산사거리,8296.0,37.54318,126.8123,12시,599.0
0,20180214.0,수,오정로(부천시계),B-26,유입,오쇠삼거리->외발산사거리,8296.0,37.54318,126.8123,13시,633.0
0,20180214.0,수,오정로(부천시계),B-26,유입,오쇠삼거리->외발산사거리,8296.0,37.54318,126.8123,14시,555.0
0,20180214.0,수,오정로(부천시계),B-26,유입,오쇠삼거리->외발산사거리,8296.0,37.54318,126.8123,15시,662.0
0,20180214.0,수,오정로(부천시계),B-26,유입,오쇠삼거리->외발산사거리,8296.0,37.54318,126.8123,16시,665.0
0,20180214.0,수,오정로(부천시계),B-26,유입,오쇠삼거리->외발산사거리,8296.0,37.54318,126.8123,17시,780.0
0,20180214.0,수,오정로(부천시계),B-26,유입,오쇠삼거리->외발산사거리,8296.0,37.54318,126.8123,18시,519.0
0,20180214.0,수,오정로(부천시계),B-26,유입,오쇠삼거리->외발산사거리,8296.0,37.54318,126.8123,19시,527.0
0,20180214.0,수,오정로(부천시계),B-26,유입,오쇠삼거리->외발산사거리,8296.0,37.54318,126.8123,20시,380.0
0,20180215.0,목,오정로(부천시계),B-26,유입,오쇠삼거리->외발산사거리,6572.0,37.54318,126.8123,8시,383.0
0,20180215.0,목,오정로(부천시계),B-26,유입,오쇠삼거리->외발산사거리,6572.0,37.54318,126.8123,9시,448.0
0,20180215.0,목,오정로(부천시계),B-26,유입,오쇠삼거리->외발산사거리,6572.0,37.54318,126.8123,10시,541.0
0,20180215.0,목,오정로(부천시계),B-26,유입,오쇠삼거리->외발산사거리,6572.0,37.54318,126.8123,11시,628.0
0,20180215.0,목,오정로(부천시계),B-26,유입,오쇠삼거리->외발산사거리,6572.0,37.54318,126.8123,12시,643.0
0,20180215.0,목,오정로(부천시계),B-26,유입,오쇠삼거리->외발산사거리,6572.0,37.54318,126.8123,13시,700.0
0,20180215.0,목,오정로(부천시계),B-26,유입,오쇠삼거리->외발산사거리,6572.0,37.54318,126.8123,14시,550.0
0,20180215.0,목,오정로(부천시계),B-26,유입,오쇠삼거리->외발산사거리,6572.0,37.54318,126.8123,15시,568.0
0,20180215.0,목,오정로(부천시계),B-26,유입,오쇠삼거리->외발산사거리,6572.0,37.54318,126.8123,16시,570.0
0,20180215.0,목,오정로(부천시계),B-26,유입,오쇠삼거리->외발산사거리,6572.0,37.54318,126.8123,17시,532.0
0,20180215.0,목,오정로(부천시계),B-26,유입,오쇠삼거리->외발산사거리,6572.0,37.54318,126.8123,18시,390.0
0,20180215.0,목,오정로(부천시계),B-26,유입,오쇠삼거리->외발산사거리,6572.0,37.54318,126.8123,19시,344.0
0,20180215.0,목,오정로(부천시계),B-26,유입,오쇠삼거리->외발산사거리,6572.0,37.54318,126.8123,20시,275.0
0,20180216.0,금,오정로(부천시계),B-26,유입,오쇠삼거리->외발산사거리,7708.0,37.54318,126.8123,8시,511.0
0,20180216.0,금,오정로(부천시계),B-26,유입,오쇠삼거리->외발산사거리,7708.0,37.54318,126.8123,9시,433.0
0,20180216.0,금,오정로(부천시계),B-26,유입,오쇠삼거리->외발산사거리,7708.0,37.54318,126.8123,10시,518.0
0,20180216.0,금,오정로(부천시계),B-26,유입,오쇠삼거리->외발산사거리,7708.0,37.54318,126.8123,11시,789.0
0,20180216.0,금,오정로(부천시계),B-26,유입,오쇠삼거리->외발산사거리,7708.0,37.54318,126.8123,12시,890.0
0,20180216.0,금,오정로(부천시계),B-26,유입,오쇠삼거리->외발산사거리,7708.0,37.54318,126.8123,13시,758.0
0,20180216.0,금,오정로(부천시계),B-26,유입,오쇠삼거리->외발산사거리,7708.0,37.54318,126.8123,14시,641.0
0,20180216.0,금,오정로(부천시계),B-26,유입,오쇠삼거리->외발산사거리,7708.0,37.54318,126.8123,15시,736.0
0,20180216.0,금,오정로(부천시계),B-26,유입,오쇠삼거리->외발산사거리,7708.0,37.54318,126.8123,16시,651.0
0,20180216.0,금,오정로(부천시계),B-26,유입,오쇠삼거리->외발산사거리,7708.0,37.54318,126.8123,17시,650.0
0,20180216.0,금,오정로(부천시계),B-26,유입,오쇠삼거리->외발산사거리,7708.0,37.54318,126.8123,18시,418.0
0,20180216.0,금,오정로(부천시계),B-26,유입,오쇠삼거리->외발산사거리,7708.0,37.54318,126.8123,19시,379.0
0,20180216.0,금,오정로(부천시계),B-26,유입,오쇠삼거리->외발산사거리,7708.0,37.54318,126.8123,20시,334.0
0,20180217.0,토,오정로(부천시계),B-26,유입,오쇠삼거리->외발산사거리,5982.0,37.54318,126.8123,8시,273.0
0,20180217.0,토,오정로(부천시계),B-26,유입,오쇠삼거리->외발산사거리,5982.0,37.54318,126.8123,9시,368.0
0,20180217.0,토,오정로(부천시계),B-26,유입,오쇠삼거리->외발산사거리,5982.0,37.54318,126.8123,10시,453.0
0,20180217.0,토,오정로(부천시계),B-26,유입,오쇠삼거리->외발산사거리,5982.0,37.54318,126.8123,11시,595.0
0,20180217.0,토,오정로(부천시계),B-26,유입,오쇠삼거리->외발산사거리,5982.0,37.54318,126.8123,12시,647.0
0,20180217.0,토,오정로(부천시계),B-26,유입,오쇠삼거리->외발산사거리,5982.0,37.54318,126.8123,13시,638.0
0,20180217.0,토,오정로(부천시계),B-26,유입,오쇠삼거리->외발산사거리,5982.0,37.54318,126.8123,14시,536.0
0,20180217.0,토,오정로(부천시계),B-26,유입,오쇠삼거리->외발산사거리,5982.0,37.54318,126.8123,15시,535.0
0,20180217.0,토,오정로(부천시계),B-26,유입,오쇠삼거리->외발산사거리,5982.0,37.54318,126.8123,16시,511.0
0,20180217.0,토,오정로(부천시계),B-26,유입,오쇠삼거리->외발산사거리,5982.0,37.54318,126.8123,17시,503.0
0,20180217.0,토,오정로(부천시계),B-26,유입,오쇠삼거리->외발산사거리,5982.0,37.54318,126.8123,18시,381.0
0,20180217.0,토,오정로(부천시계),B-26,유입,오쇠삼거리->외발산사거리,5982.0,37.54318,126.8123,19시,291.0
0,20180217.0,토,오정로(부천시계),B-26,유입,오쇠삼거리->외발산사거리,5982.0,37.54318,126.8123,20시,251.0
0,20180218.0,일,오정로(부천시계),B-26,유입,오쇠삼거리->외발산사거리,5600.0,37.54318,126.8123,8시,312.0
0,20180218.0,일,오정로(부천시계),B-26,유입,오쇠삼거리->외발산사거리,5600.0,37.54318,126.8123,9시,376.0
0,20180218.0,일,오정로(부천시계),B-26,유입,오쇠삼거리->외발산사거리,5600.0,37.54318,126.8123,10시,408.0
0,20180218.0,일,오정로(부천시계),B-26,유입,오쇠삼거리->외발산사거리,5600.0,37.54318,126.8123,11시,424.0
0,20180218.0,일,오정로(부천시계),B-26,유입,오쇠삼거리->외발산사거리,5600.0,37.54318,126.8123,12시,518.0
0,20180218.0,일,오정로(부천시계),B-26,유입,오쇠삼거리->외발산사거리,5600.0,37.54318,126.8123,13시,539.0
0,20180218.0,일,오정로(부천시계),B-26,유입,오쇠삼거리->외발산사거리,5600.0,37.54318,126.8123,14시,511.0
0,20180218.0,일,오정로(부천시계),B-26,유입,오쇠삼거리->외발산사거리,5600.0,37.54318,126.8123,15시,486.0
0,20180218.0,일,오정로(부천시계),B-26,유입,오쇠삼거리->외발산사거리,5600.0,37.54318,126.8123,16시,516.0
0,20180218.0,일,오정로(부천시계),B-26,유입,오쇠삼거리->외발산사거리,5600.0,37.54318,126.8123,17시,501.0
0,20180218.0,일,오정로(부천시계),B-26,유입,오쇠삼거리->외발산사거리,5600.0,37.54318,126.8123,18시,394.0
0,20180218.0,일,오정로(부천시계),B-26,유입,오쇠삼거리->외발산사거리,5600.0,37.54318,126.8123,19시,341.0
0,20180218.0,일,오정로(부천시계),B-26,유입,오쇠삼거리->외발산사거리,5600.0,37.54318,126.8123,20시,274.0
0,20180219.0,월,오정로(부천시계),B-26,유입,오쇠삼거리->외발산사거리,7378.0,37.54318,126.8123,8시,832.0
0,20180219.0,월,오정로(부천시계),B-26,유입,오쇠삼거리->외발산사거리,7378.0,37.54318,126.8123,9시,640.0
0,20180219.0,월,오정로(부천시계),B-26,유입,오쇠삼거리->외발산사거리,7378.0,37.54318,126.8123,10시,526.0
0,20180219.0,월,오정로(부천시계),B-26,유입,오쇠삼거리->외발산사거리,7378.0,37.54318,126.8123,11시,609.0
0,20180219.0,월,오정로(부천시계),B-26,유입,오쇠삼거리->외발산사거리,7378.0,37.54318,126.8123,12시,534.0
0,20180219.0,월,오정로(부천시계),B-26,유입,오쇠삼거리->외발산사거리,7378.0,37.54318,126.8123,13시,506.0
0,20180219.0,월,오정로(부천시계),B-26,유입,오쇠삼거리->외발산사거리,7378.0,37.54318,126.8123,14시,564.0
0,20180219.0,월,오정로(부천시계),B-26,유입,오쇠삼거리->외발산사거리,7378.0,37.54318,126.8123,15시,530.0
0,20180219.0,월,오정로(부천시계),B-26,유입,오쇠삼거리->외발산사거리,7378.0,37.54318,126.8123,16시,572.0
0,20180219.0,월,오정로(부천시계),B-26,유입,오쇠삼거리->외발산사거리,7378.0,37.54318,126.8123,17시,606.0
0,20180219.0,월,오정로(부천시계),B-26,유입,오쇠삼거리->외발산사거리,7378.0,37.54318,126.8123,18시,612.0
0,20180219.0,월,오정로(부천시계),B-26,유입,오쇠삼거리->외발산사거리,7378.0,37.54318,126.8123,19시,491.0
0,20180219.0,월,오정로(부천시계),B-26,유입,오쇠삼거리->외발산사거리,7378.0,37.54318,126.8123,20시,356.0
0,20180220.0,화,오정로(부천시계),B-26,유입,오쇠삼거리->외발산사거리,7816.0,37.54318,126.8123,8시,907.0
0,20180220.0,화,오정로(부천시계),B-26,유입,오쇠삼거리->외발산사거리,7816.0,37.54318,126.8123,9시,722.0
0,20180220.0,화,오정로(부천시계),B-26,유입,오쇠삼거리->외발산사거리,7816.0,37.54318,126.8123,10시,578.0
0,20180220.0,화,오정로(부천시계),B-26,유입,오쇠삼거리->외발산사거리,7816.0,37.54318,126.8123,11시,603.0
0,20180220.0,화,오정로(부천시계),B-26,유입,오쇠삼거리->외발산사거리,7816.0,37.54318,126.8123,12시,551.0
0,20180220.0,화,오정로(부천시계),B-26,유입,오쇠삼거리->외발산사거리,7816.0,37.54318,126.8123,13시,530.0
0,20180220.0,화,오정로(부천시계),B-26,유입,오쇠삼거리->외발산사거리,7816.0,37.54318,126.8123,14시,552.0
0,20180220.0,화,오정로(부천시계),B-26,유입,오쇠삼거리->외발산사거리,7816.0,37.54318,126.8123,15시,545.0
0,20180220.0,화,오정로(부천시계),B-26,유입,오쇠삼거리->외발산사거리,7816.0,37.54318,126.8123,16시,597.0
0,20180220.0,화,오정로(부천시계),B-26,유입,오쇠삼거리->외발산사거리,7816.0,37.54318,126.8123,17시,654.0
0,20180220.0,화,오정로(부천시계),B-26,유입,오쇠삼거리->외발산사거리,7816.0,37.54318,126.8123,18시,639.0
0,20180220.0,화,오정로(부천시계),B-26,유입,오쇠삼거리->외발산사거리,7816.0,37.54318,126.8123,19시,533.0
0,20180220.0,화,오정로(부천시계),B-26,유입,오쇠삼거리->외발산사거리,7816.0,37.54318,126.8123,20시,405.0
0,20180221.0,수,오정로(부천시계),B-26,유입,오쇠삼거리->외발산사거리,8000.0,37.54318,126.8123,8시,901.0
0,20180221.0,수,오정로(부천시계),B-26,유입,오쇠삼거리->외발산사거리,8000.0,37.54318,126.8123,9시,732.0
0,20180221.0,수,오정로(부천시계),B-26,유입,오쇠삼거리->외발산사거리,8000.0,37.54318,126.8123,10시,623.0
0,20180221.0,수,오정로(부천시계),B-26,유입,오쇠삼거리->외발산사거리,8000.0,37.54318,126.8123,11시,654.0
0,20180221.0,수,오정로(부천시계),B-26,유입,오쇠삼거리->외발산사거리,8000.0,37.54318,126.8123,12시,580.0
0,20180221.0,수,오정로(부천시계),B-26,유입,오쇠삼거리->외발산사거리,8000.0,37.54318,126.8123,13시,587.0
0,20180221.0,수,오정로(부천시계),B-26,유입,오쇠삼거리->외발산사거리,8000.0,37.54318,126.8123,14시,582.0
0,20180221.0,수,오정로(부천시계),B-26,유입,오쇠삼거리->외발산사거리,8000.0,37.54318,126.8123,15시,622.0
0,20180221.0,수,오정로(부천시계),B-26,유입,오쇠삼거리->외발산사거리,8000.0,37.54318,126.8123,16시,574.0
0,20180221.0,수,오정로(부천시계),B-26,유입,오쇠삼거리->외발산사거리,8000.0,37.54318,126.8123,17시,627.0
0,20180221.0,수,오정로(부천시계),B-26,유입,오쇠삼거리->외발산사거리,8000.0,37.54318,126.8123,18시,642.0
0,20180221.0,수,오정로(부천시계),B-26,유입,오쇠삼거리->외발산사거리,8000.0,37.54318,126.8123,19시,496.0
0,20180221.0,수,오정로(부천시계),B-26,유입,오쇠삼거리->외발산사거리,8000.0,37.54318,126.8123,20시,380.0
0,20180222.0,목,오정로(부천시계),B-26,유입,오쇠삼거리->외발산사거리,7607.0,37.54318,126.8123,8시,868.0
0,20180222.0,목,오정로(부천시계),B-26,유입,오쇠삼거리->외발산사거리,7607.0,37.54318,126.8123,9시,685.0
0,20180222.0,목,오정로(부천시계),B-26,유입,오쇠삼거리->외발산사거리,7607.0,37.54318,126.8123,10시,602.0
0,20180222.0,목,오정로(부천시계),B-26,유입,오쇠삼거리->외발산사거리,7607.0,37.54318,126.8123,11시,628.0
0,20180222.0,목,오정로(부천시계),B-26,유입,오쇠삼거리->외발산사거리,7607.0,37.54318,126.8123,12시,556.0
0,20180222.0,목,오정로(부천시계),B-26,유입,오쇠삼거리->외발산사거리,7607.0,37.54318,126.8123,13시,538.0
0,20180222.0,목,오정로(부천시계),B-26,유입,오쇠삼거리->외발산사거리,7607.0,37.54318,126.8123,14시,542.0
0,20180222.0,목,오정로(부천시계),B-26,유입,오쇠삼거리->외발산사거리,7607.0,37.54318,126.8123,15시,538.0
0,20180222.0,목,오정로(부천시계),B-26,유입,오쇠삼거리->외발산사거리,7607.0,37.54318,126.8123,16시,557.0
0,20180222.0,목,오정로(부천시계),B-26,유입,오쇠삼거리->외발산사거리,7607.0,37.54318,126.8123,17시,643.0
0,20180222.0,목,오정로(부천시계),B-26,유입,오쇠삼거리->외발산사거리,7607.0,37.54318,126.8123,18시,600.0
0,20180222.0,목,오정로(부천시계),B-26,유입,오쇠삼거리->외발산사거리,7607.0,37.54318,126.8123,19시,511.0
0,20180222.0,목,오정로(부천시계),B-26,유입,오쇠삼거리->외발산사거리,7607.0,37.54318,126.8123,20시,339.0
0,20180223.0,금,오정로(부천시계),B-26,유입,오쇠삼거리->외발산사거리,7556.0,37.54318,126.8123,8시,887.0
0,20180223.0,금,오정로(부천시계),B-26,유입,오쇠삼거리->외발산사거리,7556.0,37.54318,126.8123,9시,633.0
0,20180223.0,금,오정로(부천시계),B-26,유입,오쇠삼거리->외발산사거리,7556.0,37.54318,126.8123,10시,607.0
0,20180223.0,금,오정로(부천시계),B-26,유입,오쇠삼거리->외발산사거리,7556.0,37.54318,126.8123,11시,605.0
0,20180223.0,금,오정로(부천시계),B-26,유입,오쇠삼거리->외발산사거리,7556.0,37.54318,126.8123,12시,538.0
0,20180223.0,금,오정로(부천시계),B-26,유입,오쇠삼거리->외발산사거리,7556.0,37.54318,126.8123,13시,559.0
0,20180223.0,금,오정로(부천시계),B-26,유입,오쇠삼거리->외발산사거리,7556.0,37.54318,126.8123,14시,477.0
0,20180223.0,금,오정로(부천시계),B-26,유입,오쇠삼거리->외발산사거리,7556.0,37.54318,126.8123,15시,600.0
0,20180223.0,금,오정로(부천시계),B-26,유입,오쇠삼거리->외발산사거리,7556.0,37.54318,126.8123,16시,521.0
0,20180223.0,금,오정로(부천시계),B-26,유입,오쇠삼거리->외발산사거리,7556.0,37.54318,126.8123,17시,731.0
0,20180223.0,금,오정로(부천시계),B-26,유입,오쇠삼거리->외발산사거리,7556.0,37.54318,126.8123,18시,556.0
0,20180223.0,금,오정로(부천시계),B-26,유입,오쇠삼거리->외발산사거리,7556.0,37.54318,126.8123,19시,474.0
0,20180223.0,금,오정로(부천시계),B-26,유입,오쇠삼거리->외발산사거리,7556.0,37.54318,126.8123,20시,368.0
0,20180224.0,토,오정로(부천시계),B-26,유입,오쇠삼거리->외발산사거리,7116.0,37.54318,126.8123,8시,555.0
0,20180224.0,토,오정로(부천시계),B-26,유입,오쇠삼거리->외발산사거리,7116.0,37.54318,126.8123,9시,666.0
0,20180224.0,토,오정로(부천시계),B-26,유입,오쇠삼거리->외발산사거리,7116.0,37.54318,126.8123,10시,570.0
0,20180224.0,토,오정로(부천시계),B-26,유입,오쇠삼거리->외발산사거리,7116.0,37.54318,126.8123,11시,640.0
0,20180224.0,토,오정로(부천시계),B-26,유입,오쇠삼거리->외발산사거리,7116.0,37.54318,126.8123,12시,541.0
0,20180224.0,토,오정로(부천시계),B-26,유입,오쇠삼거리->외발산사거리,7116.0,37.54318,126.8123,13시,577.0
0,20180224.0,토,오정로(부천시계),B-26,유입,오쇠삼거리->외발산사거리,7116.0,37.54318,126.8123,14시,580.0
0,20180224.0,토,오정로(부천시계),B-26,유입,오쇠삼거리->외발산사거리,7116.0,37.54318,126.8123,15시,593.0
0,20180224.0,토,오정로(부천시계),B-26,유입,오쇠삼거리->외발산사거리,7116.0,37.54318,126.8123,16시,599.0
0,20180224.0,토,오정로(부천시계),B-26,유입,오쇠삼거리->외발산사거리,7116.0,37.54318,126.8123,17시,623.0
0,20180224.0,토,오정로(부천시계),B-26,유입,오쇠삼거리->외발산사거리,7116.0,37.54318,126.8123,18시,461.0
0,20180224.0,토,오정로(부천시계),B-26,유입,오쇠삼거리->외발산사거리,7116.0,37.54318,126.8123,19시,400.0
0,20180224.0,토,오정로(부천시계),B-26,유입,오쇠삼거리->외발산사거리,7116.0,37.54318,126.8123,20시,311.0
0,20180225.0,일,오정로(부천시계),B-26,유입,오쇠삼거리->외발산사거리,5697.0,37.54318,126.8123,8시,366.0
0,20180225.0,일,오정로(부천시계),B-26,유입,오쇠삼거리->외발산사거리,5697.0,37.54318,126.8123,9시,434.0
0,20180225.0,일,오정로(부천시계),B-26,유입,오쇠삼거리->외발산사거리,5697.0,37.54318,126.8123,10시,437.0
0,20180225.0,일,오정로(부천시계),B-26,유입,오쇠삼거리->외발산사거리,5697.0,37.54318,126.8123,11시,457.0
0,20180225.0,일,오정로(부천시계),B-26,유입,오쇠삼거리->외발산사거리,5697.0,37.54318,126.8123,12시,440.0
0,20180225.0,일,오정로(부천시계),B-26,유입,오쇠삼거리->외발산사거리,5697.0,37.54318,126.8123,13시,558.0
0,20180225.0,일,오정로(부천시계),B-26,유입,오쇠삼거리->외발산사거리,5697.0,37.54318,126.8123,14시,481.0
0,20180225.0,일,오정로(부천시계),B-26,유입,오쇠삼거리->외발산사거리,5697.0,37.54318,126.8123,15시,502.0
0,20180225.0,일,오정로(부천시계),B-26,유입,오쇠삼거리->외발산사거리,5697.0,37.54318,126.8123,16시,497.0
0,20180225.0,일,오정로(부천시계),B-26,유입,오쇠삼거리->외발산사거리,5697.0,37.54318,126.8123,17시,502.0
0,20180225.0,일,오정로(부천시계),B-26,유입,오쇠삼거리->외발산사거리,5697.0,37.54318,126.8123,18시,418.0
0,20180225.0,일,오정로(부천시계),B-26,유입,오쇠삼거리->외발산사거리,5697.0,37.54318,126.8123,19시,315.0
0,20180225.0,일,오정로(부천시계),B-26,유입,오쇠삼거리->외발산사거리,5697.0,37.54318,126.8123,20시,290.0
0,20180226.0,월,오정로(부천시계),B-26,유입,오쇠삼거리->외발산사거리,7609.0,37.54318,126.8123,8시,801.0
0,20180226.0,월,오정로(부천시계),B-26,유입,오쇠삼거리->외발산사거리,7609.0,37.54318,126.8123,9시,664.0
0,20180226.0,월,오정로(부천시계),B-26,유입,오쇠삼거리->외발산사거리,7609.0,37.54318,126.8123,10시,618.0
0,20180226.0,월,오정로(부천시계),B-26,유입,오쇠삼거리->외발산사거리,7609.0,37.54318,126.8123,11시,603.0
0,20180226.0,월,오정로(부천시계),B-26,유입,오쇠삼거리->외발산사거리,7609.0,37.54318,126.8123,12시,554.0
0,20180226.0,월,오정로(부천시계),B-26,유입,오쇠삼거리->외발산사거리,7609.0,37.54318,126.8123,13시,537.0
0,20180226.0,월,오정로(부천시계),B-26,유입,오쇠삼거리->외발산사거리,7609.0,37.54318,126.8123,14시,518.0
0,20180226.0,월,오정로(부천시계),B-26,유입,오쇠삼거리->외발산사거리,7609.0,37.54318,126.8123,15시,573.0
0,20180226.0,월,오정로(부천시계),B-26,유입,오쇠삼거리->외발산사거리,7609.0,37.54318,126.8123,16시,615.0
0,20180226.0,월,오정로(부천시계),B-26,유입,오쇠삼거리->외발산사거리,7609.0,37.54318,126.8123,17시,653.0
0,20180226.0,월,오정로(부천시계),B-26,유입,오쇠삼거리->외발산사거리,7609.0,37.54318,126.8123,18시,574.0
0,20180226.0,월,오정로(부천시계),B-26,유입,오쇠삼거리->외발산사거리,7609.0,37.54318,126.8123,19시,551.0
0,20180226.0,월,오정로(부천시계),B-26,유입,오쇠삼거리->외발산사거리,7609.0,37.54318,126.8123,20시,348.0
0,20180227.0,화,오정로(부천시계),B-26,유입,오쇠삼거리->외발산사거리,7679.0,37.54318,126.8123,8시,840.0
0,20180227.0,화,오정로(부천시계),B-26,유입,오쇠삼거리->외발산사거리,7679.0,37.54318,126.8123,9시,732.0
0,20180227.0,화,오정로(부천시계),B-26,유입,오쇠삼거리->외발산사거리,7679.0,37.54318,126.8123,10시,592.0
0,20180227.0,화,오정로(부천시계),B-26,유입,오쇠삼거리->외발산사거리,7679.0,37.54318,126.8123,11시,591.0
0,20180227.0,화,오정로(부천시계),B-26,유입,오쇠삼거리->외발산사거리,7679.0,37.54318,126.8123,12시,539.0
0,20180227.0,화,오정로(부천시계),B-26,유입,오쇠삼거리->외발산사거리,7679.0,37.54318,126.8123,13시,559.0
0,20180227.0,화,오정로(부천시계),B-26,유입,오쇠삼거리->외발산사거리,7679.0,37.54318,126.8123,14시,547.0
0,20180227.0,화,오정로(부천시계),B-26,유입,오쇠삼거리->외발산사거리,7679.0,37.54318,126.8123,15시,545.0
0,20180227.0,화,오정로(부천시계),B-26,유입,오쇠삼거리->외발산사거리,7679.0,37.54318,126.8123,16시,593.0
0,20180227.0,화,오정로(부천시계),B-26,유입,오쇠삼거리->외발산사거리,7679.0,37.54318,126.8123,17시,624.0
0,20180227.0,화,오정로(부천시계),B-26,유입,오쇠삼거리->외발산사거리,7679.0,37.54318,126.8123,18시,585.0
0,20180227.0,화,오정로(부천시계),B-26,유입,오쇠삼거리->외발산사거리,7679.0,37.54318,126.8123,19시,536.0
0,20180227.0,화,오정로(부천시계),B-26,유입,오쇠삼거리->외발산사거리,7679.0,37.54318,126.8123,20시,396.0
0,20180228.0,수,오정로(부천시계),B-26,유입,오쇠삼거리->외발산사거리,7702.0,37.54318,126.8123,8시,866.0
0,20180228.0,수,오정로(부천시계),B-26,유입,오쇠삼거리->외발산사거리,7702.0,37.54318,126.8123,9시,646.0
0,20180228.0,수,오정로(부천시계),B-26,유입,오쇠삼거리->외발산사거리,7702.0,37.54318,126.8123,10시,588.0
0,20180228.0,수,오정로(부천시계),B-26,유입,오쇠삼거리->외발산사거리,7702.0,37.54318,126.8123,11시,658.0
0,20180228.0,수,오정로(부천시계),B-26,유입,오쇠삼거리->외발산사거리,7702.0,37.54318,126.8123,12시,536.0
0,20180228.0,수,오정로(부천시계),B-26,유입,오쇠삼거리->외발산사거리,7702.0,37.54318,126.8123,13시,567.0
0,20180228.0,수,오정로(부천시계),B-26,유입,오쇠삼거리->외발산사거리,7702.0,37.54318,126.8123,14시,521.0
0,20180228.0,수,오정로(부천시계),B-26,유입,오쇠삼거리->외발산사거리,7702.0,37.54318,126.8123,15시,567.0
0,20180228.0,수,오정로(부천시계),B-26,유입,오쇠삼거리->외발산사거리,7702.0,37.54318,126.8123,16시,598.0
0,20180228.0,수,오정로(부천시계),B-26,유입,오쇠삼거리->외발산사거리,7702.0,37.54318,126.8123,17시,660.0
0,20180228.0,수,오정로(부천시계),B-26,유입,오쇠삼거리->외발산사거리,7702.0,37.54318,126.8123,18시,550.0
0,20180228.0,수,오정로(부천시계),B-26,유입,오쇠삼거리->외발산사거리,7702.0,37.54318,126.8123,19시,532.0
0,20180228.0,수,오정로(부천시계),B-26,유입,오쇠삼거리->외발산사거리,7702.0,37.54318,126.8123,20시,413.0
0,20180201.0,목,오정로(부천시계),B-26,유출,외발산사거리->오쇠삼거리,10182.0,37.54318,126.8123,8시,768.0
0,20180201.0,목,오정로(부천시계),B-26,유출,외발산사거리->오쇠삼거리,10182.0,37.54318,126.8123,9시,684.0
0,20180201.0,목,오정로(부천시계),B-26,유출,외발산사거리->오쇠삼거리,10182.0,37.54318,126.8123,10시,646.0
0,20180201.0,목,오정로(부천시계),B-26,유출,외발산사거리->오쇠삼거리,10182.0,37.54318,126.8123,11시,671.0
0,20180201.0,목,오정로(부천시계),B-26,유출,외발산사거리->오쇠삼거리,10182.0,37.54318,126.8123,12시,613.0
0,20180201.0,목,오정로(부천시계),B-26,유출,외발산사거리->오쇠삼거리,10182.0,37.54318,126.8123,13시,681.0
0,20180201.0,목,오정로(부천시계),B-26,유출,외발산사거리->오쇠삼거리,10182.0,37.54318,126.8123,14시,621.0
0,20180201.0,목,오정로(부천시계),B-26,유출,외발산사거리->오쇠삼거리,10182.0,37.54318,126.8123,15시,723.0
0,20180201.0,목,오정로(부천시계),B-26,유출,외발산사거리->오쇠삼거리,10182.0,37.54318,126.8123,16시,868.0
0,20180201.0,목,오정로(부천시계),B-26,유출,외발산사거리->오쇠삼거리,10182.0,37.54318,126.8123,17시,1104.0
0,20180201.0,목,오정로(부천시계),B-26,유출,외발산사거리->오쇠삼거리,10182.0,37.54318,126.8123,18시,1210.0
0,20180201.0,목,오정로(부천시계),B-26,유출,외발산사거리->오쇠삼거리,10182.0,37.54318,126.8123,19시,952.0
0,20180201.0,목,오정로(부천시계),B-26,유출,외발산사거리->오쇠삼거리,10182.0,37.54318,126.8123,20시,641.0
0,20180202.0,금,오정로(부천시계),B-26,유출,외발산사거리->오쇠삼거리,10858.0,37.54318,126.8123,8시,811.0
0,20180202.0,금,오정로(부천시계),B-26,유출,외발산사거리->오쇠삼거리,10858.0,37.54318,126.8123,9시,720.0
0,20180202.0,금,오정로(부천시계),B-26,유출,외발산사거리->오쇠삼거리,10858.0,37.54318,126.8123,10시,667.0
0,20180202.0,금,오정로(부천시계),B-26,유출,외발산사거리->오쇠삼거리,10858.0,37.54318,126.8123,11시,700.0
0,20180202.0,금,오정로(부천시계),B-26,유출,외발산사거리->오쇠삼거리,10858.0,37.54318,126.8123,12시,607.0
0,20180202.0,금,오정로(부천시계),B-26,유출,외발산사거리->오쇠삼거리,10858.0,37.54318,126.8123,13시,662.0
0,20180202.0,금,오정로(부천시계),B-26,유출,외발산사거리->오쇠삼거리,10858.0,37.54318,126.8123,14시,718.0
0,20180202.0,금,오정로(부천시계),B-26,유출,외발산사거리->오쇠삼거리,10858.0,37.54318,126.8123,15시,844.0
0,20180202.0,금,오정로(부천시계),B-26,유출,외발산사거리->오쇠삼거리,10858.0,37.54318,126.8123,16시,960.0
0,20180202.0,금,오정로(부천시계),B-26,유출,외발산사거리->오쇠삼거리,10858.0,37.54318,126.8123,17시,1149.0
0,20180202.0,금,오정로(부천시계),B-26,유출,외발산사거리->오쇠삼거리,10858.0,37.54318,126.8123,18시,1247.0
0,20180202.0,금,오정로(부천시계),B-26,유출,외발산사거리->오쇠삼거리,10858.0,37.54318,126.8123,19시,1103.0
0,20180202.0,금,오정로(부천시계),B-26,유출,외발산사거리->오쇠삼거리,10858.0,37.54318,126.8123,20시,670.0
0,20180203.0,토,오정로(부천시계),B-26,유출,외발산사거리->오쇠삼거리,9950.0,37.54318,126.8123,8시,508.0
0,20180203.0,토,오정로(부천시계),B-26,유출,외발산사거리->오쇠삼거리,9950.0,37.54318,126.8123,9시,555.0
0,20180203.0,토,오정로(부천시계),B-26,유출,외발산사거리->오쇠삼거리,9950.0,37.54318,126.8123,10시,636.0
0,20180203.0,토,오정로(부천시계),B-26,유출,외발산사거리->오쇠삼거리,9950.0,37.54318,126.8123,11시,704.0
0,20180203.0,토,오정로(부천시계),B-26,유출,외발산사거리->오쇠삼거리,9950.0,37.54318,126.8123,12시,706.0
0,20180203.0,토,오정로(부천시계),B-26,유출,외발산사거리->오쇠삼거리,9950.0,37.54318,126.8123,13시,731.0
0,20180203.0,토,오정로(부천시계),B-26,유출,외발산사거리->오쇠삼거리,9950.0,37.54318,126.8123,14시,724.0
0,20180203.0,토,오정로(부천시계),B-26,유출,외발산사거리->오쇠삼거리,9950.0,37.54318,126.8123,15시,946.0
0,20180203.0,토,오정로(부천시계),B-26,유출,외발산사거리->오쇠삼거리,9950.0,37.54318,126.8123,16시,990.0
0,20180203.0,토,오정로(부천시계),B-26,유출,외발산사거리->오쇠삼거리,9950.0,37.54318,126.8123,17시,1103.0
0,20180203.0,토,오정로(부천시계),B-26,유출,외발산사거리->오쇠삼거리,9950.0,37.54318,126.8123,18시,983.0
0,20180203.0,토,오정로(부천시계),B-26,유출,외발산사거리->오쇠삼거리,9950.0,37.54318,126.8123,19시,821.0
0,20180203.0,토,오정로(부천시계),B-26,유출,외발산사거리->오쇠삼거리,9950.0,37.54318,126.8123,20시,543.0
0,20180204.0,일,오정로(부천시계),B-26,유출,외발산사거리->오쇠삼거리,7187.0,37.54318,126.8123,8시,305.0
0,20180204.0,일,오정로(부천시계),B-26,유출,외발산사거리->오쇠삼거리,7187.0,37.54318,126.8123,9시,385.0
0,20180204.0,일,오정로(부천시계),B-26,유출,외발산사거리->오쇠삼거리,7187.0,37.54318,126.8123,10시,421.0
0,20180204.0,일,오정로(부천시계),B-26,유출,외발산사거리->오쇠삼거리,7187.0,37.54318,126.8123,11시,455.0
0,20180204.0,일,오정로(부천시계),B-26,유출,외발산사거리->오쇠삼거리,7187.0,37.54318,126.8123,12시,486.0
0,20180204.0,일,오정로(부천시계),B-26,유출,외발산사거리->오쇠삼거리,7187.0,37.54318,126.8123,13시,632.0
0,20180204.0,일,오정로(부천시계),B-26,유출,외발산사거리->오쇠삼거리,7187.0,37.54318,126.8123,14시,576.0
0,20180204.0,일,오정로(부천시계),B-26,유출,외발산사거리->오쇠삼거리,7187.0,37.54318,126.8123,15시,709.0
0,20180204.0,일,오정로(부천시계),B-26,유출,외발산사거리->오쇠삼거리,7187.0,37.54318,126.8123,16시,791.0
0,20180204.0,일,오정로(부천시계),B-26,유출,외발산사거리->오쇠삼거리,7187.0,37.54318,126.8123,17시,790.0
0,20180204.0,일,오정로(부천시계),B-26,유출,외발산사거리->오쇠삼거리,7187.0,37.54318,126.8123,18시,688.0
0,20180204.0,일,오정로(부천시계),B-26,유출,외발산사거리->오쇠삼거리,7187.0,37.54318,126.8123,19시,486.0
0,20180204.0,일,오정로(부천시계),B-26,유출,외발산사거리->오쇠삼거리,7187.0,37.54318,126.8123,20시,463.0
0,20180205.0,월,오정로(부천시계),B-26,유출,외발산사거리->오쇠삼거리,10041.0,37.54318,126.8123,8시,824.0
0,20180205.0,월,오정로(부천시계),B-26,유출,외발산사거리->오쇠삼거리,10041.0,37.54318,126.8123,9시,655.0
0,20180205.0,월,오정로(부천시계),B-26,유출,외발산사거리->오쇠삼거리,10041.0,37.54318,126.8123,10시,600.0
0,20180205.0,월,오정로(부천시계),B-26,유출,외발산사거리->오쇠삼거리,10041.0,37.54318,126.8123,11시,647.0
0,20180205.0,월,오정로(부천시계),B-26,유출,외발산사거리->오쇠삼거리,10041.0,37.54318,126.8123,12시,617.0
0,20180205.0,월,오정로(부천시계),B-26,유출,외발산사거리->오쇠삼거리,10041.0,37.54318,126.8123,13시,587.0
0,20180205.0,월,오정로(부천시계),B-26,유출,외발산사거리->오쇠삼거리,10041.0,37.54318,126.8123,14시,673.0
0,20180205.0,월,오정로(부천시계),B-26,유출,외발산사거리->오쇠삼거리,10041.0,37.54318,126.8123,15시,724.0
0,20180205.0,월,오정로(부천시계),B-26,유출,외발산사거리->오쇠삼거리,10041.0,37.54318,126.8123,16시,930.0
0,20180205.0,월,오정로(부천시계),B-26,유출,외발산사거리->오쇠삼거리,10041.0,37.54318,126.8123,17시,1161.0
0,20180205.0,월,오정로(부천시계),B-26,유출,외발산사거리->오쇠삼거리,10041.0,37.54318,126.8123,18시,1094.0
0,20180205.0,월,오정로(부천시계),B-26,유출,외발산사거리->오쇠삼거리,10041.0,37.54318,126.8123,19시,950.0
0,20180205.0,월,오정로(부천시계),B-26,유출,외발산사거리->오쇠삼거리,10041.0,37.54318,126.8123,20시,579.0
0,20180206.0,화,오정로(부천시계),B-26,유출,외발산사거리->오쇠삼거리,9919.0,37.54318,126.8123,8시,797.0
0,20180206.0,화,오정로(부천시계),B-26,유출,외발산사거리->오쇠삼거리,9919.0,37.54318,126.8123,9시,695.0
0,20180206.0,화,오정로(부천시계),B-26,유출,외발산사거리->오쇠삼거리,9919.0,37.54318,126.8123,10시,629.0
0,20180206.0,화,오정로(부천시계),B-26,유출,외발산사거리->오쇠삼거리,9919.0,37.54318,126.8123,11시,680.0
0,20180206.0,화,오정로(부천시계),B-26,유출,외발산사거리->오쇠삼거리,9919.0,37.54318,126.8123,12시,625.0
0,20180206.0,화,오정로(부천시계),B-26,유출,외발산사거리->오쇠삼거리,9919.0,37.54318,126.8123,13시,604.0
0,20180206.0,화,오정로(부천시계),B-26,유출,외발산사거리->오쇠삼거리,9919.0,37.54318,126.8123,14시,629.0
0,20180206.0,화,오정로(부천시계),B-26,유출,외발산사거리->오쇠삼거리,9919.0,37.54318,126.8123,15시,705.0
0,20180206.0,화,오정로(부천시계),B-26,유출,외발산사거리->오쇠삼거리,9919.0,37.54318,126.8123,16시,908.0
0,20180206.0,화,오정로(부천시계),B-26,유출,외발산사거리->오쇠삼거리,9919.0,37.54318,126.8123,17시,1091.0
0,20180206.0,화,오정로(부천시계),B-26,유출,외발산사거리->오쇠삼거리,9919.0,37.54318,126.8123,18시,1138.0
0,20180206.0,화,오정로(부천시계),B-26,유출,외발산사거리->오쇠삼거리,9919.0,37.54318,126.8123,19시,853.0
0,20180206.0,화,오정로(부천시계),B-26,유출,외발산사거리->오쇠삼거리,9919.0,37.54318,126.8123,20시,565.0
0,20180207.0,수,오정로(부천시계),B-26,유출,외발산사거리->오쇠삼거리,10684.0,37.54318,126.8123,8시,835.0
0,20180207.0,수,오정로(부천시계),B-26,유출,외발산사거리->오쇠삼거리,10684.0,37.54318,126.8123,9시,710.0
0,20180207.0,수,오정로(부천시계),B-26,유출,외발산사거리->오쇠삼거리,10684.0,37.54318,126.8123,10시,619.0
0,20180207.0,수,오정로(부천시계),B-26,유출,외발산사거리->오쇠삼거리,10684.0,37.54318,126.8123,11시,692.0
0,20180207.0,수,오정로(부천시계),B-26,유출,외발산사거리->오쇠삼거리,10684.0,37.54318,126.8123,12시,643.0
0,20180207.0,수,오정로(부천시계),B-26,유출,외발산사거리->오쇠삼거리,10684.0,37.54318,126.8123,13시,738.0
0,20180207.0,수,오정로(부천시계),B-26,유출,외발산사거리->오쇠삼거리,10684.0,37.54318,126.8123,14시,720.0
0,20180207.0,수,오정로(부천시계),B-26,유출,외발산사거리->오쇠삼거리,10684.0,37.54318,126.8123,15시,757.0
0,20180207.0,수,오정로(부천시계),B-26,유출,외발산사거리->오쇠삼거리,10684.0,37.54318,126.8123,16시,881.0
0,20180207.0,수,오정로(부천시계),B-26,유출,외발산사거리->오쇠삼거리,10684.0,37.54318,126.8123,17시,1212.0
0,20180207.0,수,오정로(부천시계),B-26,유출,외발산사거리->오쇠삼거리,10684.0,37.54318,126.8123,18시,1246.0
0,20180207.0,수,오정로(부천시계),B-26,유출,외발산사거리->오쇠삼거리,10684.0,37.54318,126.8123,19시,1013.0
0,20180207.0,수,오정로(부천시계),B-26,유출,외발산사거리->오쇠삼거리,10684.0,37.54318,126.8123,20시,618.0
0,20180208.0,목,오정로(부천시계),B-26,유출,외발산사거리->오쇠삼거리,10921.0,37.54318,126.8123,8시,811.0
0,20180208.0,목,오정로(부천시계),B-26,유출,외발산사거리->오쇠삼거리,10921.0,37.54318,126.8123,9시,689.0
0,20180208.0,목,오정로(부천시계),B-26,유출,외발산사거리->오쇠삼거리,10921.0,37.54318,126.8123,10시,712.0
0,20180208.0,목,오정로(부천시계),B-26,유출,외발산사거리->오쇠삼거리,10921.0,37.54318,126.8123,11시,735.0
0,20180208.0,목,오정로(부천시계),B-26,유출,외발산사거리->오쇠삼거리,10921.0,37.54318,126.8123,12시,687.0
0,20180208.0,목,오정로(부천시계),B-26,유출,외발산사거리->오쇠삼거리,10921.0,37.54318,126.8123,13시,664.0
0,20180208.0,목,오정로(부천시계),B-26,유출,외발산사거리->오쇠삼거리,10921.0,37.54318,126.8123,14시,702.0
0,20180208.0,목,오정로(부천시계),B-26,유출,외발산사거리->오쇠삼거리,10921.0,37.54318,126.8123,15시,814.0
0,20180208.0,목,오정로(부천시계),B-26,유출,외발산사거리->오쇠삼거리,10921.0,37.54318,126.8123,16시,956.0
0,20180208.0,목,오정로(부천시계),B-26,유출,외발산사거리->오쇠삼거리,10921.0,37.54318,126.8123,17시,1236.0
0,20180208.0,목,오정로(부천시계),B-26,유출,외발산사거리->오쇠삼거리,10921.0,37.54318,126.8123,18시,1233.0
0,20180208.0,목,오정로(부천시계),B-26,유출,외발산사거리->오쇠삼거리,10921.0,37.54318,126.8123,19시,1026.0
0,20180208.0,목,오정로(부천시계),B-26,유출,외발산사거리->오쇠삼거리,10921.0,37.54318,126.8123,20시,656.0
0,20180209.0,금,오정로(부천시계),B-26,유출,외발산사거리->오쇠삼거리,11110.0,37.54318,126.8123,8시,861.0
0,20180209.0,금,오정로(부천시계),B-26,유출,외발산사거리->오쇠삼거리,11110.0,37.54318,126.8123,9시,702.0
0,20180209.0,금,오정로(부천시계),B-26,유출,외발산사거리->오쇠삼거리,11110.0,37.54318,126.8123,10시,728.0
0,20180209.0,금,오정로(부천시계),B-26,유출,외발산사거리->오쇠삼거리,11110.0,37.54318,126.8123,11시,675.0
0,20180209.0,금,오정로(부천시계),B-26,유출,외발산사거리->오쇠삼거리,11110.0,37.54318,126.8123,12시,670.0
0,20180209.0,금,오정로(부천시계),B-26,유출,외발산사거리->오쇠삼거리,11110.0,37.54318,126.8123,13시,736.0
0,20180209.0,금,오정로(부천시계),B-26,유출,외발산사거리->오쇠삼거리,11110.0,37.54318,126.8123,14시,697.0
0,20180209.0,금,오정로(부천시계),B-26,유출,외발산사거리->오쇠삼거리,11110.0,37.54318,126.8123,15시,811.0
0,20180209.0,금,오정로(부천시계),B-26,유출,외발산사거리->오쇠삼거리,11110.0,37.54318,126.8123,16시,985.0
0,20180209.0,금,오정로(부천시계),B-26,유출,외발산사거리->오쇠삼거리,11110.0,37.54318,126.8123,17시,1145.0
0,20180209.0,금,오정로(부천시계),B-26,유출,외발산사거리->오쇠삼거리,11110.0,37.54318,126.8123,18시,1272.0
0,20180209.0,금,오정로(부천시계),B-26,유출,외발산사거리->오쇠삼거리,11110.0,37.54318,126.8123,19시,1149.0
0,20180209.0,금,오정로(부천시계),B-26,유출,외발산사거리->오쇠삼거리,11110.0,37.54318,126.8123,20시,679.0
0,20180210.0,토,오정로(부천시계),B-26,유출,외발산사거리->오쇠삼거리,9815.0,37.54318,126.8123,8시,542.0
0,20180210.0,토,오정로(부천시계),B-26,유출,외발산사거리->오쇠삼거리,9815.0,37.54318,126.8123,9시,607.0
0,20180210.0,토,오정로(부천시계),B-26,유출,외발산사거리->오쇠삼거리,9815.0,37.54318,126.8123,10시,668.0
0,20180210.0,토,오정로(부천시계),B-26,유출,외발산사거리->오쇠삼거리,9815.0,37.54318,126.8123,11시,683.0
0,20180210.0,토,오정로(부천시계),B-26,유출,외발산사거리->오쇠삼거리,9815.0,37.54318,126.8123,12시,679.0
0,20180210.0,토,오정로(부천시계),B-26,유출,외발산사거리->오쇠삼거리,9815.0,37.54318,126.8123,13시,754.0
0,20180210.0,토,오정로(부천시계),B-26,유출,외발산사거리->오쇠삼거리,9815.0,37.54318,126.8123,14시,742.0
0,20180210.0,토,오정로(부천시계),B-26,유출,외발산사거리->오쇠삼거리,9815.0,37.54318,126.8123,15시,842.0
0,20180210.0,토,오정로(부천시계),B-26,유출,외발산사거리->오쇠삼거리,9815.0,37.54318,126.8123,16시,1046.0
0,20180210.0,토,오정로(부천시계),B-26,유출,외발산사거리->오쇠삼거리,9815.0,37.54318,126.8123,17시,1100.0
0,20180210.0,토,오정로(부천시계),B-26,유출,외발산사거리->오쇠삼거리,9815.0,37.54318,126.8123,18시,997.0
0,20180210.0,토,오정로(부천시계),B-26,유출,외발산사거리->오쇠삼거리,9815.0,37.54318,126.8123,19시,648.0
0,20180210.0,토,오정로(부천시계),B-26,유출,외발산사거리->오쇠삼거리,9815.0,37.54318,126.8123,20시,507.0
0,20180211.0,일,오정로(부천시계),B-26,유출,외발산사거리->오쇠삼거리,7300.0,37.54318,126.8123,8시,360.0
0,20180211.0,일,오정로(부천시계),B-26,유출,외발산사거리->오쇠삼거리,7300.0,37.54318,126.8123,9시,397.0
0,20180211.0,일,오정로(부천시계),B-26,유출,외발산사거리->오쇠삼거리,7300.0,37.54318,126.8123,10시,432.0
0,20180211.0,일,오정로(부천시계),B-26,유출,외발산사거리->오쇠삼거리,7300.0,37.54318,126.8123,11시,466.0
0,20180211.0,일,오정로(부천시계),B-26,유출,외발산사거리->오쇠삼거리,7300.0,37.54318,126.8123,12시,551.0
0,20180211.0,일,오정로(부천시계),B-26,유출,외발산사거리->오쇠삼거리,7300.0,37.54318,126.8123,13시,593.0
0,20180211.0,일,오정로(부천시계),B-26,유출,외발산사거리->오쇠삼거리,7300.0,37.54318,126.8123,14시,658.0
0,20180211.0,일,오정로(부천시계),B-26,유출,외발산사거리->오쇠삼거리,7300.0,37.54318,126.8123,15시,700.0
0,20180211.0,일,오정로(부천시계),B-26,유출,외발산사거리->오쇠삼거리,7300.0,37.54318,126.8123,16시,813.0
0,20180211.0,일,오정로(부천시계),B-26,유출,외발산사거리->오쇠삼거리,7300.0,37.54318,126.8123,17시,778.0
0,20180211.0,일,오정로(부천시계),B-26,유출,외발산사거리->오쇠삼거리,7300.0,37.54318,126.8123,18시,593.0
0,20180211.0,일,오정로(부천시계),B-26,유출,외발산사거리->오쇠삼거리,7300.0,37.54318,126.8123,19시,493.0
0,20180211.0,일,오정로(부천시계),B-26,유출,외발산사거리->오쇠삼거리,7300.0,37.54318,126.8123,20시,466.0
0,20180212.0,월,오정로(부천시계),B-26,유출,외발산사거리->오쇠삼거리,10938.0,37.54318,126.8123,8시,780.0
0,20180212.0,월,오정로(부천시계),B-26,유출,외발산사거리->오쇠삼거리,10938.0,37.54318,126.8123,9시,697.0
0,20180212.0,월,오정로(부천시계),B-26,유출,외발산사거리->오쇠삼거리,10938.0,37.54318,126.8123,10시,678.0
0,20180212.0,월,오정로(부천시계),B-26,유출,외발산사거리->오쇠삼거리,10938.0,37.54318,126.8123,11시,714.0
0,20180212.0,월,오정로(부천시계),B-26,유출,외발산사거리->오쇠삼거리,10938.0,37.54318,126.8123,12시,648.0
0,20180212.0,월,오정로(부천시계),B-26,유출,외발산사거리->오쇠삼거리,10938.0,37.54318,126.8123,13시,700.0
0,20180212.0,월,오정로(부천시계),B-26,유출,외발산사거리->오쇠삼거리,10938.0,37.54318,126.8123,14시,684.0
0,20180212.0,월,오정로(부천시계),B-26,유출,외발산사거리->오쇠삼거리,10938.0,37.54318,126.8123,15시,795.0
0,20180212.0,월,오정로(부천시계),B-26,유출,외발산사거리->오쇠삼거리,10938.0,37.54318,126.8123,16시,1007.0
0,20180212.0,월,오정로(부천시계),B-26,유출,외발산사거리->오쇠삼거리,10938.0,37.54318,126.8123,17시,1271.0
0,20180212.0,월,오정로(부천시계),B-26,유출,외발산사거리->오쇠삼거리,10938.0,37.54318,126.8123,18시,1104.0
0,20180212.0,월,오정로(부천시계),B-26,유출,외발산사거리->오쇠삼거리,10938.0,37.54318,126.8123,19시,1156.0
0,20180212.0,월,오정로(부천시계),B-26,유출,외발산사거리->오쇠삼거리,10938.0,37.54318,126.8123,20시,704.0
0,20180213.0,화,오정로(부천시계),B-26,유출,외발산사거리->오쇠삼거리,11790.0,37.54318,126.8123,8시,839.0
0,20180213.0,화,오정로(부천시계),B-26,유출,외발산사거리->오쇠삼거리,11790.0,37.54318,126.8123,9시,730.0
0,20180213.0,화,오정로(부천시계),B-26,유출,외발산사거리->오쇠삼거리,11790.0,37.54318,126.8123,10시,724.0
0,20180213.0,화,오정로(부천시계),B-26,유출,외발산사거리->오쇠삼거리,11790.0,37.54318,126.8123,11시,798.0
0,20180213.0,화,오정로(부천시계),B-26,유출,외발산사거리->오쇠삼거리,11790.0,37.54318,126.8123,12시,800.0
0,20180213.0,화,오정로(부천시계),B-26,유출,외발산사거리->오쇠삼거리,11790.0,37.54318,126.8123,13시,779.0
0,20180213.0,화,오정로(부천시계),B-26,유출,외발산사거리->오쇠삼거리,11790.0,37.54318,126.8123,14시,839.0
0,20180213.0,화,오정로(부천시계),B-26,유출,외발산사거리->오쇠삼거리,11790.0,37.54318,126.8123,15시,975.0
0,20180213.0,화,오정로(부천시계),B-26,유출,외발산사거리->오쇠삼거리,11790.0,37.54318,126.8123,16시,1062.0
0,20180213.0,화,오정로(부천시계),B-26,유출,외발산사거리->오쇠삼거리,11790.0,37.54318,126.8123,17시,1182.0
0,20180213.0,화,오정로(부천시계),B-26,유출,외발산사거리->오쇠삼거리,11790.0,37.54318,126.8123,18시,1246.0
0,20180213.0,화,오정로(부천시계),B-26,유출,외발산사거리->오쇠삼거리,11790.0,37.54318,126.8123,19시,1159.0
0,20180213.0,화,오정로(부천시계),B-26,유출,외발산사거리->오쇠삼거리,11790.0,37.54318,126.8123,20시,657.0
0,20180214.0,수,오정로(부천시계),B-26,유출,외발산사거리->오쇠삼거리,11777.0,37.54318,126.8123,8시,844.0
0,20180214.0,수,오정로(부천시계),B-26,유출,외발산사거리->오쇠삼거리,11777.0,37.54318,126.8123,9시,721.0
0,20180214.0,수,오정로(부천시계),B-26,유출,외발산사거리->오쇠삼거리,11777.0,37.54318,126.8123,10시,729.0
0,20180214.0,수,오정로(부천시계),B-26,유출,외발산사거리->오쇠삼거리,11777.0,37.54318,126.8123,11시,777.0
0,20180214.0,수,오정로(부천시계),B-26,유출,외발산사거리->오쇠삼거리,11777.0,37.54318,126.8123,12시,854.0
0,20180214.0,수,오정로(부천시계),B-26,유출,외발산사거리->오쇠삼거리,11777.0,37.54318,126.8123,13시,898.0
0,20180214.0,수,오정로(부천시계),B-26,유출,외발산사거리->오쇠삼거리,11777.0,37.54318,126.8123,14시,915.0
0,20180214.0,수,오정로(부천시계),B-26,유출,외발산사거리->오쇠삼거리,11777.0,37.54318,126.8123,15시,1073.0
0,20180214.0,수,오정로(부천시계),B-26,유출,외발산사거리->오쇠삼거리,11777.0,37.54318,126.8123,16시,1109.0
0,20180214.0,수,오정로(부천시계),B-26,유출,외발산사거리->오쇠삼거리,11777.0,37.54318,126.8123,17시,1285.0
0,20180214.0,수,오정로(부천시계),B-26,유출,외발산사거리->오쇠삼거리,11777.0,37.54318,126.8123,18시,1087.0
0,20180214.0,수,오정로(부천시계),B-26,유출,외발산사거리->오쇠삼거리,11777.0,37.54318,126.8123,19시,849.0
0,20180214.0,수,오정로(부천시계),B-26,유출,외발산사거리->오쇠삼거리,11777.0,37.54318,126.8123,20시,636.0
0,20180215.0,목,오정로(부천시계),B-26,유출,외발산사거리->오쇠삼거리,7437.0,37.54318,126.8123,8시,402.0
0,20180215.0,목,오정로(부천시계),B-26,유출,외발산사거리->오쇠삼거리,7437.0,37.54318,126.8123,9시,453.0
0,20180215.0,목,오정로(부천시계),B-26,유출,외발산사거리->오쇠삼거리,7437.0,37.54318,126.8123,10시,503.0
0,20180215.0,목,오정로(부천시계),B-26,유출,외발산사거리->오쇠삼거리,7437.0,37.54318,126.8123,11시,639.0
0,20180215.0,목,오정로(부천시계),B-26,유출,외발산사거리->오쇠삼거리,7437.0,37.54318,126.8123,12시,649.0
0,20180215.0,목,오정로(부천시계),B-26,유출,외발산사거리->오쇠삼거리,7437.0,37.54318,126.8123,13시,702.0
0,20180215.0,목,오정로(부천시계),B-26,유출,외발산사거리->오쇠삼거리,7437.0,37.54318,126.8123,14시,590.0
0,20180215.0,목,오정로(부천시계),B-26,유출,외발산사거리->오쇠삼거리,7437.0,37.54318,126.8123,15시,678.0
0,20180215.0,목,오정로(부천시계),B-26,유출,외발산사거리->오쇠삼거리,7437.0,37.54318,126.8123,16시,729.0
0,20180215.0,목,오정로(부천시계),B-26,유출,외발산사거리->오쇠삼거리,7437.0,37.54318,126.8123,17시,709.0
0,20180215.0,목,오정로(부천시계),B-26,유출,외발산사거리->오쇠삼거리,7437.0,37.54318,126.8123,18시,574.0
0,20180215.0,목,오정로(부천시계),B-26,유출,외발산사거리->오쇠삼거리,7437.0,37.54318,126.8123,19시,441.0
0,20180215.0,목,오정로(부천시계),B-26,유출,외발산사거리->오쇠삼거리,7437.0,37.54318,126.8123,20시,368.0
0,20180216.0,금,오정로(부천시계),B-26,유출,외발산사거리->오쇠삼거리,8962.0,37.54318,126.8123,8시,534.0
0,20180216.0,금,오정로(부천시계),B-26,유출,외발산사거리->오쇠삼거리,8962.0,37.54318,126.8123,9시,407.0
0,20180216.0,금,오정로(부천시계),B-26,유출,외발산사거리->오쇠삼거리,8962.0,37.54318,126.8123,10시,467.0
0,20180216.0,금,오정로(부천시계),B-26,유출,외발산사거리->오쇠삼거리,8962.0,37.54318,126.8123,11시,657.0
0,20180216.0,금,오정로(부천시계),B-26,유출,외발산사거리->오쇠삼거리,8962.0,37.54318,126.8123,12시,859.0
0,20180216.0,금,오정로(부천시계),B-26,유출,외발산사거리->오쇠삼거리,8962.0,37.54318,126.8123,13시,876.0
0,20180216.0,금,오정로(부천시계),B-26,유출,외발산사거리->오쇠삼거리,8962.0,37.54318,126.8123,14시,790.0
0,20180216.0,금,오정로(부천시계),B-26,유출,외발산사거리->오쇠삼거리,8962.0,37.54318,126.8123,15시,936.0
0,20180216.0,금,오정로(부천시계),B-26,유출,외발산사거리->오쇠삼거리,8962.0,37.54318,126.8123,16시,881.0
0,20180216.0,금,오정로(부천시계),B-26,유출,외발산사거리->오쇠삼거리,8962.0,37.54318,126.8123,17시,913.0
0,20180216.0,금,오정로(부천시계),B-26,유출,외발산사거리->오쇠삼거리,8962.0,37.54318,126.8123,18시,773.0
0,20180216.0,금,오정로(부천시계),B-26,유출,외발산사거리->오쇠삼거리,8962.0,37.54318,126.8123,19시,457.0
0,20180216.0,금,오정로(부천시계),B-26,유출,외발산사거리->오쇠삼거리,8962.0,37.54318,126.8123,20시,412.0
0,20180217.0,토,오정로(부천시계),B-26,유출,외발산사거리->오쇠삼거리,7169.0,37.54318,126.8123,8시,269.0
0,20180217.0,토,오정로(부천시계),B-26,유출,외발산사거리->오쇠삼거리,7169.0,37.54318,126.8123,9시,323.0
0,20180217.0,토,오정로(부천시계),B-26,유출,외발산사거리->오쇠삼거리,7169.0,37.54318,126.8123,10시,429.0
0,20180217.0,토,오정로(부천시계),B-26,유출,외발산사거리->오쇠삼거리,7169.0,37.54318,126.8123,11시,543.0
0,20180217.0,토,오정로(부천시계),B-26,유출,외발산사거리->오쇠삼거리,7169.0,37.54318,126.8123,12시,543.0
0,20180217.0,토,오정로(부천시계),B-26,유출,외발산사거리->오쇠삼거리,7169.0,37.54318,126.8123,13시,643.0
0,20180217.0,토,오정로(부천시계),B-26,유출,외발산사거리->오쇠삼거리,7169.0,37.54318,126.8123,14시,629.0
0,20180217.0,토,오정로(부천시계),B-26,유출,외발산사거리->오쇠삼거리,7169.0,37.54318,126.8123,15시,724.0
0,20180217.0,토,오정로(부천시계),B-26,유출,외발산사거리->오쇠삼거리,7169.0,37.54318,126.8123,16시,770.0
0,20180217.0,토,오정로(부천시계),B-26,유출,외발산사거리->오쇠삼거리,7169.0,37.54318,126.8123,17시,752.0
0,20180217.0,토,오정로(부천시계),B-26,유출,외발산사거리->오쇠삼거리,7169.0,37.54318,126.8123,18시,610.0
0,20180217.0,토,오정로(부천시계),B-26,유출,외발산사거리->오쇠삼거리,7169.0,37.54318,126.8123,19시,519.0
0,20180217.0,토,오정로(부천시계),B-26,유출,외발산사거리->오쇠삼거리,7169.0,37.54318,126.8123,20시,415.0
0,20180218.0,일,오정로(부천시계),B-26,유출,외발산사거리->오쇠삼거리,7034.0,37.54318,126.8123,8시,311.0
0,20180218.0,일,오정로(부천시계),B-26,유출,외발산사거리->오쇠삼거리,7034.0,37.54318,126.8123,9시,332.0
0,20180218.0,일,오정로(부천시계),B-26,유출,외발산사거리->오쇠삼거리,7034.0,37.54318,126.8123,10시,435.0
0,20180218.0,일,오정로(부천시계),B-26,유출,외발산사거리->오쇠삼거리,7034.0,37.54318,126.8123,11시,458.0
0,20180218.0,일,오정로(부천시계),B-26,유출,외발산사거리->오쇠삼거리,7034.0,37.54318,126.8123,12시,566.0
0,20180218.0,일,오정로(부천시계),B-26,유출,외발산사거리->오쇠삼거리,7034.0,37.54318,126.8123,13시,673.0
0,20180218.0,일,오정로(부천시계),B-26,유출,외발산사거리->오쇠삼거리,7034.0,37.54318,126.8123,14시,628.0
0,20180218.0,일,오정로(부천시계),B-26,유출,외발산사거리->오쇠삼거리,7034.0,37.54318,126.8123,15시,685.0
0,20180218.0,일,오정로(부천시계),B-26,유출,외발산사거리->오쇠삼거리,7034.0,37.54318,126.8123,16시,686.0
0,20180218.0,일,오정로(부천시계),B-26,유출,외발산사거리->오쇠삼거리,7034.0,37.54318,126.8123,17시,693.0
0,20180218.0,일,오정로(부천시계),B-26,유출,외발산사거리->오쇠삼거리,7034.0,37.54318,126.8123,18시,659.0
0,20180218.0,일,오정로(부천시계),B-26,유출,외발산사거리->오쇠삼거리,7034.0,37.54318,126.8123,19시,514.0
0,20180218.0,일,오정로(부천시계),B-26,유출,외발산사거리->오쇠삼거리,7034.0,37.54318,126.8123,20시,394.0
0,20180219.0,월,오정로(부천시계),B-26,유출,외발산사거리->오쇠삼거리,9853.0,37.54318,126.8123,8시,856.0
0,20180219.0,월,오정로(부천시계),B-26,유출,외발산사거리->오쇠삼거리,9853.0,37.54318,126.8123,9시,593.0
0,20180219.0,월,오정로(부천시계),B-26,유출,외발산사거리->오쇠삼거리,9853.0,37.54318,126.8123,10시,590.0
0,20180219.0,월,오정로(부천시계),B-26,유출,외발산사거리->오쇠삼거리,9853.0,37.54318,126.8123,11시,604.0
0,20180219.0,월,오정로(부천시계),B-26,유출,외발산사거리->오쇠삼거리,9853.0,37.54318,126.8123,12시,607.0
0,20180219.0,월,오정로(부천시계),B-26,유출,외발산사거리->오쇠삼거리,9853.0,37.54318,126.8123,13시,687.0
0,20180219.0,월,오정로(부천시계),B-26,유출,외발산사거리->오쇠삼거리,9853.0,37.54318,126.8123,14시,655.0
0,20180219.0,월,오정로(부천시계),B-26,유출,외발산사거리->오쇠삼거리,9853.0,37.54318,126.8123,15시,757.0
0,20180219.0,월,오정로(부천시계),B-26,유출,외발산사거리->오쇠삼거리,9853.0,37.54318,126.8123,16시,852.0
0,20180219.0,월,오정로(부천시계),B-26,유출,외발산사거리->오쇠삼거리,9853.0,37.54318,126.8123,17시,1124.0
0,20180219.0,월,오정로(부천시계),B-26,유출,외발산사거리->오쇠삼거리,9853.0,37.54318,126.8123,18시,1113.0
0,20180219.0,월,오정로(부천시계),B-26,유출,외발산사거리->오쇠삼거리,9853.0,37.54318,126.8123,19시,881.0
0,20180219.0,월,오정로(부천시계),B-26,유출,외발산사거리->오쇠삼거리,9853.0,37.54318,126.8123,20시,534.0
0,20180220.0,화,오정로(부천시계),B-26,유출,외발산사거리->오쇠삼거리,10498.0,37.54318,126.8123,8시,827.0
0,20180220.0,화,오정로(부천시계),B-26,유출,외발산사거리->오쇠삼거리,10498.0,37.54318,126.8123,9시,724.0
0,20180220.0,화,오정로(부천시계),B-26,유출,외발산사거리->오쇠삼거리,10498.0,37.54318,126.8123,10시,720.0
0,20180220.0,화,오정로(부천시계),B-26,유출,외발산사거리->오쇠삼거리,10498.0,37.54318,126.8123,11시,676.0
0,20180220.0,화,오정로(부천시계),B-26,유출,외발산사거리->오쇠삼거리,10498.0,37.54318,126.8123,12시,628.0
0,20180220.0,화,오정로(부천시계),B-26,유출,외발산사거리->오쇠삼거리,10498.0,37.54318,126.8123,13시,682.0
0,20180220.0,화,오정로(부천시계),B-26,유출,외발산사거리->오쇠삼거리,10498.0,37.54318,126.8123,14시,705.0
0,20180220.0,화,오정로(부천시계),B-26,유출,외발산사거리->오쇠삼거리,10498.0,37.54318,126.8123,15시,755.0
0,20180220.0,화,오정로(부천시계),B-26,유출,외발산사거리->오쇠삼거리,10498.0,37.54318,126.8123,16시,864.0
0,20180220.0,화,오정로(부천시계),B-26,유출,외발산사거리->오쇠삼거리,10498.0,37.54318,126.8123,17시,1217.0
0,20180220.0,화,오정로(부천시계),B-26,유출,외발산사거리->오쇠삼거리,10498.0,37.54318,126.8123,18시,1231.0
0,20180220.0,화,오정로(부천시계),B-26,유출,외발산사거리->오쇠삼거리,10498.0,37.54318,126.8123,19시,917.0
0,20180220.0,화,오정로(부천시계),B-26,유출,외발산사거리->오쇠삼거리,10498.0,37.54318,126.8123,20시,552.0
0,20180221.0,수,오정로(부천시계),B-26,유출,외발산사거리->오쇠삼거리,10688.0,37.54318,126.8123,8시,823.0
0,20180221.0,수,오정로(부천시계),B-26,유출,외발산사거리->오쇠삼거리,10688.0,37.54318,126.8123,9시,704.0
0,20180221.0,수,오정로(부천시계),B-26,유출,외발산사거리->오쇠삼거리,10688.0,37.54318,126.8123,10시,715.0
0,20180221.0,수,오정로(부천시계),B-26,유출,외발산사거리->오쇠삼거리,10688.0,37.54318,126.8123,11시,714.0
0,20180221.0,수,오정로(부천시계),B-26,유출,외발산사거리->오쇠삼거리,10688.0,37.54318,126.8123,12시,658.0
0,20180221.0,수,오정로(부천시계),B-26,유출,외발산사거리->오쇠삼거리,10688.0,37.54318,126.8123,13시,690.0
0,20180221.0,수,오정로(부천시계),B-26,유출,외발산사거리->오쇠삼거리,10688.0,37.54318,126.8123,14시,738.0
0,20180221.0,수,오정로(부천시계),B-26,유출,외발산사거리->오쇠삼거리,10688.0,37.54318,126.8123,15시,796.0
0,20180221.0,수,오정로(부천시계),B-26,유출,외발산사거리->오쇠삼거리,10688.0,37.54318,126.8123,16시,839.0
0,20180221.0,수,오정로(부천시계),B-26,유출,외발산사거리->오쇠삼거리,10688.0,37.54318,126.8123,17시,1200.0
0,20180221.0,수,오정로(부천시계),B-26,유출,외발산사거리->오쇠삼거리,10688.0,37.54318,126.8123,18시,1178.0
0,20180221.0,수,오정로(부천시계),B-26,유출,외발산사거리->오쇠삼거리,10688.0,37.54318,126.8123,19시,1038.0
0,20180221.0,수,오정로(부천시계),B-26,유출,외발산사거리->오쇠삼거리,10688.0,37.54318,126.8123,20시,595.0
0,20180222.0,목,오정로(부천시계),B-26,유출,외발산사거리->오쇠삼거리,10580.0,37.54318,126.8123,8시,825.0
0,20180222.0,목,오정로(부천시계),B-26,유출,외발산사거리->오쇠삼거리,10580.0,37.54318,126.8123,9시,654.0
0,20180222.0,목,오정로(부천시계),B-26,유출,외발산사거리->오쇠삼거리,10580.0,37.54318,126.8123,10시,727.0
0,20180222.0,목,오정로(부천시계),B-26,유출,외발산사거리->오쇠삼거리,10580.0,37.54318,126.8123,11시,693.0
0,20180222.0,목,오정로(부천시계),B-26,유출,외발산사거리->오쇠삼거리,10580.0,37.54318,126.8123,12시,646.0
0,20180222.0,목,오정로(부천시계),B-26,유출,외발산사거리->오쇠삼거리,10580.0,37.54318,126.8123,13시,634.0
0,20180222.0,목,오정로(부천시계),B-26,유출,외발산사거리->오쇠삼거리,10580.0,37.54318,126.8123,14시,698.0
0,20180222.0,목,오정로(부천시계),B-26,유출,외발산사거리->오쇠삼거리,10580.0,37.54318,126.8123,15시,740.0
0,20180222.0,목,오정로(부천시계),B-26,유출,외발산사거리->오쇠삼거리,10580.0,37.54318,126.8123,16시,945.0
0,20180222.0,목,오정로(부천시계),B-26,유출,외발산사거리->오쇠삼거리,10580.0,37.54318,126.8123,17시,1184.0
0,20180222.0,목,오정로(부천시계),B-26,유출,외발산사거리->오쇠삼거리,10580.0,37.54318,126.8123,18시,1298.0
0,20180222.0,목,오정로(부천시계),B-26,유출,외발산사거리->오쇠삼거리,10580.0,37.54318,126.8123,19시,949.0
0,20180222.0,목,오정로(부천시계),B-26,유출,외발산사거리->오쇠삼거리,10580.0,37.54318,126.8123,20시,587.0
0,20180223.0,금,오정로(부천시계),B-26,유출,외발산사거리->오쇠삼거리,11009.0,37.54318,126.8123,8시,804.0
0,20180223.0,금,오정로(부천시계),B-26,유출,외발산사거리->오쇠삼거리,11009.0,37.54318,126.8123,9시,715.0
0,20180223.0,금,오정로(부천시계),B-26,유출,외발산사거리->오쇠삼거리,11009.0,37.54318,126.8123,10시,683.0
0,20180223.0,금,오정로(부천시계),B-26,유출,외발산사거리->오쇠삼거리,11009.0,37.54318,126.8123,11시,710.0
0,20180223.0,금,오정로(부천시계),B-26,유출,외발산사거리->오쇠삼거리,11009.0,37.54318,126.8123,12시,698.0
0,20180223.0,금,오정로(부천시계),B-26,유출,외발산사거리->오쇠삼거리,11009.0,37.54318,126.8123,13시,722.0
0,20180223.0,금,오정로(부천시계),B-26,유출,외발산사거리->오쇠삼거리,11009.0,37.54318,126.8123,14시,708.0
0,20180223.0,금,오정로(부천시계),B-26,유출,외발산사거리->오쇠삼거리,11009.0,37.54318,126.8123,15시,778.0
0,20180223.0,금,오정로(부천시계),B-26,유출,외발산사거리->오쇠삼거리,11009.0,37.54318,126.8123,16시,998.0
0,20180223.0,금,오정로(부천시계),B-26,유출,외발산사거리->오쇠삼거리,11009.0,37.54318,126.8123,17시,1246.0
0,20180223.0,금,오정로(부천시계),B-26,유출,외발산사거리->오쇠삼거리,11009.0,37.54318,126.8123,18시,1242.0
0,20180223.0,금,오정로(부천시계),B-26,유출,외발산사거리->오쇠삼거리,11009.0,37.54318,126.8123,19시,1023.0
0,20180223.0,금,오정로(부천시계),B-26,유출,외발산사거리->오쇠삼거리,11009.0,37.54318,126.8123,20시,682.0
0,20180224.0,토,오정로(부천시계),B-26,유출,외발산사거리->오쇠삼거리,9855.0,37.54318,126.8123,8시,562.0
0,20180224.0,토,오정로(부천시계),B-26,유출,외발산사거리->오쇠삼거리,9855.0,37.54318,126.8123,9시,575.0
0,20180224.0,토,오정로(부천시계),B-26,유출,외발산사거리->오쇠삼거리,9855.0,37.54318,126.8123,10시,590.0
0,20180224.0,토,오정로(부천시계),B-26,유출,외발산사거리->오쇠삼거리,9855.0,37.54318,126.8123,11시,688.0
0,20180224.0,토,오정로(부천시계),B-26,유출,외발산사거리->오쇠삼거리,9855.0,37.54318,126.8123,12시,665.0
0,20180224.0,토,오정로(부천시계),B-26,유출,외발산사거리->오쇠삼거리,9855.0,37.54318,126.8123,13시,657.0
0,20180224.0,토,오정로(부천시계),B-26,유출,외발산사거리->오쇠삼거리,9855.0,37.54318,126.8123,14시,747.0
0,20180224.0,토,오정로(부천시계),B-26,유출,외발산사거리->오쇠삼거리,9855.0,37.54318,126.8123,15시,874.0
0,20180224.0,토,오정로(부천시계),B-26,유출,외발산사거리->오쇠삼거리,9855.0,37.54318,126.8123,16시,1006.0
0,20180224.0,토,오정로(부천시계),B-26,유출,외발산사거리->오쇠삼거리,9855.0,37.54318,126.8123,17시,1217.0
0,20180224.0,토,오정로(부천시계),B-26,유출,외발산사거리->오쇠삼거리,9855.0,37.54318,126.8123,18시,994.0
0,20180224.0,토,오정로(부천시계),B-26,유출,외발산사거리->오쇠삼거리,9855.0,37.54318,126.8123,19시,726.0
0,20180224.0,토,오정로(부천시계),B-26,유출,외발산사거리->오쇠삼거리,9855.0,37.54318,126.8123,20시,554.0
0,20180225.0,일,오정로(부천시계),B-26,유출,외발산사거리->오쇠삼거리,7422.0,37.54318,126.8123,8시,337.0
0,20180225.0,일,오정로(부천시계),B-26,유출,외발산사거리->오쇠삼거리,7422.0,37.54318,126.8123,9시,408.0
0,20180225.0,일,오정로(부천시계),B-26,유출,외발산사거리->오쇠삼거리,7422.0,37.54318,126.8123,10시,435.0
0,20180225.0,일,오정로(부천시계),B-26,유출,외발산사거리->오쇠삼거리,7422.0,37.54318,126.8123,11시,512.0
0,20180225.0,일,오정로(부천시계),B-26,유출,외발산사거리->오쇠삼거리,7422.0,37.54318,126.8123,12시,497.0
0,20180225.0,일,오정로(부천시계),B-26,유출,외발산사거리->오쇠삼거리,7422.0,37.54318,126.8123,13시,578.0
0,20180225.0,일,오정로(부천시계),B-26,유출,외발산사거리->오쇠삼거리,7422.0,37.54318,126.8123,14시,606.0
0,20180225.0,일,오정로(부천시계),B-26,유출,외발산사거리->오쇠삼거리,7422.0,37.54318,126.8123,15시,665.0
0,20180225.0,일,오정로(부천시계),B-26,유출,외발산사거리->오쇠삼거리,7422.0,37.54318,126.8123,16시,794.0
0,20180225.0,일,오정로(부천시계),B-26,유출,외발산사거리->오쇠삼거리,7422.0,37.54318,126.8123,17시,816.0
0,20180225.0,일,오정로(부천시계),B-26,유출,외발산사거리->오쇠삼거리,7422.0,37.54318,126.8123,18시,731.0
0,20180225.0,일,오정로(부천시계),B-26,유출,외발산사거리->오쇠삼거리,7422.0,37.54318,126.8123,19시,535.0
0,20180225.0,일,오정로(부천시계),B-26,유출,외발산사거리->오쇠삼거리,7422.0,37.54318,126.8123,20시,508.0
0,20180226.0,월,오정로(부천시계),B-26,유출,외발산사거리->오쇠삼거리,10694.0,37.54318,126.8123,8시,799.0
0,20180226.0,월,오정로(부천시계),B-26,유출,외발산사거리->오쇠삼거리,10694.0,37.54318,126.8123,9시,668.0
0,20180226.0,월,오정로(부천시계),B-26,유출,외발산사거리->오쇠삼거리,10694.0,37.54318,126.8123,10시,654.0
0,20180226.0,월,오정로(부천시계),B-26,유출,외발산사거리->오쇠삼거리,10694.0,37.54318,126.8123,11시,687.0
0,20180226.0,월,오정로(부천시계),B-26,유출,외발산사거리->오쇠삼거리,10694.0,37.54318,126.8123,12시,657.0
0,20180226.0,월,오정로(부천시계),B-26,유출,외발산사거리->오쇠삼거리,10694.0,37.54318,126.8123,13시,696.0
0,20180226.0,월,오정로(부천시계),B-26,유출,외발산사거리->오쇠삼거리,10694.0,37.54318,126.8123,14시,694.0
0,20180226.0,월,오정로(부천시계),B-26,유출,외발산사거리->오쇠삼거리,10694.0,37.54318,126.8123,15시,790.0
0,20180226.0,월,오정로(부천시계),B-26,유출,외발산사거리->오쇠삼거리,10694.0,37.54318,126.8123,16시,913.0
0,20180226.0,월,오정로(부천시계),B-26,유출,외발산사거리->오쇠삼거리,10694.0,37.54318,126.8123,17시,1250.0
0,20180226.0,월,오정로(부천시계),B-26,유출,외발산사거리->오쇠삼거리,10694.0,37.54318,126.8123,18시,1266.0
0,20180226.0,월,오정로(부천시계),B-26,유출,외발산사거리->오쇠삼거리,10694.0,37.54318,126.8123,19시,990.0
0,20180226.0,월,오정로(부천시계),B-26,유출,외발산사거리->오쇠삼거리,10694.0,37.54318,126.8123,20시,630.0
0,20180227.0,화,오정로(부천시계),B-26,유출,외발산사거리->오쇠삼거리,10853.0,37.54318,126.8123,8시,817.0
0,20180227.0,화,오정로(부천시계),B-26,유출,외발산사거리->오쇠삼거리,10853.0,37.54318,126.8123,9시,723.0
0,20180227.0,화,오정로(부천시계),B-26,유출,외발산사거리->오쇠삼거리,10853.0,37.54318,126.8123,10시,695.0
0,20180227.0,화,오정로(부천시계),B-26,유출,외발산사거리->오쇠삼거리,10853.0,37.54318,126.8123,11시,703.0
0,20180227.0,화,오정로(부천시계),B-26,유출,외발산사거리->오쇠삼거리,10853.0,37.54318,126.8123,12시,606.0
0,20180227.0,화,오정로(부천시계),B-26,유출,외발산사거리->오쇠삼거리,10853.0,37.54318,126.8123,13시,700.0
0,20180227.0,화,오정로(부천시계),B-26,유출,외발산사거리->오쇠삼거리,10853.0,37.54318,126.8123,14시,708.0
0,20180227.0,화,오정로(부천시계),B-26,유출,외발산사거리->오쇠삼거리,10853.0,37.54318,126.8123,15시,791.0
0,20180227.0,화,오정로(부천시계),B-26,유출,외발산사거리->오쇠삼거리,10853.0,37.54318,126.8123,16시,968.0
0,20180227.0,화,오정로(부천시계),B-26,유출,외발산사거리->오쇠삼거리,10853.0,37.54318,126.8123,17시,1244.0
0,20180227.0,화,오정로(부천시계),B-26,유출,외발산사거리->오쇠삼거리,10853.0,37.54318,126.8123,18시,1248.0
0,20180227.0,화,오정로(부천시계),B-26,유출,외발산사거리->오쇠삼거리,10853.0,37.54318,126.8123,19시,1039.0
0,20180227.0,화,오정로(부천시계),B-26,유출,외발산사거리->오쇠삼거리,10853.0,37.54318,126.8123,20시,611.0
0,20180228.0,수,오정로(부천시계),B-26,유출,외발산사거리->오쇠삼거리,11074.0,37.54318,126.8123,8시,847.0
0,20180228.0,수,오정로(부천시계),B-26,유출,외발산사거리->오쇠삼거리,11074.0,37.54318,126.8123,9시,689.0
0,20180228.0,수,오정로(부천시계),B-26,유출,외발산사거리->오쇠삼거리,11074.0,37.54318,126.8123,10시,696.0
0,20180228.0,수,오정로(부천시계),B-26,유출,외발산사거리->오쇠삼거리,11074.0,37.54318,126.8123,11시,703.0
0,20180228.0,수,오정로(부천시계),B-26,유출,외발산사거리->오쇠삼거리,11074.0,37.54318,126.8123,12시,714.0
0,20180228.0,수,오정로(부천시계),B-26,유출,외발산사거리->오쇠삼거리,11074.0,37.54318,126.8123,13시,741.0
0,20180228.0,수,오정로(부천시계),B-26,유출,외발산사거리->오쇠삼거리,11074.0,37.54318,126.8123,14시,828.0
0,20180228.0,수,오정로(부천시계),B-26,유출,외발산사거리->오쇠삼거리,11074.0,37.54318,126.8123,15시,836.0
0,20180228.0,수,오정로(부천시계),B-26,유출,외발산사거리->오쇠삼거리,11074.0,37.54318,126.8123,16시,980.0
0,20180228.0,수,오정로(부천시계),B-26,유출,외발산사거리->오쇠삼거리,11074.0,37.54318,126.8123,17시,1107.0
0,20180228.0,수,오정로(부천시계),B-26,유출,외발산사거리->오쇠삼거리,11074.0,37.54318,126.8123,18시,1148.0
0,20180228.0,수,오정로(부천시계),B-26,유출,외발산사거리->오쇠삼거리,11074.0,37.54318,126.8123,19시,1076.0
0,20180228.0,수,오정로(부천시계),B-26,유출,외발산사거리->오쇠삼거리,11074.0,37.54318,126.8123,20시,709.0
0,20180301.0,목,오정로(부천시계),B-26,유입,오쇠삼거리->외발산사거리,6143.0,37.54318,126.8123,8시,430.0
0,20180301.0,목,오정로(부천시계),B-26,유입,오쇠삼거리->외발산사거리,6143.0,37.54318,126.8123,9시,498.0
0,20180301.0,목,오정로(부천시계),B-26,유입,오쇠삼거리->외발산사거리,6143.0,37.54318,126.8123,10시,486.0
0,20180301.0,목,오정로(부천시계),B-26,유입,오쇠삼거리->외발산사거리,6143.0,37.54318,126.8123,11시,500.0
0,20180301.0,목,오정로(부천시계),B-26,유입,오쇠삼거리->외발산사거리,6143.0,37.54318,126.8123,12시,538.0
0,20180301.0,목,오정로(부천시계),B-26,유입,오쇠삼거리->외발산사거리,6143.0,37.54318,126.8123,13시,520.0
0,20180301.0,목,오정로(부천시계),B-26,유입,오쇠삼거리->외발산사거리,6143.0,37.54318,126.8123,14시,504.0
0,20180301.0,목,오정로(부천시계),B-26,유입,오쇠삼거리->외발산사거리,6143.0,37.54318,126.8123,15시,464.0
0,20180301.0,목,오정로(부천시계),B-26,유입,오쇠삼거리->외발산사거리,6143.0,37.54318,126.8123,16시,520.0
0,20180301.0,목,오정로(부천시계),B-26,유입,오쇠삼거리->외발산사거리,6143.0,37.54318,126.8123,17시,526.0
0,20180301.0,목,오정로(부천시계),B-26,유입,오쇠삼거리->외발산사거리,6143.0,37.54318,126.8123,18시,456.0
0,20180301.0,목,오정로(부천시계),B-26,유입,오쇠삼거리->외발산사거리,6143.0,37.54318,126.8123,19시,361.0
0,20180301.0,목,오정로(부천시계),B-26,유입,오쇠삼거리->외발산사거리,6143.0,37.54318,126.8123,20시,340.0
0,20180302.0,금,오정로(부천시계),B-26,유입,오쇠삼거리->외발산사거리,7761.0,37.54318,126.8123,8시,809.0
0,20180302.0,금,오정로(부천시계),B-26,유입,오쇠삼거리->외발산사거리,7761.0,37.54318,126.8123,9시,639.0
0,20180302.0,금,오정로(부천시계),B-26,유입,오쇠삼거리->외발산사거리,7761.0,37.54318,126.8123,10시,606.0
0,20180302.0,금,오정로(부천시계),B-26,유입,오쇠삼거리->외발산사거리,7761.0,37.54318,126.8123,11시,648.0
0,20180302.0,금,오정로(부천시계),B-26,유입,오쇠삼거리->외발산사거리,7761.0,37.54318,126.8123,12시,568.0
0,20180302.0,금,오정로(부천시계),B-26,유입,오쇠삼거리->외발산사거리,7761.0,37.54318,126.8123,13시,573.0
0,20180302.0,금,오정로(부천시계),B-26,유입,오쇠삼거리->외발산사거리,7761.0,37.54318,126.8123,14시,565.0
0,20180302.0,금,오정로(부천시계),B-26,유입,오쇠삼거리->외발산사거리,7761.0,37.54318,126.8123,15시,569.0
0,20180302.0,금,오정로(부천시계),B-26,유입,오쇠삼거리->외발산사거리,7761.0,37.54318,126.8123,16시,603.0
0,20180302.0,금,오정로(부천시계),B-26,유입,오쇠삼거리->외발산사거리,7761.0,37.54318,126.8123,17시,762.0
0,20180302.0,금,오정로(부천시계),B-26,유입,오쇠삼거리->외발산사거리,7761.0,37.54318,126.8123,18시,580.0
0,20180302.0,금,오정로(부천시계),B-26,유입,오쇠삼거리->외발산사거리,7761.0,37.54318,126.8123,19시,471.0
0,20180302.0,금,오정로(부천시계),B-26,유입,오쇠삼거리->외발산사거리,7761.0,37.54318,126.8123,20시,368.0
0,20180303.0,토,오정로(부천시계),B-26,유입,오쇠삼거리->외발산사거리,6924.0,37.54318,126.8123,8시,550.0
0,20180303.0,토,오정로(부천시계),B-26,유입,오쇠삼거리->외발산사거리,6924.0,37.54318,126.8123,9시,578.0
0,20180303.0,토,오정로(부천시계),B-26,유입,오쇠삼거리->외발산사거리,6924.0,37.54318,126.8123,10시,571.0
0,20180303.0,토,오정로(부천시계),B-26,유입,오쇠삼거리->외발산사거리,6924.0,37.54318,126.8123,11시,602.0
0,20180303.0,토,오정로(부천시계),B-26,유입,오쇠삼거리->외발산사거리,6924.0,37.54318,126.8123,12시,623.0
0,20180303.0,토,오정로(부천시계),B-26,유입,오쇠삼거리->외발산사거리,6924.0,37.54318,126.8123,13시,550.0
0,20180303.0,토,오정로(부천시계),B-26,유입,오쇠삼거리->외발산사거리,6924.0,37.54318,126.8123,14시,594.0
0,20180303.0,토,오정로(부천시계),B-26,유입,오쇠삼거리->외발산사거리,6924.0,37.54318,126.8123,15시,551.0
0,20180303.0,토,오정로(부천시계),B-26,유입,오쇠삼거리->외발산사거리,6924.0,37.54318,126.8123,16시,562.0
0,20180303.0,토,오정로(부천시계),B-26,유입,오쇠삼거리->외발산사거리,6924.0,37.54318,126.8123,17시,578.0
0,20180303.0,토,오정로(부천시계),B-26,유입,오쇠삼거리->외발산사거리,6924.0,37.54318,126.8123,18시,478.0
0,20180303.0,토,오정로(부천시계),B-26,유입,오쇠삼거리->외발산사거리,6924.0,37.54318,126.8123,19시,383.0
0,20180303.0,토,오정로(부천시계),B-26,유입,오쇠삼거리->외발산사거리,6924.0,37.54318,126.8123,20시,304.0
0,20180304.0,일,오정로(부천시계),B-26,유입,오쇠삼거리->외발산사거리,5374.0,37.54318,126.8123,8시,319.0
0,20180304.0,일,오정로(부천시계),B-26,유입,오쇠삼거리->외발산사거리,5374.0,37.54318,126.8123,9시,405.0
0,20180304.0,일,오정로(부천시계),B-26,유입,오쇠삼거리->외발산사거리,5374.0,37.54318,126.8123,10시,438.0
0,20180304.0,일,오정로(부천시계),B-26,유입,오쇠삼거리->외발산사거리,5374.0,37.54318,126.8123,11시,416.0
0,20180304.0,일,오정로(부천시계),B-26,유입,오쇠삼거리->외발산사거리,5374.0,37.54318,126.8123,12시,427.0
0,20180304.0,일,오정로(부천시계),B-26,유입,오쇠삼거리->외발산사거리,5374.0,37.54318,126.8123,13시,484.0
0,20180304.0,일,오정로(부천시계),B-26,유입,오쇠삼거리->외발산사거리,5374.0,37.54318,126.8123,14시,423.0
0,20180304.0,일,오정로(부천시계),B-26,유입,오쇠삼거리->외발산사거리,5374.0,37.54318,126.8123,15시,473.0
0,20180304.0,일,오정로(부천시계),B-26,유입,오쇠삼거리->외발산사거리,5374.0,37.54318,126.8123,16시,506.0
0,20180304.0,일,오정로(부천시계),B-26,유입,오쇠삼거리->외발산사거리,5374.0,37.54318,126.8123,17시,439.0
0,20180304.0,일,오정로(부천시계),B-26,유입,오쇠삼거리->외발산사거리,5374.0,37.54318,126.8123,18시,421.0
0,20180304.0,일,오정로(부천시계),B-26,유입,오쇠삼거리->외발산사거리,5374.0,37.54318,126.8123,19시,363.0
0,20180304.0,일,오정로(부천시계),B-26,유입,오쇠삼거리->외발산사거리,5374.0,37.54318,126.8123,20시,260.0
0,20180305.0,월,오정로(부천시계),B-26,유입,오쇠삼거리->외발산사거리,7519.0,37.54318,126.8123,8시,821.0
0,20180305.0,월,오정로(부천시계),B-26,유입,오쇠삼거리->외발산사거리,7519.0,37.54318,126.8123,9시,714.0
0,20180305.0,월,오정로(부천시계),B-26,유입,오쇠삼거리->외발산사거리,7519.0,37.54318,126.8123,10시,535.0
0,20180305.0,월,오정로(부천시계),B-26,유입,오쇠삼거리->외발산사거리,7519.0,37.54318,126.8123,11시,552.0
0,20180305.0,월,오정로(부천시계),B-26,유입,오쇠삼거리->외발산사거리,7519.0,37.54318,126.8123,12시,551.0
0,20180305.0,월,오정로(부천시계),B-26,유입,오쇠삼거리->외발산사거리,7519.0,37.54318,126.8123,13시,491.0
0,20180305.0,월,오정로(부천시계),B-26,유입,오쇠삼거리->외발산사거리,7519.0,37.54318,126.8123,14시,539.0
0,20180305.0,월,오정로(부천시계),B-26,유입,오쇠삼거리->외발산사거리,7519.0,37.54318,126.8123,15시,514.0
0,20180305.0,월,오정로(부천시계),B-26,유입,오쇠삼거리->외발산사거리,7519.0,37.54318,126.8123,16시,581.0
0,20180305.0,월,오정로(부천시계),B-26,유입,오쇠삼거리->외발산사거리,7519.0,37.54318,126.8123,17시,665.0
0,20180305.0,월,오정로(부천시계),B-26,유입,오쇠삼거리->외발산사거리,7519.0,37.54318,126.8123,18시,621.0
0,20180305.0,월,오정로(부천시계),B-26,유입,오쇠삼거리->외발산사거리,7519.0,37.54318,126.8123,19시,560.0
0,20180305.0,월,오정로(부천시계),B-26,유입,오쇠삼거리->외발산사거리,7519.0,37.54318,126.8123,20시,375.0
0,20180306.0,화,오정로(부천시계),B-26,유입,오쇠삼거리->외발산사거리,7601.0,37.54318,126.8123,8시,846.0
0,20180306.0,화,오정로(부천시계),B-26,유입,오쇠삼거리->외발산사거리,7601.0,37.54318,126.8123,9시,758.0
0,20180306.0,화,오정로(부천시계),B-26,유입,오쇠삼거리->외발산사거리,7601.0,37.54318,126.8123,10시,569.0
0,20180306.0,화,오정로(부천시계),B-26,유입,오쇠삼거리->외발산사거리,7601.0,37.54318,126.8123,11시,594.0
0,20180306.0,화,오정로(부천시계),B-26,유입,오쇠삼거리->외발산사거리,7601.0,37.54318,126.8123,12시,510.0
0,20180306.0,화,오정로(부천시계),B-26,유입,오쇠삼거리->외발산사거리,7601.0,37.54318,126.8123,13시,545.0
0,20180306.0,화,오정로(부천시계),B-26,유입,오쇠삼거리->외발산사거리,7601.0,37.54318,126.8123,14시,506.0
0,20180306.0,화,오정로(부천시계),B-26,유입,오쇠삼거리->외발산사거리,7601.0,37.54318,126.8123,15시,531.0
0,20180306.0,화,오정로(부천시계),B-26,유입,오쇠삼거리->외발산사거리,7601.0,37.54318,126.8123,16시,559.0
0,20180306.0,화,오정로(부천시계),B-26,유입,오쇠삼거리->외발산사거리,7601.0,37.54318,126.8123,17시,652.0
0,20180306.0,화,오정로(부천시계),B-26,유입,오쇠삼거리->외발산사거리,7601.0,37.54318,126.8123,18시,644.0
0,20180306.0,화,오정로(부천시계),B-26,유입,오쇠삼거리->외발산사거리,7601.0,37.54318,126.8123,19시,538.0
0,20180306.0,화,오정로(부천시계),B-26,유입,오쇠삼거리->외발산사거리,7601.0,37.54318,126.8123,20시,349.0
0,20180307.0,수,오정로(부천시계),B-26,유입,오쇠삼거리->외발산사거리,7710.0,37.54318,126.8123,8시,896.0
0,20180307.0,수,오정로(부천시계),B-26,유입,오쇠삼거리->외발산사거리,7710.0,37.54318,126.8123,9시,727.0
0,20180307.0,수,오정로(부천시계),B-26,유입,오쇠삼거리->외발산사거리,7710.0,37.54318,126.8123,10시,585.0
0,20180307.0,수,오정로(부천시계),B-26,유입,오쇠삼거리->외발산사거리,7710.0,37.54318,126.8123,11시,626.0
0,20180307.0,수,오정로(부천시계),B-26,유입,오쇠삼거리->외발산사거리,7710.0,37.54318,126.8123,12시,528.0
0,20180307.0,수,오정로(부천시계),B-26,유입,오쇠삼거리->외발산사거리,7710.0,37.54318,126.8123,13시,519.0
0,20180307.0,수,오정로(부천시계),B-26,유입,오쇠삼거리->외발산사거리,7710.0,37.54318,126.8123,14시,569.0
0,20180307.0,수,오정로(부천시계),B-26,유입,오쇠삼거리->외발산사거리,7710.0,37.54318,126.8123,15시,562.0
0,20180307.0,수,오정로(부천시계),B-26,유입,오쇠삼거리->외발산사거리,7710.0,37.54318,126.8123,16시,546.0
0,20180307.0,수,오정로(부천시계),B-26,유입,오쇠삼거리->외발산사거리,7710.0,37.54318,126.8123,17시,654.0
0,20180307.0,수,오정로(부천시계),B-26,유입,오쇠삼거리->외발산사거리,7710.0,37.54318,126.8123,18시,641.0
0,20180307.0,수,오정로(부천시계),B-26,유입,오쇠삼거리->외발산사거리,7710.0,37.54318,126.8123,19시,488.0
0,20180307.0,수,오정로(부천시계),B-26,유입,오쇠삼거리->외발산사거리,7710.0,37.54318,126.8123,20시,369.0
0,20180308.0,목,오정로(부천시계),B-26,유입,오쇠삼거리->외발산사거리,7525.0,37.54318,126.8123,8시,839.0
0,20180308.0,목,오정로(부천시계),B-26,유입,오쇠삼거리->외발산사거리,7525.0,37.54318,126.8123,9시,769.0
0,20180308.0,목,오정로(부천시계),B-26,유입,오쇠삼거리->외발산사거리,7525.0,37.54318,126.8123,10시,571.0
0,20180308.0,목,오정로(부천시계),B-26,유입,오쇠삼거리->외발산사거리,7525.0,37.54318,126.8123,11시,603.0
0,20180308.0,목,오정로(부천시계),B-26,유입,오쇠삼거리->외발산사거리,7525.0,37.54318,126.8123,12시,541.0
0,20180308.0,목,오정로(부천시계),B-26,유입,오쇠삼거리->외발산사거리,7525.0,37.54318,126.8123,13시,516.0
0,20180308.0,목,오정로(부천시계),B-26,유입,오쇠삼거리->외발산사거리,7525.0,37.54318,126.8123,14시,477.0
0,20180308.0,목,오정로(부천시계),B-26,유입,오쇠삼거리->외발산사거리,7525.0,37.54318,126.8123,15시,536.0
0,20180308.0,목,오정로(부천시계),B-26,유입,오쇠삼거리->외발산사거리,7525.0,37.54318,126.8123,16시,580.0
0,20180308.0,목,오정로(부천시계),B-26,유입,오쇠삼거리->외발산사거리,7525.0,37.54318,126.8123,17시,609.0
0,20180308.0,목,오정로(부천시계),B-26,유입,오쇠삼거리->외발산사거리,7525.0,37.54318,126.8123,18시,626.0
0,20180308.0,목,오정로(부천시계),B-26,유입,오쇠삼거리->외발산사거리,7525.0,37.54318,126.8123,19시,500.0
0,20180308.0,목,오정로(부천시계),B-26,유입,오쇠삼거리->외발산사거리,7525.0,37.54318,126.8123,20시,358.0
0,20180309.0,금,오정로(부천시계),B-26,유입,오쇠삼거리->외발산사거리,7795.0,37.54318,126.8123,8시,801.0
0,20180309.0,금,오정로(부천시계),B-26,유입,오쇠삼거리->외발산사거리,7795.0,37.54318,126.8123,9시,685.0
0,20180309.0,금,오정로(부천시계),B-26,유입,오쇠삼거리->외발산사거리,7795.0,37.54318,126.8123,10시,622.0
0,20180309.0,금,오정로(부천시계),B-26,유입,오쇠삼거리->외발산사거리,7795.0,37.54318,126.8123,11시,656.0
0,20180309.0,금,오정로(부천시계),B-26,유입,오쇠삼거리->외발산사거리,7795.0,37.54318,126.8123,12시,531.0
0,20180309.0,금,오정로(부천시계),B-26,유입,오쇠삼거리->외발산사거리,7795.0,37.54318,126.8123,13시,538.0
0,20180309.0,금,오정로(부천시계),B-26,유입,오쇠삼거리->외발산사거리,7795.0,37.54318,126.8123,14시,544.0
0,20180309.0,금,오정로(부천시계),B-26,유입,오쇠삼거리->외발산사거리,7795.0,37.54318,126.8123,15시,570.0
0,20180309.0,금,오정로(부천시계),B-26,유입,오쇠삼거리->외발산사거리,7795.0,37.54318,126.8123,16시,596.0
0,20180309.0,금,오정로(부천시계),B-26,유입,오쇠삼거리->외발산사거리,7795.0,37.54318,126.8123,17시,755.0
0,20180309.0,금,오정로(부천시계),B-26,유입,오쇠삼거리->외발산사거리,7795.0,37.54318,126.8123,18시,607.0
0,20180309.0,금,오정로(부천시계),B-26,유입,오쇠삼거리->외발산사거리,7795.0,37.54318,126.8123,19시,504.0
0,20180309.0,금,오정로(부천시계),B-26,유입,오쇠삼거리->외발산사거리,7795.0,37.54318,126.8123,20시,386.0
0,20180310.0,토,오정로(부천시계),B-26,유입,오쇠삼거리->외발산사거리,7361.0,37.54318,126.8123,8시,564.0
0,20180310.0,토,오정로(부천시계),B-26,유입,오쇠삼거리->외발산사거리,7361.0,37.54318,126.8123,9시,629.0
0,20180310.0,토,오정로(부천시계),B-26,유입,오쇠삼거리->외발산사거리,7361.0,37.54318,126.8123,10시,576.0
0,20180310.0,토,오정로(부천시계),B-26,유입,오쇠삼거리->외발산사거리,7361.0,37.54318,126.8123,11시,668.0
0,20180310.0,토,오정로(부천시계),B-26,유입,오쇠삼거리->외발산사거리,7361.0,37.54318,126.8123,12시,645.0
0,20180310.0,토,오정로(부천시계),B-26,유입,오쇠삼거리->외발산사거리,7361.0,37.54318,126.8123,13시,639.0
0,20180310.0,토,오정로(부천시계),B-26,유입,오쇠삼거리->외발산사거리,7361.0,37.54318,126.8123,14시,589.0
0,20180310.0,토,오정로(부천시계),B-26,유입,오쇠삼거리->외발산사거리,7361.0,37.54318,126.8123,15시,607.0
0,20180310.0,토,오정로(부천시계),B-26,유입,오쇠삼거리->외발산사거리,7361.0,37.54318,126.8123,16시,595.0
0,20180310.0,토,오정로(부천시계),B-26,유입,오쇠삼거리->외발산사거리,7361.0,37.54318,126.8123,17시,615.0
0,20180310.0,토,오정로(부천시계),B-26,유입,오쇠삼거리->외발산사거리,7361.0,37.54318,126.8123,18시,509.0
0,20180310.0,토,오정로(부천시계),B-26,유입,오쇠삼거리->외발산사거리,7361.0,37.54318,126.8123,19시,417.0
0,20180310.0,토,오정로(부천시계),B-26,유입,오쇠삼거리->외발산사거리,7361.0,37.54318,126.8123,20시,308.0
0,20180311.0,일,오정로(부천시계),B-26,유입,오쇠삼거리->외발산사거리,5980.0,37.54318,126.8123,8시,402.0
0,20180311.0,일,오정로(부천시계),B-26,유입,오쇠삼거리->외발산사거리,5980.0,37.54318,126.8123,9시,484.0
0,20180311.0,일,오정로(부천시계),B-26,유입,오쇠삼거리->외발산사거리,5980.0,37.54318,126.8123,10시,519.0
0,20180311.0,일,오정로(부천시계),B-26,유입,오쇠삼거리->외발산사거리,5980.0,37.54318,126.8123,11시,477.0
0,20180311.0,일,오정로(부천시계),B-26,유입,오쇠삼거리->외발산사거리,5980.0,37.54318,126.8123,12시,521.0
0,20180311.0,일,오정로(부천시계),B-26,유입,오쇠삼거리->외발산사거리,5980.0,37.54318,126.8123,13시,534.0
0,20180311.0,일,오정로(부천시계),B-26,유입,오쇠삼거리->외발산사거리,5980.0,37.54318,126.8123,14시,515.0
0,20180311.0,일,오정로(부천시계),B-26,유입,오쇠삼거리->외발산사거리,5980.0,37.54318,126.8123,15시,528.0
0,20180311.0,일,오정로(부천시계),B-26,유입,오쇠삼거리->외발산사거리,5980.0,37.54318,126.8123,16시,454.0
0,20180311.0,일,오정로(부천시계),B-26,유입,오쇠삼거리->외발산사거리,5980.0,37.54318,126.8123,17시,495.0
0,20180311.0,일,오정로(부천시계),B-26,유입,오쇠삼거리->외발산사거리,5980.0,37.54318,126.8123,18시,461.0
0,20180311.0,일,오정로(부천시계),B-26,유입,오쇠삼거리->외발산사거리,5980.0,37.54318,126.8123,19시,316.0
0,20180311.0,일,오정로(부천시계),B-26,유입,오쇠삼거리->외발산사거리,5980.0,37.54318,126.8123,20시,274.0
0,20180312.0,월,오정로(부천시계),B-26,유입,오쇠삼거리->외발산사거리,7887.0,37.54318,126.8123,8시,858.0
0,20180312.0,월,오정로(부천시계),B-26,유입,오쇠삼거리->외발산사거리,7887.0,37.54318,126.8123,9시,682.0
0,20180312.0,월,오정로(부천시계),B-26,유입,오쇠삼거리->외발산사거리,7887.0,37.54318,126.8123,10시,660.0
0,20180312.0,월,오정로(부천시계),B-26,유입,오쇠삼거리->외발산사거리,7887.0,37.54318,126.8123,11시,586.0
0,20180312.0,월,오정로(부천시계),B-26,유입,오쇠삼거리->외발산사거리,7887.0,37.54318,126.8123,12시,583.0
0,20180312.0,월,오정로(부천시계),B-26,유입,오쇠삼거리->외발산사거리,7887.0,37.54318,126.8123,13시,575.0
0,20180312.0,월,오정로(부천시계),B-26,유입,오쇠삼거리->외발산사거리,7887.0,37.54318,126.8123,14시,578.0
0,20180312.0,월,오정로(부천시계),B-26,유입,오쇠삼거리->외발산사거리,7887.0,37.54318,126.8123,15시,569.0
0,20180312.0,월,오정로(부천시계),B-26,유입,오쇠삼거리->외발산사거리,7887.0,37.54318,126.8123,16시,598.0
0,20180312.0,월,오정로(부천시계),B-26,유입,오쇠삼거리->외발산사거리,7887.0,37.54318,126.8123,17시,679.0
0,20180312.0,월,오정로(부천시계),B-26,유입,오쇠삼거리->외발산사거리,7887.0,37.54318,126.8123,18시,630.0
0,20180312.0,월,오정로(부천시계),B-26,유입,오쇠삼거리->외발산사거리,7887.0,37.54318,126.8123,19시,491.0
0,20180312.0,월,오정로(부천시계),B-26,유입,오쇠삼거리->외발산사거리,7887.0,37.54318,126.8123,20시,398.0
0,20180313.0,화,오정로(부천시계),B-26,유입,오쇠삼거리->외발산사거리,7745.0,37.54318,126.8123,8시,854.0
0,20180313.0,화,오정로(부천시계),B-26,유입,오쇠삼거리->외발산사거리,7745.0,37.54318,126.8123,9시,702.0
0,20180313.0,화,오정로(부천시계),B-26,유입,오쇠삼거리->외발산사거리,7745.0,37.54318,126.8123,10시,653.0
0,20180313.0,화,오정로(부천시계),B-26,유입,오쇠삼거리->외발산사거리,7745.0,37.54318,126.8123,11시,689.0
0,20180313.0,화,오정로(부천시계),B-26,유입,오쇠삼거리->외발산사거리,7745.0,37.54318,126.8123,12시,503.0
0,20180313.0,화,오정로(부천시계),B-26,유입,오쇠삼거리->외발산사거리,7745.0,37.54318,126.8123,13시,531.0
0,20180313.0,화,오정로(부천시계),B-26,유입,오쇠삼거리->외발산사거리,7745.0,37.54318,126.8123,14시,522.0
0,20180313.0,화,오정로(부천시계),B-26,유입,오쇠삼거리->외발산사거리,7745.0,37.54318,126.8123,15시,558.0
0,20180313.0,화,오정로(부천시계),B-26,유입,오쇠삼거리->외발산사거리,7745.0,37.54318,126.8123,16시,567.0
0,20180313.0,화,오정로(부천시계),B-26,유입,오쇠삼거리->외발산사거리,7745.0,37.54318,126.8123,17시,663.0
0,20180313.0,화,오정로(부천시계),B-26,유입,오쇠삼거리->외발산사거리,7745.0,37.54318,126.8123,18시,631.0
0,20180313.0,화,오정로(부천시계),B-26,유입,오쇠삼거리->외발산사거리,7745.0,37.54318,126.8123,19시,508.0
0,20180313.0,화,오정로(부천시계),B-26,유입,오쇠삼거리->외발산사거리,7745.0,37.54318,126.8123,20시,364.0
0,20180314.0,수,오정로(부천시계),B-26,유입,오쇠삼거리->외발산사거리,7724.0,37.54318,126.8123,8시,853.0
0,20180314.0,수,오정로(부천시계),B-26,유입,오쇠삼거리->외발산사거리,7724.0,37.54318,126.8123,9시,689.0
0,20180314.0,수,오정로(부천시계),B-26,유입,오쇠삼거리->외발산사거리,7724.0,37.54318,126.8123,10시,629.0
0,20180314.0,수,오정로(부천시계),B-26,유입,오쇠삼거리->외발산사거리,7724.0,37.54318,126.8123,11시,649.0
0,20180314.0,수,오정로(부천시계),B-26,유입,오쇠삼거리->외발산사거리,7724.0,37.54318,126.8123,12시,504.0
0,20180314.0,수,오정로(부천시계),B-26,유입,오쇠삼거리->외발산사거리,7724.0,37.54318,126.8123,13시,541.0
0,20180314.0,수,오정로(부천시계),B-26,유입,오쇠삼거리->외발산사거리,7724.0,37.54318,126.8123,14시,573.0
0,20180314.0,수,오정로(부천시계),B-26,유입,오쇠삼거리->외발산사거리,7724.0,37.54318,126.8123,15시,548.0
0,20180314.0,수,오정로(부천시계),B-26,유입,오쇠삼거리->외발산사거리,7724.0,37.54318,126.8123,16시,569.0
0,20180314.0,수,오정로(부천시계),B-26,유입,오쇠삼거리->외발산사거리,7724.0,37.54318,126.8123,17시,720.0
0,20180314.0,수,오정로(부천시계),B-26,유입,오쇠삼거리->외발산사거리,7724.0,37.54318,126.8123,18시,555.0
0,20180314.0,수,오정로(부천시계),B-26,유입,오쇠삼거리->외발산사거리,7724.0,37.54318,126.8123,19시,521.0
0,20180314.0,수,오정로(부천시계),B-26,유입,오쇠삼거리->외발산사거리,7724.0,37.54318,126.8123,20시,373.0
0,20180315.0,목,오정로(부천시계),B-26,유입,오쇠삼거리->외발산사거리,7399.0,37.54318,126.8123,8시,834.0
0,20180315.0,목,오정로(부천시계),B-26,유입,오쇠삼거리->외발산사거리,7399.0,37.54318,126.8123,9시,761.0
0,20180315.0,목,오정로(부천시계),B-26,유입,오쇠삼거리->외발산사거리,7399.0,37.54318,126.8123,10시,615.0
0,20180315.0,목,오정로(부천시계),B-26,유입,오쇠삼거리->외발산사거리,7399.0,37.54318,126.8123,11시,578.0
0,20180315.0,목,오정로(부천시계),B-26,유입,오쇠삼거리->외발산사거리,7399.0,37.54318,126.8123,12시,505.0
0,20180315.0,목,오정로(부천시계),B-26,유입,오쇠삼거리->외발산사거리,7399.0,37.54318,126.8123,13시,537.0
0,20180315.0,목,오정로(부천시계),B-26,유입,오쇠삼거리->외발산사거리,7399.0,37.54318,126.8123,14시,435.0
0,20180315.0,목,오정로(부천시계),B-26,유입,오쇠삼거리->외발산사거리,7399.0,37.54318,126.8123,15시,525.0
0,20180315.0,목,오정로(부천시계),B-26,유입,오쇠삼거리->외발산사거리,7399.0,37.54318,126.8123,16시,522.0
0,20180315.0,목,오정로(부천시계),B-26,유입,오쇠삼거리->외발산사거리,7399.0,37.54318,126.8123,17시,700.0
0,20180315.0,목,오정로(부천시계),B-26,유입,오쇠삼거리->외발산사거리,7399.0,37.54318,126.8123,18시,561.0
0,20180315.0,목,오정로(부천시계),B-26,유입,오쇠삼거리->외발산사거리,7399.0,37.54318,126.8123,19시,454.0
0,20180315.0,목,오정로(부천시계),B-26,유입,오쇠삼거리->외발산사거리,7399.0,37.54318,126.8123,20시,372.0
0,20180316.0,금,오정로(부천시계),B-26,유입,오쇠삼거리->외발산사거리,7810.0,37.54318,126.8123,8시,784.0
0,20180316.0,금,오정로(부천시계),B-26,유입,오쇠삼거리->외발산사거리,7810.0,37.54318,126.8123,9시,734.0
0,20180316.0,금,오정로(부천시계),B-26,유입,오쇠삼거리->외발산사거리,7810.0,37.54318,126.8123,10시,567.0
0,20180316.0,금,오정로(부천시계),B-26,유입,오쇠삼거리->외발산사거리,7810.0,37.54318,126.8123,11시,610.0
0,20180316.0,금,오정로(부천시계),B-26,유입,오쇠삼거리->외발산사거리,7810.0,37.54318,126.8123,12시,584.0
0,20180316.0,금,오정로(부천시계),B-26,유입,오쇠삼거리->외발산사거리,7810.0,37.54318,126.8123,13시,558.0
0,20180316.0,금,오정로(부천시계),B-26,유입,오쇠삼거리->외발산사거리,7810.0,37.54318,126.8123,14시,512.0
0,20180316.0,금,오정로(부천시계),B-26,유입,오쇠삼거리->외발산사거리,7810.0,37.54318,126.8123,15시,559.0
0,20180316.0,금,오정로(부천시계),B-26,유입,오쇠삼거리->외발산사거리,7810.0,37.54318,126.8123,16시,669.0
0,20180316.0,금,오정로(부천시계),B-26,유입,오쇠삼거리->외발산사거리,7810.0,37.54318,126.8123,17시,776.0
0,20180316.0,금,오정로(부천시계),B-26,유입,오쇠삼거리->외발산사거리,7810.0,37.54318,126.8123,18시,513.0
0,20180316.0,금,오정로(부천시계),B-26,유입,오쇠삼거리->외발산사거리,7810.0,37.54318,126.8123,19시,526.0
0,20180316.0,금,오정로(부천시계),B-26,유입,오쇠삼거리->외발산사거리,7810.0,37.54318,126.8123,20시,418.0
0,20180317.0,토,오정로(부천시계),B-26,유입,오쇠삼거리->외발산사거리,7548.0,37.54318,126.8123,8시,545.0
0,20180317.0,토,오정로(부천시계),B-26,유입,오쇠삼거리->외발산사거리,7548.0,37.54318,126.8123,9시,635.0
0,20180317.0,토,오정로(부천시계),B-26,유입,오쇠삼거리->외발산사거리,7548.0,37.54318,126.8123,10시,680.0
0,20180317.0,토,오정로(부천시계),B-26,유입,오쇠삼거리->외발산사거리,7548.0,37.54318,126.8123,11시,685.0
0,20180317.0,토,오정로(부천시계),B-26,유입,오쇠삼거리->외발산사거리,7548.0,37.54318,126.8123,12시,610.0
0,20180317.0,토,오정로(부천시계),B-26,유입,오쇠삼거리->외발산사거리,7548.0,37.54318,126.8123,13시,646.0
0,20180317.0,토,오정로(부천시계),B-26,유입,오쇠삼거리->외발산사거리,7548.0,37.54318,126.8123,14시,685.0
0,20180317.0,토,오정로(부천시계),B-26,유입,오쇠삼거리->외발산사거리,7548.0,37.54318,126.8123,15시,563.0
0,20180317.0,토,오정로(부천시계),B-26,유입,오쇠삼거리->외발산사거리,7548.0,37.54318,126.8123,16시,638.0
0,20180317.0,토,오정로(부천시계),B-26,유입,오쇠삼거리->외발산사거리,7548.0,37.54318,126.8123,17시,643.0
0,20180317.0,토,오정로(부천시계),B-26,유입,오쇠삼거리->외발산사거리,7548.0,37.54318,126.8123,18시,554.0
0,20180317.0,토,오정로(부천시계),B-26,유입,오쇠삼거리->외발산사거리,7548.0,37.54318,126.8123,19시,332.0
0,20180317.0,토,오정로(부천시계),B-26,유입,오쇠삼거리->외발산사거리,7548.0,37.54318,126.8123,20시,332.0
0,20180318.0,일,오정로(부천시계),B-26,유입,오쇠삼거리->외발산사거리,5992.0,37.54318,126.8123,8시,360.0
0,20180318.0,일,오정로(부천시계),B-26,유입,오쇠삼거리->외발산사거리,5992.0,37.54318,126.8123,9시,471.0
0,20180318.0,일,오정로(부천시계),B-26,유입,오쇠삼거리->외발산사거리,5992.0,37.54318,126.8123,10시,481.0
0,20180318.0,일,오정로(부천시계),B-26,유입,오쇠삼거리->외발산사거리,5992.0,37.54318,126.8123,11시,491.0
0,20180318.0,일,오정로(부천시계),B-26,유입,오쇠삼거리->외발산사거리,5992.0,37.54318,126.8123,12시,452.0
0,20180318.0,일,오정로(부천시계),B-26,유입,오쇠삼거리->외발산사거리,5992.0,37.54318,126.8123,13시,558.0
0,20180318.0,일,오정로(부천시계),B-26,유입,오쇠삼거리->외발산사거리,5992.0,37.54318,126.8123,14시,547.0
0,20180318.0,일,오정로(부천시계),B-26,유입,오쇠삼거리->외발산사거리,5992.0,37.54318,126.8123,15시,519.0
0,20180318.0,일,오정로(부천시계),B-26,유입,오쇠삼거리->외발산사거리,5992.0,37.54318,126.8123,16시,515.0
0,20180318.0,일,오정로(부천시계),B-26,유입,오쇠삼거리->외발산사거리,5992.0,37.54318,126.8123,17시,494.0
0,20180318.0,일,오정로(부천시계),B-26,유입,오쇠삼거리->외발산사거리,5992.0,37.54318,126.8123,18시,421.0
0,20180318.0,일,오정로(부천시계),B-26,유입,오쇠삼거리->외발산사거리,5992.0,37.54318,126.8123,19시,367.0
0,20180318.0,일,오정로(부천시계),B-26,유입,오쇠삼거리->외발산사거리,5992.0,37.54318,126.8123,20시,316.0
0,20180319.0,월,오정로(부천시계),B-26,유입,오쇠삼거리->외발산사거리,7456.0,37.54318,126.8123,8시,864.0
0,20180319.0,월,오정로(부천시계),B-26,유입,오쇠삼거리->외발산사거리,7456.0,37.54318,126.8123,9시,708.0
0,20180319.0,월,오정로(부천시계),B-26,유입,오쇠삼거리->외발산사거리,7456.0,37.54318,126.8123,10시,552.0
0,20180319.0,월,오정로(부천시계),B-26,유입,오쇠삼거리->외발산사거리,7456.0,37.54318,126.8123,11시,600.0
0,20180319.0,월,오정로(부천시계),B-26,유입,오쇠삼거리->외발산사거리,7456.0,37.54318,126.8123,12시,517.0
0,20180319.0,월,오정로(부천시계),B-26,유입,오쇠삼거리->외발산사거리,7456.0,37.54318,126.8123,13시,511.0
0,20180319.0,월,오정로(부천시계),B-26,유입,오쇠삼거리->외발산사거리,7456.0,37.54318,126.8123,14시,510.0
0,20180319.0,월,오정로(부천시계),B-26,유입,오쇠삼거리->외발산사거리,7456.0,37.54318,126.8123,15시,536.0
0,20180319.0,월,오정로(부천시계),B-26,유입,오쇠삼거리->외발산사거리,7456.0,37.54318,126.8123,16시,589.0
0,20180319.0,월,오정로(부천시계),B-26,유입,오쇠삼거리->외발산사거리,7456.0,37.54318,126.8123,17시,657.0
0,20180319.0,월,오정로(부천시계),B-26,유입,오쇠삼거리->외발산사거리,7456.0,37.54318,126.8123,18시,565.0
0,20180319.0,월,오정로(부천시계),B-26,유입,오쇠삼거리->외발산사거리,7456.0,37.54318,126.8123,19시,500.0
0,20180319.0,월,오정로(부천시계),B-26,유입,오쇠삼거리->외발산사거리,7456.0,37.54318,126.8123,20시,347.0
0,20180320.0,화,오정로(부천시계),B-26,유입,오쇠삼거리->외발산사거리,7592.0,37.54318,126.8123,8시,798.0
0,20180320.0,화,오정로(부천시계),B-26,유입,오쇠삼거리->외발산사거리,7592.0,37.54318,126.8123,9시,703.0
0,20180320.0,화,오정로(부천시계),B-26,유입,오쇠삼거리->외발산사거리,7592.0,37.54318,126.8123,10시,619.0
0,20180320.0,화,오정로(부천시계),B-26,유입,오쇠삼거리->외발산사거리,7592.0,37.54318,126.8123,11시,643.0
0,20180320.0,화,오정로(부천시계),B-26,유입,오쇠삼거리->외발산사거리,7592.0,37.54318,126.8123,12시,500.0
0,20180320.0,화,오정로(부천시계),B-26,유입,오쇠삼거리->외발산사거리,7592.0,37.54318,126.8123,13시,525.0
0,20180320.0,화,오정로(부천시계),B-26,유입,오쇠삼거리->외발산사거리,7592.0,37.54318,126.8123,14시,586.0
0,20180320.0,화,오정로(부천시계),B-26,유입,오쇠삼거리->외발산사거리,7592.0,37.54318,126.8123,15시,550.0
0,20180320.0,화,오정로(부천시계),B-26,유입,오쇠삼거리->외발산사거리,7592.0,37.54318,126.8123,16시,571.0
0,20180320.0,화,오정로(부천시계),B-26,유입,오쇠삼거리->외발산사거리,7592.0,37.54318,126.8123,17시,670.0
0,20180320.0,화,오정로(부천시계),B-26,유입,오쇠삼거리->외발산사거리,7592.0,37.54318,126.8123,18시,600.0
0,20180320.0,화,오정로(부천시계),B-26,유입,오쇠삼거리->외발산사거리,7592.0,37.54318,126.8123,19시,465.0
0,20180320.0,화,오정로(부천시계),B-26,유입,오쇠삼거리->외발산사거리,7592.0,37.54318,126.8123,20시,362.0
0,20180321.0,수,오정로(부천시계),B-26,유입,오쇠삼거리->외발산사거리,7531.0,37.54318,126.8123,8시,789.0
0,20180321.0,수,오정로(부천시계),B-26,유입,오쇠삼거리->외발산사거리,7531.0,37.54318,126.8123,9시,685.0
0,20180321.0,수,오정로(부천시계),B-26,유입,오쇠삼거리->외발산사거리,7531.0,37.54318,126.8123,10시,596.0
0,20180321.0,수,오정로(부천시계),B-26,유입,오쇠삼거리->외발산사거리,7531.0,37.54318,126.8123,11시,619.0
0,20180321.0,수,오정로(부천시계),B-26,유입,오쇠삼거리->외발산사거리,7531.0,37.54318,126.8123,12시,570.0
0,20180321.0,수,오정로(부천시계),B-26,유입,오쇠삼거리->외발산사거리,7531.0,37.54318,126.8123,13시,518.0
0,20180321.0,수,오정로(부천시계),B-26,유입,오쇠삼거리->외발산사거리,7531.0,37.54318,126.8123,14시,533.0
0,20180321.0,수,오정로(부천시계),B-26,유입,오쇠삼거리->외발산사거리,7531.0,37.54318,126.8123,15시,509.0
0,20180321.0,수,오정로(부천시계),B-26,유입,오쇠삼거리->외발산사거리,7531.0,37.54318,126.8123,16시,582.0
0,20180321.0,수,오정로(부천시계),B-26,유입,오쇠삼거리->외발산사거리,7531.0,37.54318,126.8123,17시,697.0
0,20180321.0,수,오정로(부천시계),B-26,유입,오쇠삼거리->외발산사거리,7531.0,37.54318,126.8123,18시,535.0
0,20180321.0,수,오정로(부천시계),B-26,유입,오쇠삼거리->외발산사거리,7531.0,37.54318,126.8123,19시,476.0
0,20180321.0,수,오정로(부천시계),B-26,유입,오쇠삼거리->외발산사거리,7531.0,37.54318,126.8123,20시,422.0
0,20180322.0,목,오정로(부천시계),B-26,유입,오쇠삼거리->외발산사거리,7620.0,37.54318,126.8123,8시,803.0
0,20180322.0,목,오정로(부천시계),B-26,유입,오쇠삼거리->외발산사거리,7620.0,37.54318,126.8123,9시,698.0
0,20180322.0,목,오정로(부천시계),B-26,유입,오쇠삼거리->외발산사거리,7620.0,37.54318,126.8123,10시,626.0
0,20180322.0,목,오정로(부천시계),B-26,유입,오쇠삼거리->외발산사거리,7620.0,37.54318,126.8123,11시,629.0
0,20180322.0,목,오정로(부천시계),B-26,유입,오쇠삼거리->외발산사거리,7620.0,37.54318,126.8123,12시,560.0
0,20180322.0,목,오정로(부천시계),B-26,유입,오쇠삼거리->외발산사거리,7620.0,37.54318,126.8123,13시,530.0
0,20180322.0,목,오정로(부천시계),B-26,유입,오쇠삼거리->외발산사거리,7620.0,37.54318,126.8123,14시,492.0
0,20180322.0,목,오정로(부천시계),B-26,유입,오쇠삼거리->외발산사거리,7620.0,37.54318,126.8123,15시,531.0
0,20180322.0,목,오정로(부천시계),B-26,유입,오쇠삼거리->외발산사거리,7620.0,37.54318,126.8123,16시,547.0
0,20180322.0,목,오정로(부천시계),B-26,유입,오쇠삼거리->외발산사거리,7620.0,37.54318,126.8123,17시,761.0
0,20180322.0,목,오정로(부천시계),B-26,유입,오쇠삼거리->외발산사거리,7620.0,37.54318,126.8123,18시,581.0
0,20180322.0,목,오정로(부천시계),B-26,유입,오쇠삼거리->외발산사거리,7620.0,37.54318,126.8123,19시,481.0
0,20180322.0,목,오정로(부천시계),B-26,유입,오쇠삼거리->외발산사거리,7620.0,37.54318,126.8123,20시,381.0
0,20180323.0,금,오정로(부천시계),B-26,유입,오쇠삼거리->외발산사거리,7830.0,37.54318,126.8123,8시,797.0
0,20180323.0,금,오정로(부천시계),B-26,유입,오쇠삼거리->외발산사거리,7830.0,37.54318,126.8123,9시,668.0
0,20180323.0,금,오정로(부천시계),B-26,유입,오쇠삼거리->외발산사거리,7830.0,37.54318,126.8123,10시,595.0
0,20180323.0,금,오정로(부천시계),B-26,유입,오쇠삼거리->외발산사거리,7830.0,37.54318,126.8123,11시,663.0
0,20180323.0,금,오정로(부천시계),B-26,유입,오쇠삼거리->외발산사거리,7830.0,37.54318,126.8123,12시,566.0
0,20180323.0,금,오정로(부천시계),B-26,유입,오쇠삼거리->외발산사거리,7830.0,37.54318,126.8123,13시,591.0
0,20180323.0,금,오정로(부천시계),B-26,유입,오쇠삼거리->외발산사거리,7830.0,37.54318,126.8123,14시,550.0
0,20180323.0,금,오정로(부천시계),B-26,유입,오쇠삼거리->외발산사거리,7830.0,37.54318,126.8123,15시,549.0
0,20180323.0,금,오정로(부천시계),B-26,유입,오쇠삼거리->외발산사거리,7830.0,37.54318,126.8123,16시,604.0
0,20180323.0,금,오정로(부천시계),B-26,유입,오쇠삼거리->외발산사거리,7830.0,37.54318,126.8123,17시,788.0
0,20180323.0,금,오정로(부천시계),B-26,유입,오쇠삼거리->외발산사거리,7830.0,37.54318,126.8123,18시,586.0
0,20180323.0,금,오정로(부천시계),B-26,유입,오쇠삼거리->외발산사거리,7830.0,37.54318,126.8123,19시,461.0
0,20180323.0,금,오정로(부천시계),B-26,유입,오쇠삼거리->외발산사거리,7830.0,37.54318,126.8123,20시,412.0
0,20180324.0,토,오정로(부천시계),B-26,유입,오쇠삼거리->외발산사거리,7281.0,37.54318,126.8123,8시,592.0
0,20180324.0,토,오정로(부천시계),B-26,유입,오쇠삼거리->외발산사거리,7281.0,37.54318,126.8123,9시,612.0
0,20180324.0,토,오정로(부천시계),B-26,유입,오쇠삼거리->외발산사거리,7281.0,37.54318,126.8123,10시,561.0
0,20180324.0,토,오정로(부천시계),B-26,유입,오쇠삼거리->외발산사거리,7281.0,37.54318,126.8123,11시,603.0
0,20180324.0,토,오정로(부천시계),B-26,유입,오쇠삼거리->외발산사거리,7281.0,37.54318,126.8123,12시,655.0
0,20180324.0,토,오정로(부천시계),B-26,유입,오쇠삼거리->외발산사거리,7281.0,37.54318,126.8123,13시,642.0
0,20180324.0,토,오정로(부천시계),B-26,유입,오쇠삼거리->외발산사거리,7281.0,37.54318,126.8123,14시,597.0
0,20180324.0,토,오정로(부천시계),B-26,유입,오쇠삼거리->외발산사거리,7281.0,37.54318,126.8123,15시,589.0
0,20180324.0,토,오정로(부천시계),B-26,유입,오쇠삼거리->외발산사거리,7281.0,37.54318,126.8123,16시,614.0
0,20180324.0,토,오정로(부천시계),B-26,유입,오쇠삼거리->외발산사거리,7281.0,37.54318,126.8123,17시,648.0
0,20180324.0,토,오정로(부천시계),B-26,유입,오쇠삼거리->외발산사거리,7281.0,37.54318,126.8123,18시,462.0
0,20180324.0,토,오정로(부천시계),B-26,유입,오쇠삼거리->외발산사거리,7281.0,37.54318,126.8123,19시,412.0
0,20180324.0,토,오정로(부천시계),B-26,유입,오쇠삼거리->외발산사거리,7281.0,37.54318,126.8123,20시,294.0
0,20180325.0,일,오정로(부천시계),B-26,유입,오쇠삼거리->외발산사거리,6152.0,37.54318,126.8123,8시,382.0
0,20180325.0,일,오정로(부천시계),B-26,유입,오쇠삼거리->외발산사거리,6152.0,37.54318,126.8123,9시,463.0
0,20180325.0,일,오정로(부천시계),B-26,유입,오쇠삼거리->외발산사거리,6152.0,37.54318,126.8123,10시,469.0
0,20180325.0,일,오정로(부천시계),B-26,유입,오쇠삼거리->외발산사거리,6152.0,37.54318,126.8123,11시,511.0
0,20180325.0,일,오정로(부천시계),B-26,유입,오쇠삼거리->외발산사거리,6152.0,37.54318,126.8123,12시,541.0
0,20180325.0,일,오정로(부천시계),B-26,유입,오쇠삼거리->외발산사거리,6152.0,37.54318,126.8123,13시,604.0
0,20180325.0,일,오정로(부천시계),B-26,유입,오쇠삼거리->외발산사거리,6152.0,37.54318,126.8123,14시,500.0
0,20180325.0,일,오정로(부천시계),B-26,유입,오쇠삼거리->외발산사거리,6152.0,37.54318,126.8123,15시,507.0
0,20180325.0,일,오정로(부천시계),B-26,유입,오쇠삼거리->외발산사거리,6152.0,37.54318,126.8123,16시,571.0
0,20180325.0,일,오정로(부천시계),B-26,유입,오쇠삼거리->외발산사거리,6152.0,37.54318,126.8123,17시,539.0
0,20180325.0,일,오정로(부천시계),B-26,유입,오쇠삼거리->외발산사거리,6152.0,37.54318,126.8123,18시,441.0
0,20180325.0,일,오정로(부천시계),B-26,유입,오쇠삼거리->외발산사거리,6152.0,37.54318,126.8123,19시,325.0
0,20180325.0,일,오정로(부천시계),B-26,유입,오쇠삼거리->외발산사거리,6152.0,37.54318,126.8123,20시,299.0
0,20180326.0,월,오정로(부천시계),B-26,유입,오쇠삼거리->외발산사거리,7654.0,37.54318,126.8123,8시,836.0
0,20180326.0,월,오정로(부천시계),B-26,유입,오쇠삼거리->외발산사거리,7654.0,37.54318,126.8123,9시,695.0
0,20180326.0,월,오정로(부천시계),B-26,유입,오쇠삼거리->외발산사거리,7654.0,37.54318,126.8123,10시,599.0
0,20180326.0,월,오정로(부천시계),B-26,유입,오쇠삼거리->외발산사거리,7654.0,37.54318,126.8123,11시,633.0
0,20180326.0,월,오정로(부천시계),B-26,유입,오쇠삼거리->외발산사거리,7654.0,37.54318,126.8123,12시,514.0
0,20180326.0,월,오정로(부천시계),B-26,유입,오쇠삼거리->외발산사거리,7654.0,37.54318,126.8123,13시,525.0
0,20180326.0,월,오정로(부천시계),B-26,유입,오쇠삼거리->외발산사거리,7654.0,37.54318,126.8123,14시,543.0
0,20180326.0,월,오정로(부천시계),B-26,유입,오쇠삼거리->외발산사거리,7654.0,37.54318,126.8123,15시,555.0
0,20180326.0,월,오정로(부천시계),B-26,유입,오쇠삼거리->외발산사거리,7654.0,37.54318,126.8123,16시,565.0
0,20180326.0,월,오정로(부천시계),B-26,유입,오쇠삼거리->외발산사거리,7654.0,37.54318,126.8123,17시,643.0
0,20180326.0,월,오정로(부천시계),B-26,유입,오쇠삼거리->외발산사거리,7654.0,37.54318,126.8123,18시,605.0
0,20180326.0,월,오정로(부천시계),B-26,유입,오쇠삼거리->외발산사거리,7654.0,37.54318,126.8123,19시,561.0
0,20180326.0,월,오정로(부천시계),B-26,유입,오쇠삼거리->외발산사거리,7654.0,37.54318,126.8123,20시,380.0
0,20180327.0,화,오정로(부천시계),B-26,유입,오쇠삼거리->외발산사거리,7668.0,37.54318,126.8123,8시,832.0
0,20180327.0,화,오정로(부천시계),B-26,유입,오쇠삼거리->외발산사거리,7668.0,37.54318,126.8123,9시,732.0
0,20180327.0,화,오정로(부천시계),B-26,유입,오쇠삼거리->외발산사거리,7668.0,37.54318,126.8123,10시,602.0
0,20180327.0,화,오정로(부천시계),B-26,유입,오쇠삼거리->외발산사거리,7668.0,37.54318,126.8123,11시,639.0
0,20180327.0,화,오정로(부천시계),B-26,유입,오쇠삼거리->외발산사거리,7668.0,37.54318,126.8123,12시,519.0
0,20180327.0,화,오정로(부천시계),B-26,유입,오쇠삼거리->외발산사거리,7668.0,37.54318,126.8123,13시,534.0
0,20180327.0,화,오정로(부천시계),B-26,유입,오쇠삼거리->외발산사거리,7668.0,37.54318,126.8123,14시,527.0
0,20180327.0,화,오정로(부천시계),B-26,유입,오쇠삼거리->외발산사거리,7668.0,37.54318,126.8123,15시,549.0
0,20180327.0,화,오정로(부천시계),B-26,유입,오쇠삼거리->외발산사거리,7668.0,37.54318,126.8123,16시,601.0
0,20180327.0,화,오정로(부천시계),B-26,유입,오쇠삼거리->외발산사거리,7668.0,37.54318,126.8123,17시,701.0
0,20180327.0,화,오정로(부천시계),B-26,유입,오쇠삼거리->외발산사거리,7668.0,37.54318,126.8123,18시,589.0
0,20180327.0,화,오정로(부천시계),B-26,유입,오쇠삼거리->외발산사거리,7668.0,37.54318,126.8123,19시,485.0
0,20180327.0,화,오정로(부천시계),B-26,유입,오쇠삼거리->외발산사거리,7668.0,37.54318,126.8123,20시,358.0
0,20180328.0,수,오정로(부천시계),B-26,유입,오쇠삼거리->외발산사거리,7787.0,37.54318,126.8123,8시,859.0
0,20180328.0,수,오정로(부천시계),B-26,유입,오쇠삼거리->외발산사거리,7787.0,37.54318,126.8123,9시,708.0
0,20180328.0,수,오정로(부천시계),B-26,유입,오쇠삼거리->외발산사거리,7787.0,37.54318,126.8123,10시,567.0
0,20180328.0,수,오정로(부천시계),B-26,유입,오쇠삼거리->외발산사거리,7787.0,37.54318,126.8123,11시,609.0
0,20180328.0,수,오정로(부천시계),B-26,유입,오쇠삼거리->외발산사거리,7787.0,37.54318,126.8123,12시,563.0
0,20180328.0,수,오정로(부천시계),B-26,유입,오쇠삼거리->외발산사거리,7787.0,37.54318,126.8123,13시,564.0
0,20180328.0,수,오정로(부천시계),B-26,유입,오쇠삼거리->외발산사거리,7787.0,37.54318,126.8123,14시,577.0
0,20180328.0,수,오정로(부천시계),B-26,유입,오쇠삼거리->외발산사거리,7787.0,37.54318,126.8123,15시,581.0
0,20180328.0,수,오정로(부천시계),B-26,유입,오쇠삼거리->외발산사거리,7787.0,37.54318,126.8123,16시,614.0
0,20180328.0,수,오정로(부천시계),B-26,유입,오쇠삼거리->외발산사거리,7787.0,37.54318,126.8123,17시,700.0
0,20180328.0,수,오정로(부천시계),B-26,유입,오쇠삼거리->외발산사거리,7787.0,37.54318,126.8123,18시,573.0
0,20180328.0,수,오정로(부천시계),B-26,유입,오쇠삼거리->외발산사거리,7787.0,37.54318,126.8123,19시,484.0
0,20180328.0,수,오정로(부천시계),B-26,유입,오쇠삼거리->외발산사거리,7787.0,37.54318,126.8123,20시,388.0
0,20180329.0,목,오정로(부천시계),B-26,유입,오쇠삼거리->외발산사거리,7761.0,37.54318,126.8123,8시,869.0
0,20180329.0,목,오정로(부천시계),B-26,유입,오쇠삼거리->외발산사거리,7761.0,37.54318,126.8123,9시,704.0
0,20180329.0,목,오정로(부천시계),B-26,유입,오쇠삼거리->외발산사거리,7761.0,37.54318,126.8123,10시,583.0
0,20180329.0,목,오정로(부천시계),B-26,유입,오쇠삼거리->외발산사거리,7761.0,37.54318,126.8123,11시,694.0
0,20180329.0,목,오정로(부천시계),B-26,유입,오쇠삼거리->외발산사거리,7761.0,37.54318,126.8123,12시,542.0
0,20180329.0,목,오정로(부천시계),B-26,유입,오쇠삼거리->외발산사거리,7761.0,37.54318,126.8123,13시,558.0
0,20180329.0,목,오정로(부천시계),B-26,유입,오쇠삼거리->외발산사거리,7761.0,37.54318,126.8123,14시,514.0
0,20180329.0,목,오정로(부천시계),B-26,유입,오쇠삼거리->외발산사거리,7761.0,37.54318,126.8123,15시,556.0
0,20180329.0,목,오정로(부천시계),B-26,유입,오쇠삼거리->외발산사거리,7761.0,37.54318,126.8123,16시,587.0
0,20180329.0,목,오정로(부천시계),B-26,유입,오쇠삼거리->외발산사거리,7761.0,37.54318,126.8123,17시,667.0
0,20180329.0,목,오정로(부천시계),B-26,유입,오쇠삼거리->외발산사거리,7761.0,37.54318,126.8123,18시,600.0
0,20180329.0,목,오정로(부천시계),B-26,유입,오쇠삼거리->외발산사거리,7761.0,37.54318,126.8123,19시,488.0
0,20180329.0,목,오정로(부천시계),B-26,유입,오쇠삼거리->외발산사거리,7761.0,37.54318,126.8123,20시,399.0
0,20180330.0,금,오정로(부천시계),B-26,유입,오쇠삼거리->외발산사거리,7881.0,37.54318,126.8123,8시,851.0
0,20180330.0,금,오정로(부천시계),B-26,유입,오쇠삼거리->외발산사거리,7881.0,37.54318,126.8123,9시,705.0
0,20180330.0,금,오정로(부천시계),B-26,유입,오쇠삼거리->외발산사거리,7881.0,37.54318,126.8123,10시,614.0
0,20180330.0,금,오정로(부천시계),B-26,유입,오쇠삼거리->외발산사거리,7881.0,37.54318,126.8123,11시,631.0
0,20180330.0,금,오정로(부천시계),B-26,유입,오쇠삼거리->외발산사거리,7881.0,37.54318,126.8123,12시,554.0
0,20180330.0,금,오정로(부천시계),B-26,유입,오쇠삼거리->외발산사거리,7881.0,37.54318,126.8123,13시,541.0
0,20180330.0,금,오정로(부천시계),B-26,유입,오쇠삼거리->외발산사거리,7881.0,37.54318,126.8123,14시,543.0
0,20180330.0,금,오정로(부천시계),B-26,유입,오쇠삼거리->외발산사거리,7881.0,37.54318,126.8123,15시,618.0
0,20180330.0,금,오정로(부천시계),B-26,유입,오쇠삼거리->외발산사거리,7881.0,37.54318,126.8123,16시,633.0
0,20180330.0,금,오정로(부천시계),B-26,유입,오쇠삼거리->외발산사거리,7881.0,37.54318,126.8123,17시,732.0
0,20180330.0,금,오정로(부천시계),B-26,유입,오쇠삼거리->외발산사거리,7881.0,37.54318,126.8123,18시,574.0
0,20180330.0,금,오정로(부천시계),B-26,유입,오쇠삼거리->외발산사거리,7881.0,37.54318,126.8123,19시,453.0
0,20180330.0,금,오정로(부천시계),B-26,유입,오쇠삼거리->외발산사거리,7881.0,37.54318,126.8123,20시,432.0
0,20180331.0,토,오정로(부천시계),B-26,유입,오쇠삼거리->외발산사거리,7341.0,37.54318,126.8123,8시,580.0
0,20180331.0,토,오정로(부천시계),B-26,유입,오쇠삼거리->외발산사거리,7341.0,37.54318,126.8123,9시,608.0
0,20180331.0,토,오정로(부천시계),B-26,유입,오쇠삼거리->외발산사거리,7341.0,37.54318,126.8123,10시,588.0
0,20180331.0,토,오정로(부천시계),B-26,유입,오쇠삼거리->외발산사거리,7341.0,37.54318,126.8123,11시,669.0
0,20180331.0,토,오정로(부천시계),B-26,유입,오쇠삼거리->외발산사거리,7341.0,37.54318,126.8123,12시,656.0
0,20180331.0,토,오정로(부천시계),B-26,유입,오쇠삼거리->외발산사거리,7341.0,37.54318,126.8123,13시,631.0
0,20180331.0,토,오정로(부천시계),B-26,유입,오쇠삼거리->외발산사거리,7341.0,37.54318,126.8123,14시,569.0
0,20180331.0,토,오정로(부천시계),B-26,유입,오쇠삼거리->외발산사거리,7341.0,37.54318,126.8123,15시,598.0
0,20180331.0,토,오정로(부천시계),B-26,유입,오쇠삼거리->외발산사거리,7341.0,37.54318,126.8123,16시,615.0
0,20180331.0,토,오정로(부천시계),B-26,유입,오쇠삼거리->외발산사거리,7341.0,37.54318,126.8123,17시,593.0
0,20180331.0,토,오정로(부천시계),B-26,유입,오쇠삼거리->외발산사거리,7341.0,37.54318,126.8123,18시,532.0
0,20180331.0,토,오정로(부천시계),B-26,유입,오쇠삼거리->외발산사거리,7341.0,37.54318,126.8123,19시,387.0
0,20180331.0,토,오정로(부천시계),B-26,유입,오쇠삼거리->외발산사거리,7341.0,37.54318,126.8123,20시,315.0
0,20180301.0,목,오정로(부천시계),B-26,유출,외발산사거리->오쇠삼거리,8111.0,37.54318,126.8123,8시,455.0
0,20180301.0,목,오정로(부천시계),B-26,유출,외발산사거리->오쇠삼거리,8111.0,37.54318,126.8123,9시,458.0
0,20180301.0,목,오정로(부천시계),B-26,유출,외발산사거리->오쇠삼거리,8111.0,37.54318,126.8123,10시,495.0
0,20180301.0,목,오정로(부천시계),B-26,유출,외발산사거리->오쇠삼거리,8111.0,37.54318,126.8123,11시,529.0
0,20180301.0,목,오정로(부천시계),B-26,유출,외발산사거리->오쇠삼거리,8111.0,37.54318,126.8123,12시,530.0
0,20180301.0,목,오정로(부천시계),B-26,유출,외발산사거리->오쇠삼거리,8111.0,37.54318,126.8123,13시,568.0
0,20180301.0,목,오정로(부천시계),B-26,유출,외발산사거리->오쇠삼거리,8111.0,37.54318,126.8123,14시,644.0
0,20180301.0,목,오정로(부천시계),B-26,유출,외발산사거리->오쇠삼거리,8111.0,37.54318,126.8123,15시,655.0
0,20180301.0,목,오정로(부천시계),B-26,유출,외발산사거리->오쇠삼거리,8111.0,37.54318,126.8123,16시,813.0
0,20180301.0,목,오정로(부천시계),B-26,유출,외발산사거리->오쇠삼거리,8111.0,37.54318,126.8123,17시,982.0
0,20180301.0,목,오정로(부천시계),B-26,유출,외발산사거리->오쇠삼거리,8111.0,37.54318,126.8123,18시,805.0
0,20180301.0,목,오정로(부천시계),B-26,유출,외발산사거리->오쇠삼거리,8111.0,37.54318,126.8123,19시,635.0
0,20180301.0,목,오정로(부천시계),B-26,유출,외발산사거리->오쇠삼거리,8111.0,37.54318,126.8123,20시,542.0
0,20180302.0,금,오정로(부천시계),B-26,유출,외발산사거리->오쇠삼거리,10488.0,37.54318,126.8123,8시,790.0
0,20180302.0,금,오정로(부천시계),B-26,유출,외발산사거리->오쇠삼거리,10488.0,37.54318,126.8123,9시,665.0
0,20180302.0,금,오정로(부천시계),B-26,유출,외발산사거리->오쇠삼거리,10488.0,37.54318,126.8123,10시,644.0
0,20180302.0,금,오정로(부천시계),B-26,유출,외발산사거리->오쇠삼거리,10488.0,37.54318,126.8123,11시,636.0
0,20180302.0,금,오정로(부천시계),B-26,유출,외발산사거리->오쇠삼거리,10488.0,37.54318,126.8123,12시,607.0
0,20180302.0,금,오정로(부천시계),B-26,유출,외발산사거리->오쇠삼거리,10488.0,37.54318,126.8123,13시,702.0
0,20180302.0,금,오정로(부천시계),B-26,유출,외발산사거리->오쇠삼거리,10488.0,37.54318,126.8123,14시,684.0
0,20180302.0,금,오정로(부천시계),B-26,유출,외발산사거리->오쇠삼거리,10488.0,37.54318,126.8123,15시,768.0
0,20180302.0,금,오정로(부천시계),B-26,유출,외발산사거리->오쇠삼거리,10488.0,37.54318,126.8123,16시,913.0
0,20180302.0,금,오정로(부천시계),B-26,유출,외발산사거리->오쇠삼거리,10488.0,37.54318,126.8123,17시,1293.0
0,20180302.0,금,오정로(부천시계),B-26,유출,외발산사거리->오쇠삼거리,10488.0,37.54318,126.8123,18시,1167.0
0,20180302.0,금,오정로(부천시계),B-26,유출,외발산사거리->오쇠삼거리,10488.0,37.54318,126.8123,19시,997.0
0,20180302.0,금,오정로(부천시계),B-26,유출,외발산사거리->오쇠삼거리,10488.0,37.54318,126.8123,20시,622.0
0,20180303.0,토,오정로(부천시계),B-26,유출,외발산사거리->오쇠삼거리,9505.0,37.54318,126.8123,8시,538.0
0,20180303.0,토,오정로(부천시계),B-26,유출,외발산사거리->오쇠삼거리,9505.0,37.54318,126.8123,9시,576.0
0,20180303.0,토,오정로(부천시계),B-26,유출,외발산사거리->오쇠삼거리,9505.0,37.54318,126.8123,10시,558.0
0,20180303.0,토,오정로(부천시계),B-26,유출,외발산사거리->오쇠삼거리,9505.0,37.54318,126.8123,11시,682.0
0,20180303.0,토,오정로(부천시계),B-26,유출,외발산사거리->오쇠삼거리,9505.0,37.54318,126.8123,12시,634.0
0,20180303.0,토,오정로(부천시계),B-26,유출,외발산사거리->오쇠삼거리,9505.0,37.54318,126.8123,13시,727.0
0,20180303.0,토,오정로(부천시계),B-26,유출,외발산사거리->오쇠삼거리,9505.0,37.54318,126.8123,14시,747.0
0,20180303.0,토,오정로(부천시계),B-26,유출,외발산사거리->오쇠삼거리,9505.0,37.54318,126.8123,15시,875.0
0,20180303.0,토,오정로(부천시계),B-26,유출,외발산사거리->오쇠삼거리,9505.0,37.54318,126.8123,16시,976.0
0,20180303.0,토,오정로(부천시계),B-26,유출,외발산사거리->오쇠삼거리,9505.0,37.54318,126.8123,17시,1108.0
0,20180303.0,토,오정로(부천시계),B-26,유출,외발산사거리->오쇠삼거리,9505.0,37.54318,126.8123,18시,903.0
0,20180303.0,토,오정로(부천시계),B-26,유출,외발산사거리->오쇠삼거리,9505.0,37.54318,126.8123,19시,651.0
0,20180303.0,토,오정로(부천시계),B-26,유출,외발산사거리->오쇠삼거리,9505.0,37.54318,126.8123,20시,530.0
0,20180304.0,일,오정로(부천시계),B-26,유출,외발산사거리->오쇠삼거리,6826.0,37.54318,126.8123,8시,355.0
0,20180304.0,일,오정로(부천시계),B-26,유출,외발산사거리->오쇠삼거리,6826.0,37.54318,126.8123,9시,409.0
0,20180304.0,일,오정로(부천시계),B-26,유출,외발산사거리->오쇠삼거리,6826.0,37.54318,126.8123,10시,454.0
0,20180304.0,일,오정로(부천시계),B-26,유출,외발산사거리->오쇠삼거리,6826.0,37.54318,126.8123,11시,430.0
0,20180304.0,일,오정로(부천시계),B-26,유출,외발산사거리->오쇠삼거리,6826.0,37.54318,126.8123,12시,483.0
0,20180304.0,일,오정로(부천시계),B-26,유출,외발산사거리->오쇠삼거리,6826.0,37.54318,126.8123,13시,570.0
0,20180304.0,일,오정로(부천시계),B-26,유출,외발산사거리->오쇠삼거리,6826.0,37.54318,126.8123,14시,586.0
0,20180304.0,일,오정로(부천시계),B-26,유출,외발산사거리->오쇠삼거리,6826.0,37.54318,126.8123,15시,645.0
0,20180304.0,일,오정로(부천시계),B-26,유출,외발산사거리->오쇠삼거리,6826.0,37.54318,126.8123,16시,722.0
0,20180304.0,일,오정로(부천시계),B-26,유출,외발산사거리->오쇠삼거리,6826.0,37.54318,126.8123,17시,668.0
0,20180304.0,일,오정로(부천시계),B-26,유출,외발산사거리->오쇠삼거리,6826.0,37.54318,126.8123,18시,594.0
0,20180304.0,일,오정로(부천시계),B-26,유출,외발산사거리->오쇠삼거리,6826.0,37.54318,126.8123,19시,491.0
0,20180304.0,일,오정로(부천시계),B-26,유출,외발산사거리->오쇠삼거리,6826.0,37.54318,126.8123,20시,419.0
0,20180305.0,월,오정로(부천시계),B-26,유출,외발산사거리->오쇠삼거리,10055.0,37.54318,126.8123,8시,818.0
0,20180305.0,월,오정로(부천시계),B-26,유출,외발산사거리->오쇠삼거리,10055.0,37.54318,126.8123,9시,674.0
0,20180305.0,월,오정로(부천시계),B-26,유출,외발산사거리->오쇠삼거리,10055.0,37.54318,126.8123,10시,601.0
0,20180305.0,월,오정로(부천시계),B-26,유출,외발산사거리->오쇠삼거리,10055.0,37.54318,126.8123,11시,700.0
0,20180305.0,월,오정로(부천시계),B-26,유출,외발산사거리->오쇠삼거리,10055.0,37.54318,126.8123,12시,628.0
0,20180305.0,월,오정로(부천시계),B-26,유출,외발산사거리->오쇠삼거리,10055.0,37.54318,126.8123,13시,667.0
0,20180305.0,월,오정로(부천시계),B-26,유출,외발산사거리->오쇠삼거리,10055.0,37.54318,126.8123,14시,684.0
0,20180305.0,월,오정로(부천시계),B-26,유출,외발산사거리->오쇠삼거리,10055.0,37.54318,126.8123,15시,734.0
0,20180305.0,월,오정로(부천시계),B-26,유출,외발산사거리->오쇠삼거리,10055.0,37.54318,126.8123,16시,853.0
0,20180305.0,월,오정로(부천시계),B-26,유출,외발산사거리->오쇠삼거리,10055.0,37.54318,126.8123,17시,1073.0
0,20180305.0,월,오정로(부천시계),B-26,유출,외발산사거리->오쇠삼거리,10055.0,37.54318,126.8123,18시,1115.0
0,20180305.0,월,오정로(부천시계),B-26,유출,외발산사거리->오쇠삼거리,10055.0,37.54318,126.8123,19시,918.0
0,20180305.0,월,오정로(부천시계),B-26,유출,외발산사거리->오쇠삼거리,10055.0,37.54318,126.8123,20시,590.0
0,20180306.0,화,오정로(부천시계),B-26,유출,외발산사거리->오쇠삼거리,10272.0,37.54318,126.8123,8시,803.0
0,20180306.0,화,오정로(부천시계),B-26,유출,외발산사거리->오쇠삼거리,10272.0,37.54318,126.8123,9시,697.0
0,20180306.0,화,오정로(부천시계),B-26,유출,외발산사거리->오쇠삼거리,10272.0,37.54318,126.8123,10시,664.0
0,20180306.0,화,오정로(부천시계),B-26,유출,외발산사거리->오쇠삼거리,10272.0,37.54318,126.8123,11시,678.0
0,20180306.0,화,오정로(부천시계),B-26,유출,외발산사거리->오쇠삼거리,10272.0,37.54318,126.8123,12시,650.0
0,20180306.0,화,오정로(부천시계),B-26,유출,외발산사거리->오쇠삼거리,10272.0,37.54318,126.8123,13시,638.0
0,20180306.0,화,오정로(부천시계),B-26,유출,외발산사거리->오쇠삼거리,10272.0,37.54318,126.8123,14시,657.0
0,20180306.0,화,오정로(부천시계),B-26,유출,외발산사거리->오쇠삼거리,10272.0,37.54318,126.8123,15시,730.0
0,20180306.0,화,오정로(부천시계),B-26,유출,외발산사거리->오쇠삼거리,10272.0,37.54318,126.8123,16시,868.0
0,20180306.0,화,오정로(부천시계),B-26,유출,외발산사거리->오쇠삼거리,10272.0,37.54318,126.8123,17시,1153.0
0,20180306.0,화,오정로(부천시계),B-26,유출,외발산사거리->오쇠삼거리,10272.0,37.54318,126.8123,18시,1180.0
0,20180306.0,화,오정로(부천시계),B-26,유출,외발산사거리->오쇠삼거리,10272.0,37.54318,126.8123,19시,949.0
0,20180306.0,화,오정로(부천시계),B-26,유출,외발산사거리->오쇠삼거리,10272.0,37.54318,126.8123,20시,605.0
0,20180307.0,수,오정로(부천시계),B-26,유출,외발산사거리->오쇠삼거리,10452.0,37.54318,126.8123,8시,832.0
0,20180307.0,수,오정로(부천시계),B-26,유출,외발산사거리->오쇠삼거리,10452.0,37.54318,126.8123,9시,658.0
0,20180307.0,수,오정로(부천시계),B-26,유출,외발산사거리->오쇠삼거리,10452.0,37.54318,126.8123,10시,686.0
0,20180307.0,수,오정로(부천시계),B-26,유출,외발산사거리->오쇠삼거리,10452.0,37.54318,126.8123,11시,623.0
0,20180307.0,수,오정로(부천시계),B-26,유출,외발산사거리->오쇠삼거리,10452.0,37.54318,126.8123,12시,588.0
0,20180307.0,수,오정로(부천시계),B-26,유출,외발산사거리->오쇠삼거리,10452.0,37.54318,126.8123,13시,679.0
0,20180307.0,수,오정로(부천시계),B-26,유출,외발산사거리->오쇠삼거리,10452.0,37.54318,126.8123,14시,645.0
0,20180307.0,수,오정로(부천시계),B-26,유출,외발산사거리->오쇠삼거리,10452.0,37.54318,126.8123,15시,753.0
0,20180307.0,수,오정로(부천시계),B-26,유출,외발산사거리->오쇠삼거리,10452.0,37.54318,126.8123,16시,895.0
0,20180307.0,수,오정로(부천시계),B-26,유출,외발산사거리->오쇠삼거리,10452.0,37.54318,126.8123,17시,1307.0
0,20180307.0,수,오정로(부천시계),B-26,유출,외발산사거리->오쇠삼거리,10452.0,37.54318,126.8123,18시,1231.0
0,20180307.0,수,오정로(부천시계),B-26,유출,외발산사거리->오쇠삼거리,10452.0,37.54318,126.8123,19시,941.0
0,20180307.0,수,오정로(부천시계),B-26,유출,외발산사거리->오쇠삼거리,10452.0,37.54318,126.8123,20시,614.0
0,20180308.0,목,오정로(부천시계),B-26,유출,외발산사거리->오쇠삼거리,10139.0,37.54318,126.8123,8시,816.0
0,20180308.0,목,오정로(부천시계),B-26,유출,외발산사거리->오쇠삼거리,10139.0,37.54318,126.8123,9시,670.0
0,20180308.0,목,오정로(부천시계),B-26,유출,외발산사거리->오쇠삼거리,10139.0,37.54318,126.8123,10시,678.0
0,20180308.0,목,오정로(부천시계),B-26,유출,외발산사거리->오쇠삼거리,10139.0,37.54318,126.8123,11시,723.0
0,20180308.0,목,오정로(부천시계),B-26,유출,외발산사거리->오쇠삼거리,10139.0,37.54318,126.8123,12시,631.0
0,20180308.0,목,오정로(부천시계),B-26,유출,외발산사거리->오쇠삼거리,10139.0,37.54318,126.8123,13시,689.0
0,20180308.0,목,오정로(부천시계),B-26,유출,외발산사거리->오쇠삼거리,10139.0,37.54318,126.8123,14시,662.0
0,20180308.0,목,오정로(부천시계),B-26,유출,외발산사거리->오쇠삼거리,10139.0,37.54318,126.8123,15시,709.0
0,20180308.0,목,오정로(부천시계),B-26,유출,외발산사거리->오쇠삼거리,10139.0,37.54318,126.8123,16시,833.0
0,20180308.0,목,오정로(부천시계),B-26,유출,외발산사거리->오쇠삼거리,10139.0,37.54318,126.8123,17시,1112.0
0,20180308.0,목,오정로(부천시계),B-26,유출,외발산사거리->오쇠삼거리,10139.0,37.54318,126.8123,18시,1173.0
0,20180308.0,목,오정로(부천시계),B-26,유출,외발산사거리->오쇠삼거리,10139.0,37.54318,126.8123,19시,836.0
0,20180308.0,목,오정로(부천시계),B-26,유출,외발산사거리->오쇠삼거리,10139.0,37.54318,126.8123,20시,607.0
0,20180309.0,금,오정로(부천시계),B-26,유출,외발산사거리->오쇠삼거리,11006.0,37.54318,126.8123,8시,907.0
0,20180309.0,금,오정로(부천시계),B-26,유출,외발산사거리->오쇠삼거리,11006.0,37.54318,126.8123,9시,731.0
0,20180309.0,금,오정로(부천시계),B-26,유출,외발산사거리->오쇠삼거리,11006.0,37.54318,126.8123,10시,696.0
0,20180309.0,금,오정로(부천시계),B-26,유출,외발산사거리->오쇠삼거리,11006.0,37.54318,126.8123,11시,670.0
0,20180309.0,금,오정로(부천시계),B-26,유출,외발산사거리->오쇠삼거리,11006.0,37.54318,126.8123,12시,638.0
0,20180309.0,금,오정로(부천시계),B-26,유출,외발산사거리->오쇠삼거리,11006.0,37.54318,126.8123,13시,702.0
0,20180309.0,금,오정로(부천시계),B-26,유출,외발산사거리->오쇠삼거리,11006.0,37.54318,126.8123,14시,681.0
0,20180309.0,금,오정로(부천시계),B-26,유출,외발산사거리->오쇠삼거리,11006.0,37.54318,126.8123,15시,796.0
0,20180309.0,금,오정로(부천시계),B-26,유출,외발산사거리->오쇠삼거리,11006.0,37.54318,126.8123,16시,940.0
0,20180309.0,금,오정로(부천시계),B-26,유출,외발산사거리->오쇠삼거리,11006.0,37.54318,126.8123,17시,1318.0
0,20180309.0,금,오정로(부천시계),B-26,유출,외발산사거리->오쇠삼거리,11006.0,37.54318,126.8123,18시,1243.0
0,20180309.0,금,오정로(부천시계),B-26,유출,외발산사거리->오쇠삼거리,11006.0,37.54318,126.8123,19시,1083.0
0,20180309.0,금,오정로(부천시계),B-26,유출,외발산사거리->오쇠삼거리,11006.0,37.54318,126.8123,20시,601.0
0,20180310.0,토,오정로(부천시계),B-26,유출,외발산사거리->오쇠삼거리,9707.0,37.54318,126.8123,8시,501.0
0,20180310.0,토,오정로(부천시계),B-26,유출,외발산사거리->오쇠삼거리,9707.0,37.54318,126.8123,9시,601.0
0,20180310.0,토,오정로(부천시계),B-26,유출,외발산사거리->오쇠삼거리,9707.0,37.54318,126.8123,10시,634.0
0,20180310.0,토,오정로(부천시계),B-26,유출,외발산사거리->오쇠삼거리,9707.0,37.54318,126.8123,11시,703.0
0,20180310.0,토,오정로(부천시계),B-26,유출,외발산사거리->오쇠삼거리,9707.0,37.54318,126.8123,12시,699.0
0,20180310.0,토,오정로(부천시계),B-26,유출,외발산사거리->오쇠삼거리,9707.0,37.54318,126.8123,13시,691.0
0,20180310.0,토,오정로(부천시계),B-26,유출,외발산사거리->오쇠삼거리,9707.0,37.54318,126.8123,14시,707.0
0,20180310.0,토,오정로(부천시계),B-26,유출,외발산사거리->오쇠삼거리,9707.0,37.54318,126.8123,15시,801.0
0,20180310.0,토,오정로(부천시계),B-26,유출,외발산사거리->오쇠삼거리,9707.0,37.54318,126.8123,16시,1045.0
0,20180310.0,토,오정로(부천시계),B-26,유출,외발산사거리->오쇠삼거리,9707.0,37.54318,126.8123,17시,1190.0
0,20180310.0,토,오정로(부천시계),B-26,유출,외발산사거리->오쇠삼거리,9707.0,37.54318,126.8123,18시,935.0
0,20180310.0,토,오정로(부천시계),B-26,유출,외발산사거리->오쇠삼거리,9707.0,37.54318,126.8123,19시,706.0
0,20180310.0,토,오정로(부천시계),B-26,유출,외발산사거리->오쇠삼거리,9707.0,37.54318,126.8123,20시,494.0
0,20180311.0,일,오정로(부천시계),B-26,유출,외발산사거리->오쇠삼거리,7703.0,37.54318,126.8123,8시,375.0
0,20180311.0,일,오정로(부천시계),B-26,유출,외발산사거리->오쇠삼거리,7703.0,37.54318,126.8123,9시,406.0
0,20180311.0,일,오정로(부천시계),B-26,유출,외발산사거리->오쇠삼거리,7703.0,37.54318,126.8123,10시,468.0
0,20180311.0,일,오정로(부천시계),B-26,유출,외발산사거리->오쇠삼거리,7703.0,37.54318,126.8123,11시,489.0
0,20180311.0,일,오정로(부천시계),B-26,유출,외발산사거리->오쇠삼거리,7703.0,37.54318,126.8123,12시,517.0
0,20180311.0,일,오정로(부천시계),B-26,유출,외발산사거리->오쇠삼거리,7703.0,37.54318,126.8123,13시,661.0
0,20180311.0,일,오정로(부천시계),B-26,유출,외발산사거리->오쇠삼거리,7703.0,37.54318,126.8123,14시,603.0
0,20180311.0,일,오정로(부천시계),B-26,유출,외발산사거리->오쇠삼거리,7703.0,37.54318,126.8123,15시,727.0
0,20180311.0,일,오정로(부천시계),B-26,유출,외발산사거리->오쇠삼거리,7703.0,37.54318,126.8123,16시,811.0
0,20180311.0,일,오정로(부천시계),B-26,유출,외발산사거리->오쇠삼거리,7703.0,37.54318,126.8123,17시,857.0
0,20180311.0,일,오정로(부천시계),B-26,유출,외발산사거리->오쇠삼거리,7703.0,37.54318,126.8123,18시,753.0
0,20180311.0,일,오정로(부천시계),B-26,유출,외발산사거리->오쇠삼거리,7703.0,37.54318,126.8123,19시,566.0
0,20180311.0,일,오정로(부천시계),B-26,유출,외발산사거리->오쇠삼거리,7703.0,37.54318,126.8123,20시,470.0
0,20180312.0,월,오정로(부천시계),B-26,유출,외발산사거리->오쇠삼거리,10438.0,37.54318,126.8123,8시,840.0
0,20180312.0,월,오정로(부천시계),B-26,유출,외발산사거리->오쇠삼거리,10438.0,37.54318,126.8123,9시,708.0
0,20180312.0,월,오정로(부천시계),B-26,유출,외발산사거리->오쇠삼거리,10438.0,37.54318,126.8123,10시,648.0
0,20180312.0,월,오정로(부천시계),B-26,유출,외발산사거리->오쇠삼거리,10438.0,37.54318,126.8123,11시,677.0
0,20180312.0,월,오정로(부천시계),B-26,유출,외발산사거리->오쇠삼거리,10438.0,37.54318,126.8123,12시,631.0
0,20180312.0,월,오정로(부천시계),B-26,유출,외발산사거리->오쇠삼거리,10438.0,37.54318,126.8123,13시,695.0
0,20180312.0,월,오정로(부천시계),B-26,유출,외발산사거리->오쇠삼거리,10438.0,37.54318,126.8123,14시,697.0
0,20180312.0,월,오정로(부천시계),B-26,유출,외발산사거리->오쇠삼거리,10438.0,37.54318,126.8123,15시,730.0
0,20180312.0,월,오정로(부천시계),B-26,유출,외발산사거리->오쇠삼거리,10438.0,37.54318,126.8123,16시,863.0
0,20180312.0,월,오정로(부천시계),B-26,유출,외발산사거리->오쇠삼거리,10438.0,37.54318,126.8123,17시,1178.0
0,20180312.0,월,오정로(부천시계),B-26,유출,외발산사거리->오쇠삼거리,10438.0,37.54318,126.8123,18시,1278.0
0,20180312.0,월,오정로(부천시계),B-26,유출,외발산사거리->오쇠삼거리,10438.0,37.54318,126.8123,19시,911.0
0,20180312.0,월,오정로(부천시계),B-26,유출,외발산사거리->오쇠삼거리,10438.0,37.54318,126.8123,20시,582.0
0,20180313.0,화,오정로(부천시계),B-26,유출,외발산사거리->오쇠삼거리,10553.0,37.54318,126.8123,8시,835.0
0,20180313.0,화,오정로(부천시계),B-26,유출,외발산사거리->오쇠삼거리,10553.0,37.54318,126.8123,9시,724.0
0,20180313.0,화,오정로(부천시계),B-26,유출,외발산사거리->오쇠삼거리,10553.0,37.54318,126.8123,10시,672.0
0,20180313.0,화,오정로(부천시계),B-26,유출,외발산사거리->오쇠삼거리,10553.0,37.54318,126.8123,11시,677.0
0,20180313.0,화,오정로(부천시계),B-26,유출,외발산사거리->오쇠삼거리,10553.0,37.54318,126.8123,12시,600.0
0,20180313.0,화,오정로(부천시계),B-26,유출,외발산사거리->오쇠삼거리,10553.0,37.54318,126.8123,13시,705.0
0,20180313.0,화,오정로(부천시계),B-26,유출,외발산사거리->오쇠삼거리,10553.0,37.54318,126.8123,14시,667.0
0,20180313.0,화,오정로(부천시계),B-26,유출,외발산사거리->오쇠삼거리,10553.0,37.54318,126.8123,15시,716.0
0,20180313.0,화,오정로(부천시계),B-26,유출,외발산사거리->오쇠삼거리,10553.0,37.54318,126.8123,16시,935.0
0,20180313.0,화,오정로(부천시계),B-26,유출,외발산사거리->오쇠삼거리,10553.0,37.54318,126.8123,17시,1234.0
0,20180313.0,화,오정로(부천시계),B-26,유출,외발산사거리->오쇠삼거리,10553.0,37.54318,126.8123,18시,1179.0
0,20180313.0,화,오정로(부천시계),B-26,유출,외발산사거리->오쇠삼거리,10553.0,37.54318,126.8123,19시,1028.0
0,20180313.0,화,오정로(부천시계),B-26,유출,외발산사거리->오쇠삼거리,10553.0,37.54318,126.8123,20시,581.0
0,20180314.0,수,오정로(부천시계),B-26,유출,외발산사거리->오쇠삼거리,10662.0,37.54318,126.8123,8시,850.0
0,20180314.0,수,오정로(부천시계),B-26,유출,외발산사거리->오쇠삼거리,10662.0,37.54318,126.8123,9시,683.0
0,20180314.0,수,오정로(부천시계),B-26,유출,외발산사거리->오쇠삼거리,10662.0,37.54318,126.8123,10시,655.0
0,20180314.0,수,오정로(부천시계),B-26,유출,외발산사거리->오쇠삼거리,10662.0,37.54318,126.8123,11시,683.0
0,20180314.0,수,오정로(부천시계),B-26,유출,외발산사거리->오쇠삼거리,10662.0,37.54318,126.8123,12시,638.0
0,20180314.0,수,오정로(부천시계),B-26,유출,외발산사거리->오쇠삼거리,10662.0,37.54318,126.8123,13시,703.0
0,20180314.0,수,오정로(부천시계),B-26,유출,외발산사거리->오쇠삼거리,10662.0,37.54318,126.8123,14시,657.0
0,20180314.0,수,오정로(부천시계),B-26,유출,외발산사거리->오쇠삼거리,10662.0,37.54318,126.8123,15시,726.0
0,20180314.0,수,오정로(부천시계),B-26,유출,외발산사거리->오쇠삼거리,10662.0,37.54318,126.8123,16시,907.0
0,20180314.0,수,오정로(부천시계),B-26,유출,외발산사거리->오쇠삼거리,10662.0,37.54318,126.8123,17시,1254.0
0,20180314.0,수,오정로(부천시계),B-26,유출,외발산사거리->오쇠삼거리,10662.0,37.54318,126.8123,18시,1250.0
0,20180314.0,수,오정로(부천시계),B-26,유출,외발산사거리->오쇠삼거리,10662.0,37.54318,126.8123,19시,1042.0
0,20180314.0,수,오정로(부천시계),B-26,유출,외발산사거리->오쇠삼거리,10662.0,37.54318,126.8123,20시,614.0
0,20180315.0,목,오정로(부천시계),B-26,유출,외발산사거리->오쇠삼거리,9958.0,37.54318,126.8123,8시,803.0
0,20180315.0,목,오정로(부천시계),B-26,유출,외발산사거리->오쇠삼거리,9958.0,37.54318,126.8123,9시,672.0
0,20180315.0,목,오정로(부천시계),B-26,유출,외발산사거리->오쇠삼거리,9958.0,37.54318,126.8123,10시,589.0
0,20180315.0,목,오정로(부천시계),B-26,유출,외발산사거리->오쇠삼거리,9958.0,37.54318,126.8123,11시,719.0
0,20180315.0,목,오정로(부천시계),B-26,유출,외발산사거리->오쇠삼거리,9958.0,37.54318,126.8123,12시,693.0
0,20180315.0,목,오정로(부천시계),B-26,유출,외발산사거리->오쇠삼거리,9958.0,37.54318,126.8123,13시,638.0
0,20180315.0,목,오정로(부천시계),B-26,유출,외발산사거리->오쇠삼거리,9958.0,37.54318,126.8123,14시,585.0
0,20180315.0,목,오정로(부천시계),B-26,유출,외발산사거리->오쇠삼거리,9958.0,37.54318,126.8123,15시,760.0
0,20180315.0,목,오정로(부천시계),B-26,유출,외발산사거리->오쇠삼거리,9958.0,37.54318,126.8123,16시,858.0
0,20180315.0,목,오정로(부천시계),B-26,유출,외발산사거리->오쇠삼거리,9958.0,37.54318,126.8123,17시,1146.0
0,20180315.0,목,오정로(부천시계),B-26,유출,외발산사거리->오쇠삼거리,9958.0,37.54318,126.8123,18시,1123.0
0,20180315.0,목,오정로(부천시계),B-26,유출,외발산사거리->오쇠삼거리,9958.0,37.54318,126.8123,19시,826.0
0,20180315.0,목,오정로(부천시계),B-26,유출,외발산사거리->오쇠삼거리,9958.0,37.54318,126.8123,20시,546.0
0,20180316.0,금,오정로(부천시계),B-26,유출,외발산사거리->오쇠삼거리,11214.0,37.54318,126.8123,8시,849.0
0,20180316.0,금,오정로(부천시계),B-26,유출,외발산사거리->오쇠삼거리,11214.0,37.54318,126.8123,9시,694.0
0,20180316.0,금,오정로(부천시계),B-26,유출,외발산사거리->오쇠삼거리,11214.0,37.54318,126.8123,10시,643.0
0,20180316.0,금,오정로(부천시계),B-26,유출,외발산사거리->오쇠삼거리,11214.0,37.54318,126.8123,11시,759.0
0,20180316.0,금,오정로(부천시계),B-26,유출,외발산사거리->오쇠삼거리,11214.0,37.54318,126.8123,12시,649.0
0,20180316.0,금,오정로(부천시계),B-26,유출,외발산사거리->오쇠삼거리,11214.0,37.54318,126.8123,13시,716.0
0,20180316.0,금,오정로(부천시계),B-26,유출,외발산사거리->오쇠삼거리,11214.0,37.54318,126.8123,14시,701.0
0,20180316.0,금,오정로(부천시계),B-26,유출,외발산사거리->오쇠삼거리,11214.0,37.54318,126.8123,15시,847.0
0,20180316.0,금,오정로(부천시계),B-26,유출,외발산사거리->오쇠삼거리,11214.0,37.54318,126.8123,16시,958.0
0,20180316.0,금,오정로(부천시계),B-26,유출,외발산사거리->오쇠삼거리,11214.0,37.54318,126.8123,17시,1286.0
0,20180316.0,금,오정로(부천시계),B-26,유출,외발산사거리->오쇠삼거리,11214.0,37.54318,126.8123,18시,1245.0
0,20180316.0,금,오정로(부천시계),B-26,유출,외발산사거리->오쇠삼거리,11214.0,37.54318,126.8123,19시,1161.0
0,20180316.0,금,오정로(부천시계),B-26,유출,외발산사거리->오쇠삼거리,11214.0,37.54318,126.8123,20시,706.0
0,20180317.0,토,오정로(부천시계),B-26,유출,외발산사거리->오쇠삼거리,9843.0,37.54318,126.8123,8시,544.0
0,20180317.0,토,오정로(부천시계),B-26,유출,외발산사거리->오쇠삼거리,9843.0,37.54318,126.8123,9시,635.0
0,20180317.0,토,오정로(부천시계),B-26,유출,외발산사거리->오쇠삼거리,9843.0,37.54318,126.8123,10시,617.0
0,20180317.0,토,오정로(부천시계),B-26,유출,외발산사거리->오쇠삼거리,9843.0,37.54318,126.8123,11시,692.0
0,20180317.0,토,오정로(부천시계),B-26,유출,외발산사거리->오쇠삼거리,9843.0,37.54318,126.8123,12시,704.0
0,20180317.0,토,오정로(부천시계),B-26,유출,외발산사거리->오쇠삼거리,9843.0,37.54318,126.8123,13시,724.0
0,20180317.0,토,오정로(부천시계),B-26,유출,외발산사거리->오쇠삼거리,9843.0,37.54318,126.8123,14시,748.0
0,20180317.0,토,오정로(부천시계),B-26,유출,외발산사거리->오쇠삼거리,9843.0,37.54318,126.8123,15시,859.0
0,20180317.0,토,오정로(부천시계),B-26,유출,외발산사거리->오쇠삼거리,9843.0,37.54318,126.8123,16시,1020.0
0,20180317.0,토,오정로(부천시계),B-26,유출,외발산사거리->오쇠삼거리,9843.0,37.54318,126.8123,17시,1147.0
0,20180317.0,토,오정로(부천시계),B-26,유출,외발산사거리->오쇠삼거리,9843.0,37.54318,126.8123,18시,919.0
0,20180317.0,토,오정로(부천시계),B-26,유출,외발산사거리->오쇠삼거리,9843.0,37.54318,126.8123,19시,738.0
0,20180317.0,토,오정로(부천시계),B-26,유출,외발산사거리->오쇠삼거리,9843.0,37.54318,126.8123,20시,496.0
0,20180318.0,일,오정로(부천시계),B-26,유출,외발산사거리->오쇠삼거리,7778.0,37.54318,126.8123,8시,360.0
0,20180318.0,일,오정로(부천시계),B-26,유출,외발산사거리->오쇠삼거리,7778.0,37.54318,126.8123,9시,444.0
0,20180318.0,일,오정로(부천시계),B-26,유출,외발산사거리->오쇠삼거리,7778.0,37.54318,126.8123,10시,479.0
0,20180318.0,일,오정로(부천시계),B-26,유출,외발산사거리->오쇠삼거리,7778.0,37.54318,126.8123,11시,483.0
0,20180318.0,일,오정로(부천시계),B-26,유출,외발산사거리->오쇠삼거리,7778.0,37.54318,126.8123,12시,511.0
0,20180318.0,일,오정로(부천시계),B-26,유출,외발산사거리->오쇠삼거리,7778.0,37.54318,126.8123,13시,637.0
0,20180318.0,일,오정로(부천시계),B-26,유출,외발산사거리->오쇠삼거리,7778.0,37.54318,126.8123,14시,680.0
0,20180318.0,일,오정로(부천시계),B-26,유출,외발산사거리->오쇠삼거리,7778.0,37.54318,126.8123,15시,708.0
0,20180318.0,일,오정로(부천시계),B-26,유출,외발산사거리->오쇠삼거리,7778.0,37.54318,126.8123,16시,821.0
0,20180318.0,일,오정로(부천시계),B-26,유출,외발산사거리->오쇠삼거리,7778.0,37.54318,126.8123,17시,796.0
0,20180318.0,일,오정로(부천시계),B-26,유출,외발산사거리->오쇠삼거리,7778.0,37.54318,126.8123,18시,768.0
0,20180318.0,일,오정로(부천시계),B-26,유출,외발산사거리->오쇠삼거리,7778.0,37.54318,126.8123,19시,606.0
0,20180318.0,일,오정로(부천시계),B-26,유출,외발산사거리->오쇠삼거리,7778.0,37.54318,126.8123,20시,485.0
0,20180319.0,월,오정로(부천시계),B-26,유출,외발산사거리->오쇠삼거리,10350.0,37.54318,126.8123,8시,860.0
0,20180319.0,월,오정로(부천시계),B-26,유출,외발산사거리->오쇠삼거리,10350.0,37.54318,126.8123,9시,735.0
0,20180319.0,월,오정로(부천시계),B-26,유출,외발산사거리->오쇠삼거리,10350.0,37.54318,126.8123,10시,655.0
0,20180319.0,월,오정로(부천시계),B-26,유출,외발산사거리->오쇠삼거리,10350.0,37.54318,126.8123,11시,677.0
0,20180319.0,월,오정로(부천시계),B-26,유출,외발산사거리->오쇠삼거리,10350.0,37.54318,126.8123,12시,601.0
0,20180319.0,월,오정로(부천시계),B-26,유출,외발산사거리->오쇠삼거리,10350.0,37.54318,126.8123,13시,649.0
0,20180319.0,월,오정로(부천시계),B-26,유출,외발산사거리->오쇠삼거리,10350.0,37.54318,126.8123,14시,698.0
0,20180319.0,월,오정로(부천시계),B-26,유출,외발산사거리->오쇠삼거리,10350.0,37.54318,126.8123,15시,757.0
0,20180319.0,월,오정로(부천시계),B-26,유출,외발산사거리->오쇠삼거리,10350.0,37.54318,126.8123,16시,864.0
0,20180319.0,월,오정로(부천시계),B-26,유출,외발산사거리->오쇠삼거리,10350.0,37.54318,126.8123,17시,1218.0
0,20180319.0,월,오정로(부천시계),B-26,유출,외발산사거리->오쇠삼거리,10350.0,37.54318,126.8123,18시,1167.0
0,20180319.0,월,오정로(부천시계),B-26,유출,외발산사거리->오쇠삼거리,10350.0,37.54318,126.8123,19시,919.0
0,20180319.0,월,오정로(부천시계),B-26,유출,외발산사거리->오쇠삼거리,10350.0,37.54318,126.8123,20시,550.0
0,20180320.0,화,오정로(부천시계),B-26,유출,외발산사거리->오쇠삼거리,10639.0,37.54318,126.8123,8시,832.0
0,20180320.0,화,오정로(부천시계),B-26,유출,외발산사거리->오쇠삼거리,10639.0,37.54318,126.8123,9시,708.0
0,20180320.0,화,오정로(부천시계),B-26,유출,외발산사거리->오쇠삼거리,10639.0,37.54318,126.8123,10시,671.0
0,20180320.0,화,오정로(부천시계),B-26,유출,외발산사거리->오쇠삼거리,10639.0,37.54318,126.8123,11시,671.0
0,20180320.0,화,오정로(부천시계),B-26,유출,외발산사거리->오쇠삼거리,10639.0,37.54318,126.8123,12시,660.0
0,20180320.0,화,오정로(부천시계),B-26,유출,외발산사거리->오쇠삼거리,10639.0,37.54318,126.8123,13시,677.0
0,20180320.0,화,오정로(부천시계),B-26,유출,외발산사거리->오쇠삼거리,10639.0,37.54318,126.8123,14시,714.0
0,20180320.0,화,오정로(부천시계),B-26,유출,외발산사거리->오쇠삼거리,10639.0,37.54318,126.8123,15시,806.0
0,20180320.0,화,오정로(부천시계),B-26,유출,외발산사거리->오쇠삼거리,10639.0,37.54318,126.8123,16시,900.0
0,20180320.0,화,오정로(부천시계),B-26,유출,외발산사거리->오쇠삼거리,10639.0,37.54318,126.8123,17시,1194.0
0,20180320.0,화,오정로(부천시계),B-26,유출,외발산사거리->오쇠삼거리,10639.0,37.54318,126.8123,18시,1294.0
0,20180320.0,화,오정로(부천시계),B-26,유출,외발산사거리->오쇠삼거리,10639.0,37.54318,126.8123,19시,920.0
0,20180320.0,화,오정로(부천시계),B-26,유출,외발산사거리->오쇠삼거리,10639.0,37.54318,126.8123,20시,592.0
0,20180321.0,수,오정로(부천시계),B-26,유출,외발산사거리->오쇠삼거리,10634.0,37.54318,126.8123,8시,847.0
0,20180321.0,수,오정로(부천시계),B-26,유출,외발산사거리->오쇠삼거리,10634.0,37.54318,126.8123,9시,732.0
0,20180321.0,수,오정로(부천시계),B-26,유출,외발산사거리->오쇠삼거리,10634.0,37.54318,126.8123,10시,633.0
0,20180321.0,수,오정로(부천시계),B-26,유출,외발산사거리->오쇠삼거리,10634.0,37.54318,126.8123,11시,653.0
0,20180321.0,수,오정로(부천시계),B-26,유출,외발산사거리->오쇠삼거리,10634.0,37.54318,126.8123,12시,630.0
0,20180321.0,수,오정로(부천시계),B-26,유출,외발산사거리->오쇠삼거리,10634.0,37.54318,126.8123,13시,737.0
0,20180321.0,수,오정로(부천시계),B-26,유출,외발산사거리->오쇠삼거리,10634.0,37.54318,126.8123,14시,720.0
0,20180321.0,수,오정로(부천시계),B-26,유출,외발산사거리->오쇠삼거리,10634.0,37.54318,126.8123,15시,800.0
0,20180321.0,수,오정로(부천시계),B-26,유출,외발산사거리->오쇠삼거리,10634.0,37.54318,126.8123,16시,911.0
0,20180321.0,수,오정로(부천시계),B-26,유출,외발산사거리->오쇠삼거리,10634.0,37.54318,126.8123,17시,1231.0
0,20180321.0,수,오정로(부천시계),B-26,유출,외발산사거리->오쇠삼거리,10634.0,37.54318,126.8123,18시,1201.0
0,20180321.0,수,오정로(부천시계),B-26,유출,외발산사거리->오쇠삼거리,10634.0,37.54318,126.8123,19시,952.0
0,20180321.0,수,오정로(부천시계),B-26,유출,외발산사거리->오쇠삼거리,10634.0,37.54318,126.8123,20시,587.0
0,20180322.0,목,오정로(부천시계),B-26,유출,외발산사거리->오쇠삼거리,10518.0,37.54318,126.8123,8시,832.0
0,20180322.0,목,오정로(부천시계),B-26,유출,외발산사거리->오쇠삼거리,10518.0,37.54318,126.8123,9시,696.0
0,20180322.0,목,오정로(부천시계),B-26,유출,외발산사거리->오쇠삼거리,10518.0,37.54318,126.8123,10시,653.0
0,20180322.0,목,오정로(부천시계),B-26,유출,외발산사거리->오쇠삼거리,10518.0,37.54318,126.8123,11시,642.0
0,20180322.0,목,오정로(부천시계),B-26,유출,외발산사거리->오쇠삼거리,10518.0,37.54318,126.8123,12시,607.0
0,20180322.0,목,오정로(부천시계),B-26,유출,외발산사거리->오쇠삼거리,10518.0,37.54318,126.8123,13시,674.0
0,20180322.0,목,오정로(부천시계),B-26,유출,외발산사거리->오쇠삼거리,10518.0,37.54318,126.8123,14시,674.0
0,20180322.0,목,오정로(부천시계),B-26,유출,외발산사거리->오쇠삼거리,10518.0,37.54318,126.8123,15시,761.0
0,20180322.0,목,오정로(부천시계),B-26,유출,외발산사거리->오쇠삼거리,10518.0,37.54318,126.8123,16시,917.0
0,20180322.0,목,오정로(부천시계),B-26,유출,외발산사거리->오쇠삼거리,10518.0,37.54318,126.8123,17시,1203.0
0,20180322.0,목,오정로(부천시계),B-26,유출,외발산사거리->오쇠삼거리,10518.0,37.54318,126.8123,18시,1247.0
0,20180322.0,목,오정로(부천시계),B-26,유출,외발산사거리->오쇠삼거리,10518.0,37.54318,126.8123,19시,977.0
0,20180322.0,목,오정로(부천시계),B-26,유출,외발산사거리->오쇠삼거리,10518.0,37.54318,126.8123,20시,635.0
0,20180323.0,금,오정로(부천시계),B-26,유출,외발산사거리->오쇠삼거리,11187.0,37.54318,126.8123,8시,844.0
0,20180323.0,금,오정로(부천시계),B-26,유출,외발산사거리->오쇠삼거리,11187.0,37.54318,126.8123,9시,725.0
0,20180323.0,금,오정로(부천시계),B-26,유출,외발산사거리->오쇠삼거리,11187.0,37.54318,126.8123,10시,694.0
0,20180323.0,금,오정로(부천시계),B-26,유출,외발산사거리->오쇠삼거리,11187.0,37.54318,126.8123,11시,684.0
0,20180323.0,금,오정로(부천시계),B-26,유출,외발산사거리->오쇠삼거리,11187.0,37.54318,126.8123,12시,619.0
0,20180323.0,금,오정로(부천시계),B-26,유출,외발산사거리->오쇠삼거리,11187.0,37.54318,126.8123,13시,747.0
0,20180323.0,금,오정로(부천시계),B-26,유출,외발산사거리->오쇠삼거리,11187.0,37.54318,126.8123,14시,705.0
0,20180323.0,금,오정로(부천시계),B-26,유출,외발산사거리->오쇠삼거리,11187.0,37.54318,126.8123,15시,789.0
0,20180323.0,금,오정로(부천시계),B-26,유출,외발산사거리->오쇠삼거리,11187.0,37.54318,126.8123,16시,911.0
0,20180323.0,금,오정로(부천시계),B-26,유출,외발산사거리->오쇠삼거리,11187.0,37.54318,126.8123,17시,1326.0
0,20180323.0,금,오정로(부천시계),B-26,유출,외발산사거리->오쇠삼거리,11187.0,37.54318,126.8123,18시,1339.0
0,20180323.0,금,오정로(부천시계),B-26,유출,외발산사거리->오쇠삼거리,11187.0,37.54318,126.8123,19시,1069.0
0,20180323.0,금,오정로(부천시계),B-26,유출,외발산사거리->오쇠삼거리,11187.0,37.54318,126.8123,20시,735.0
0,20180324.0,토,오정로(부천시계),B-26,유출,외발산사거리->오쇠삼거리,9902.0,37.54318,126.8123,8시,565.0
0,20180324.0,토,오정로(부천시계),B-26,유출,외발산사거리->오쇠삼거리,9902.0,37.54318,126.8123,9시,601.0
0,20180324.0,토,오정로(부천시계),B-26,유출,외발산사거리->오쇠삼거리,9902.0,37.54318,126.8123,10시,603.0
0,20180324.0,토,오정로(부천시계),B-26,유출,외발산사거리->오쇠삼거리,9902.0,37.54318,126.8123,11시,652.0
0,20180324.0,토,오정로(부천시계),B-26,유출,외발산사거리->오쇠삼거리,9902.0,37.54318,126.8123,12시,714.0
0,20180324.0,토,오정로(부천시계),B-26,유출,외발산사거리->오쇠삼거리,9902.0,37.54318,126.8123,13시,741.0
0,20180324.0,토,오정로(부천시계),B-26,유출,외발산사거리->오쇠삼거리,9902.0,37.54318,126.8123,14시,735.0
0,20180324.0,토,오정로(부천시계),B-26,유출,외발산사거리->오쇠삼거리,9902.0,37.54318,126.8123,15시,865.0
0,20180324.0,토,오정로(부천시계),B-26,유출,외발산사거리->오쇠삼거리,9902.0,37.54318,126.8123,16시,1031.0
0,20180324.0,토,오정로(부천시계),B-26,유출,외발산사거리->오쇠삼거리,9902.0,37.54318,126.8123,17시,1125.0
0,20180324.0,토,오정로(부천시계),B-26,유출,외발산사거리->오쇠삼거리,9902.0,37.54318,126.8123,18시,987.0
0,20180324.0,토,오정로(부천시계),B-26,유출,외발산사거리->오쇠삼거리,9902.0,37.54318,126.8123,19시,798.0
0,20180324.0,토,오정로(부천시계),B-26,유출,외발산사거리->오쇠삼거리,9902.0,37.54318,126.8123,20시,485.0
0,20180325.0,일,오정로(부천시계),B-26,유출,외발산사거리->오쇠삼거리,7756.0,37.54318,126.8123,8시,361.0
0,20180325.0,일,오정로(부천시계),B-26,유출,외발산사거리->오쇠삼거리,7756.0,37.54318,126.8123,9시,407.0
0,20180325.0,일,오정로(부천시계),B-26,유출,외발산사거리->오쇠삼거리,7756.0,37.54318,126.8123,10시,473.0
0,20180325.0,일,오정로(부천시계),B-26,유출,외발산사거리->오쇠삼거리,7756.0,37.54318,126.8123,11시,502.0
0,20180325.0,일,오정로(부천시계),B-26,유출,외발산사거리->오쇠삼거리,7756.0,37.54318,126.8123,12시,535.0
0,20180325.0,일,오정로(부천시계),B-26,유출,외발산사거리->오쇠삼거리,7756.0,37.54318,126.8123,13시,655.0
0,20180325.0,일,오정로(부천시계),B-26,유출,외발산사거리->오쇠삼거리,7756.0,37.54318,126.8123,14시,613.0
0,20180325.0,일,오정로(부천시계),B-26,유출,외발산사거리->오쇠삼거리,7756.0,37.54318,126.8123,15시,720.0
0,20180325.0,일,오정로(부천시계),B-26,유출,외발산사거리->오쇠삼거리,7756.0,37.54318,126.8123,16시,803.0
0,20180325.0,일,오정로(부천시계),B-26,유출,외발산사거리->오쇠삼거리,7756.0,37.54318,126.8123,17시,906.0
0,20180325.0,일,오정로(부천시계),B-26,유출,외발산사거리->오쇠삼거리,7756.0,37.54318,126.8123,18시,719.0
0,20180325.0,일,오정로(부천시계),B-26,유출,외발산사거리->오쇠삼거리,7756.0,37.54318,126.8123,19시,589.0
0,20180325.0,일,오정로(부천시계),B-26,유출,외발산사거리->오쇠삼거리,7756.0,37.54318,126.8123,20시,473.0
0,20180326.0,월,오정로(부천시계),B-26,유출,외발산사거리->오쇠삼거리,10354.0,37.54318,126.8123,8시,861.0
0,20180326.0,월,오정로(부천시계),B-26,유출,외발산사거리->오쇠삼거리,10354.0,37.54318,126.8123,9시,707.0
0,20180326.0,월,오정로(부천시계),B-26,유출,외발산사거리->오쇠삼거리,10354.0,37.54318,126.8123,10시,661.0
0,20180326.0,월,오정로(부천시계),B-26,유출,외발산사거리->오쇠삼거리,10354.0,37.54318,126.8123,11시,699.0
0,20180326.0,월,오정로(부천시계),B-26,유출,외발산사거리->오쇠삼거리,10354.0,37.54318,126.8123,12시,599.0
0,20180326.0,월,오정로(부천시계),B-26,유출,외발산사거리->오쇠삼거리,10354.0,37.54318,126.8123,13시,639.0
0,20180326.0,월,오정로(부천시계),B-26,유출,외발산사거리->오쇠삼거리,10354.0,37.54318,126.8123,14시,627.0
0,20180326.0,월,오정로(부천시계),B-26,유출,외발산사거리->오쇠삼거리,10354.0,37.54318,126.8123,15시,769.0
0,20180326.0,월,오정로(부천시계),B-26,유출,외발산사거리->오쇠삼거리,10354.0,37.54318,126.8123,16시,895.0
0,20180326.0,월,오정로(부천시계),B-26,유출,외발산사거리->오쇠삼거리,10354.0,37.54318,126.8123,17시,1140.0
0,20180326.0,월,오정로(부천시계),B-26,유출,외발산사거리->오쇠삼거리,10354.0,37.54318,126.8123,18시,1243.0
0,20180326.0,월,오정로(부천시계),B-26,유출,외발산사거리->오쇠삼거리,10354.0,37.54318,126.8123,19시,942.0
0,20180326.0,월,오정로(부천시계),B-26,유출,외발산사거리->오쇠삼거리,10354.0,37.54318,126.8123,20시,572.0
0,20180327.0,화,오정로(부천시계),B-26,유출,외발산사거리->오쇠삼거리,10648.0,37.54318,126.8123,8시,885.0
0,20180327.0,화,오정로(부천시계),B-26,유출,외발산사거리->오쇠삼거리,10648.0,37.54318,126.8123,9시,696.0
0,20180327.0,화,오정로(부천시계),B-26,유출,외발산사거리->오쇠삼거리,10648.0,37.54318,126.8123,10시,663.0
0,20180327.0,화,오정로(부천시계),B-26,유출,외발산사거리->오쇠삼거리,10648.0,37.54318,126.8123,11시,710.0
0,20180327.0,화,오정로(부천시계),B-26,유출,외발산사거리->오쇠삼거리,10648.0,37.54318,126.8123,12시,657.0
0,20180327.0,화,오정로(부천시계),B-26,유출,외발산사거리->오쇠삼거리,10648.0,37.54318,126.8123,13시,683.0
0,20180327.0,화,오정로(부천시계),B-26,유출,외발산사거리->오쇠삼거리,10648.0,37.54318,126.8123,14시,711.0
0,20180327.0,화,오정로(부천시계),B-26,유출,외발산사거리->오쇠삼거리,10648.0,37.54318,126.8123,15시,744.0
0,20180327.0,화,오정로(부천시계),B-26,유출,외발산사거리->오쇠삼거리,10648.0,37.54318,126.8123,16시,891.0
0,20180327.0,화,오정로(부천시계),B-26,유출,외발산사거리->오쇠삼거리,10648.0,37.54318,126.8123,17시,1253.0
0,20180327.0,화,오정로(부천시계),B-26,유출,외발산사거리->오쇠삼거리,10648.0,37.54318,126.8123,18시,1211.0
0,20180327.0,화,오정로(부천시계),B-26,유출,외발산사거리->오쇠삼거리,10648.0,37.54318,126.8123,19시,935.0
0,20180327.0,화,오정로(부천시계),B-26,유출,외발산사거리->오쇠삼거리,10648.0,37.54318,126.8123,20시,609.0
0,20180328.0,수,오정로(부천시계),B-26,유출,외발산사거리->오쇠삼거리,10835.0,37.54318,126.8123,8시,892.0
0,20180328.0,수,오정로(부천시계),B-26,유출,외발산사거리->오쇠삼거리,10835.0,37.54318,126.8123,9시,758.0
0,20180328.0,수,오정로(부천시계),B-26,유출,외발산사거리->오쇠삼거리,10835.0,37.54318,126.8123,10시,653.0
0,20180328.0,수,오정로(부천시계),B-26,유출,외발산사거리->오쇠삼거리,10835.0,37.54318,126.8123,11시,684.0
0,20180328.0,수,오정로(부천시계),B-26,유출,외발산사거리->오쇠삼거리,10835.0,37.54318,126.8123,12시,633.0
0,20180328.0,수,오정로(부천시계),B-26,유출,외발산사거리->오쇠삼거리,10835.0,37.54318,126.8123,13시,695.0
0,20180328.0,수,오정로(부천시계),B-26,유출,외발산사거리->오쇠삼거리,10835.0,37.54318,126.8123,14시,698.0
0,20180328.0,수,오정로(부천시계),B-26,유출,외발산사거리->오쇠삼거리,10835.0,37.54318,126.8123,15시,808.0
0,20180328.0,수,오정로(부천시계),B-26,유출,외발산사거리->오쇠삼거리,10835.0,37.54318,126.8123,16시,917.0
0,20180328.0,수,오정로(부천시계),B-26,유출,외발산사거리->오쇠삼거리,10835.0,37.54318,126.8123,17시,1278.0
0,20180328.0,수,오정로(부천시계),B-26,유출,외발산사거리->오쇠삼거리,10835.0,37.54318,126.8123,18시,1275.0
0,20180328.0,수,오정로(부천시계),B-26,유출,외발산사거리->오쇠삼거리,10835.0,37.54318,126.8123,19시,926.0
0,20180328.0,수,오정로(부천시계),B-26,유출,외발산사거리->오쇠삼거리,10835.0,37.54318,126.8123,20시,618.0
0,20180329.0,목,오정로(부천시계),B-26,유출,외발산사거리->오쇠삼거리,10729.0,37.54318,126.8123,8시,837.0
0,20180329.0,목,오정로(부천시계),B-26,유출,외발산사거리->오쇠삼거리,10729.0,37.54318,126.8123,9시,742.0
0,20180329.0,목,오정로(부천시계),B-26,유출,외발산사거리->오쇠삼거리,10729.0,37.54318,126.8123,10시,727.0
0,20180329.0,목,오정로(부천시계),B-26,유출,외발산사거리->오쇠삼거리,10729.0,37.54318,126.8123,11시,722.0
0,20180329.0,목,오정로(부천시계),B-26,유출,외발산사거리->오쇠삼거리,10729.0,37.54318,126.8123,12시,663.0
0,20180329.0,목,오정로(부천시계),B-26,유출,외발산사거리->오쇠삼거리,10729.0,37.54318,126.8123,13시,713.0
0,20180329.0,목,오정로(부천시계),B-26,유출,외발산사거리->오쇠삼거리,10729.0,37.54318,126.8123,14시,700.0
0,20180329.0,목,오정로(부천시계),B-26,유출,외발산사거리->오쇠삼거리,10729.0,37.54318,126.8123,15시,757.0
0,20180329.0,목,오정로(부천시계),B-26,유출,외발산사거리->오쇠삼거리,10729.0,37.54318,126.8123,16시,901.0
0,20180329.0,목,오정로(부천시계),B-26,유출,외발산사거리->오쇠삼거리,10729.0,37.54318,126.8123,17시,1210.0
0,20180329.0,목,오정로(부천시계),B-26,유출,외발산사거리->오쇠삼거리,10729.0,37.54318,126.8123,18시,1201.0
0,20180329.0,목,오정로(부천시계),B-26,유출,외발산사거리->오쇠삼거리,10729.0,37.54318,126.8123,19시,958.0
0,20180329.0,목,오정로(부천시계),B-26,유출,외발산사거리->오쇠삼거리,10729.0,37.54318,126.8123,20시,598.0
0,20180330.0,금,오정로(부천시계),B-26,유출,외발산사거리->오쇠삼거리,11209.0,37.54318,126.8123,8시,853.0
0,20180330.0,금,오정로(부천시계),B-26,유출,외발산사거리->오쇠삼거리,11209.0,37.54318,126.8123,9시,731.0
0,20180330.0,금,오정로(부천시계),B-26,유출,외발산사거리->오쇠삼거리,11209.0,37.54318,126.8123,10시,652.0
0,20180330.0,금,오정로(부천시계),B-26,유출,외발산사거리->오쇠삼거리,11209.0,37.54318,126.8123,11시,676.0
0,20180330.0,금,오정로(부천시계),B-26,유출,외발산사거리->오쇠삼거리,11209.0,37.54318,126.8123,12시,645.0
0,20180330.0,금,오정로(부천시계),B-26,유출,외발산사거리->오쇠삼거리,11209.0,37.54318,126.8123,13시,729.0
0,20180330.0,금,오정로(부천시계),B-26,유출,외발산사거리->오쇠삼거리,11209.0,37.54318,126.8123,14시,697.0
0,20180330.0,금,오정로(부천시계),B-26,유출,외발산사거리->오쇠삼거리,11209.0,37.54318,126.8123,15시,869.0
0,20180330.0,금,오정로(부천시계),B-26,유출,외발산사거리->오쇠삼거리,11209.0,37.54318,126.8123,16시,978.0
0,20180330.0,금,오정로(부천시계),B-26,유출,외발산사거리->오쇠삼거리,11209.0,37.54318,126.8123,17시,1310.0
0,20180330.0,금,오정로(부천시계),B-26,유출,외발산사거리->오쇠삼거리,11209.0,37.54318,126.8123,18시,1249.0
0,20180330.0,금,오정로(부천시계),B-26,유출,외발산사거리->오쇠삼거리,11209.0,37.54318,126.8123,19시,1029.0
0,20180330.0,금,오정로(부천시계),B-26,유출,외발산사거리->오쇠삼거리,11209.0,37.54318,126.8123,20시,791.0
0,20180331.0,토,오정로(부천시계),B-26,유출,외발산사거리->오쇠삼거리,9920.0,37.54318,126.8123,8시,575.0
0,20180331.0,토,오정로(부천시계),B-26,유출,외발산사거리->오쇠삼거리,9920.0,37.54318,126.8123,9시,599.0
0,20180331.0,토,오정로(부천시계),B-26,유출,외발산사거리->오쇠삼거리,9920.0,37.54318,126.8123,10시,625.0
0,20180331.0,토,오정로(부천시계),B-26,유출,외발산사거리->오쇠삼거리,9920.0,37.54318,126.8123,11시,696.0
0,20180331.0,토,오정로(부천시계),B-26,유출,외발산사거리->오쇠삼거리,9920.0,37.54318,126.8123,12시,655.0
0,20180331.0,토,오정로(부천시계),B-26,유출,외발산사거리->오쇠삼거리,9920.0,37.54318,126.8123,13시,714.0
0,20180331.0,토,오정로(부천시계),B-26,유출,외발산사거리->오쇠삼거리,9920.0,37.54318,126.8123,14시,753.0
0,20180331.0,토,오정로(부천시계),B-26,유출,외발산사거리->오쇠삼거리,9920.0,37.54318,126.8123,15시,921.0
0,20180331.0,토,오정로(부천시계),B-26,유출,외발산사거리->오쇠삼거리,9920.0,37.54318,126.8123,16시,1119.0
0,20180331.0,토,오정로(부천시계),B-26,유출,외발산사거리->오쇠삼거리,9920.0,37.54318,126.8123,17시,1110.0
0,20180331.0,토,오정로(부천시계),B-26,유출,외발산사거리->오쇠삼거리,9920.0,37.54318,126.8123,18시,946.0
0,20180331.0,토,오정로(부천시계),B-26,유출,외발산사거리->오쇠삼거리,9920.0,37.54318,126.8123,19시,707.0
0,20180331.0,토,오정로(부천시계),B-26,유출,외발산사거리->오쇠삼거리,9920.0,37.54318,126.8123,20시,500.0
0,20180401.0,일,오정로(부천시계),B-26,유입,오쇠삼거리->외발산사거리,5845.0,37.54318,126.8123,8시,367.0
0,20180401.0,일,오정로(부천시계),B-26,유입,오쇠삼거리->외발산사거리,5845.0,37.54318,126.8123,9시,463.0
0,20180401.0,일,오정로(부천시계),B-26,유입,오쇠삼거리->외발산사거리,5845.0,37.54318,126.8123,10시,451.0
0,20180401.0,일,오정로(부천시계),B-26,유입,오쇠삼거리->외발산사거리,5845.0,37.54318,126.8123,11시,479.0
0,20180401.0,일,오정로(부천시계),B-26,유입,오쇠삼거리->외발산사거리,5845.0,37.54318,126.8123,12시,503.0
0,20180401.0,일,오정로(부천시계),B-26,유입,오쇠삼거리->외발산사거리,5845.0,37.54318,126.8123,13시,534.0
0,20180401.0,일,오정로(부천시계),B-26,유입,오쇠삼거리->외발산사거리,5845.0,37.54318,126.8123,14시,459.0
0,20180401.0,일,오정로(부천시계),B-26,유입,오쇠삼거리->외발산사거리,5845.0,37.54318,126.8123,15시,469.0
0,20180401.0,일,오정로(부천시계),B-26,유입,오쇠삼거리->외발산사거리,5845.0,37.54318,126.8123,16시,572.0
0,20180401.0,일,오정로(부천시계),B-26,유입,오쇠삼거리->외발산사거리,5845.0,37.54318,126.8123,17시,500.0
0,20180401.0,일,오정로(부천시계),B-26,유입,오쇠삼거리->외발산사거리,5845.0,37.54318,126.8123,18시,409.0
0,20180401.0,일,오정로(부천시계),B-26,유입,오쇠삼거리->외발산사거리,5845.0,37.54318,126.8123,19시,342.0
0,20180401.0,일,오정로(부천시계),B-26,유입,오쇠삼거리->외발산사거리,5845.0,37.54318,126.8123,20시,297.0
0,20180402.0,월,오정로(부천시계),B-26,유입,오쇠삼거리->외발산사거리,7465.0,37.54318,126.8123,8시,792.0
0,20180402.0,월,오정로(부천시계),B-26,유입,오쇠삼거리->외발산사거리,7465.0,37.54318,126.8123,9시,657.0
0,20180402.0,월,오정로(부천시계),B-26,유입,오쇠삼거리->외발산사거리,7465.0,37.54318,126.8123,10시,540.0
0,20180402.0,월,오정로(부천시계),B-26,유입,오쇠삼거리->외발산사거리,7465.0,37.54318,126.8123,11시,584.0
0,20180402.0,월,오정로(부천시계),B-26,유입,오쇠삼거리->외발산사거리,7465.0,37.54318,126.8123,12시,547.0
0,20180402.0,월,오정로(부천시계),B-26,유입,오쇠삼거리->외발산사거리,7465.0,37.54318,126.8123,13시,533.0
0,20180402.0,월,오정로(부천시계),B-26,유입,오쇠삼거리->외발산사거리,7465.0,37.54318,126.8123,14시,496.0
0,20180402.0,월,오정로(부천시계),B-26,유입,오쇠삼거리->외발산사거리,7465.0,37.54318,126.8123,15시,563.0
0,20180402.0,월,오정로(부천시계),B-26,유입,오쇠삼거리->외발산사거리,7465.0,37.54318,126.8123,16시,590.0
0,20180402.0,월,오정로(부천시계),B-26,유입,오쇠삼거리->외발산사거리,7465.0,37.54318,126.8123,17시,732.0
0,20180402.0,월,오정로(부천시계),B-26,유입,오쇠삼거리->외발산사거리,7465.0,37.54318,126.8123,18시,628.0
0,20180402.0,월,오정로(부천시계),B-26,유입,오쇠삼거리->외발산사거리,7465.0,37.54318,126.8123,19시,466.0
0,20180402.0,월,오정로(부천시계),B-26,유입,오쇠삼거리->외발산사거리,7465.0,37.54318,126.8123,20시,337.0
0,20180403.0,화,오정로(부천시계),B-26,유입,오쇠삼거리->외발산사거리,7473.0,37.54318,126.8123,8시,784.0
0,20180403.0,화,오정로(부천시계),B-26,유입,오쇠삼거리->외발산사거리,7473.0,37.54318,126.8123,9시,702.0
0,20180403.0,화,오정로(부천시계),B-26,유입,오쇠삼거리->외발산사거리,7473.0,37.54318,126.8123,10시,609.0
0,20180403.0,화,오정로(부천시계),B-26,유입,오쇠삼거리->외발산사거리,7473.0,37.54318,126.8123,11시,568.0
0,20180403.0,화,오정로(부천시계),B-26,유입,오쇠삼거리->외발산사거리,7473.0,37.54318,126.8123,12시,539.0
0,20180403.0,화,오정로(부천시계),B-26,유입,오쇠삼거리->외발산사거리,7473.0,37.54318,126.8123,13시,544.0
0,20180403.0,화,오정로(부천시계),B-26,유입,오쇠삼거리->외발산사거리,7473.0,37.54318,126.8123,14시,524.0
0,20180403.0,화,오정로(부천시계),B-26,유입,오쇠삼거리->외발산사거리,7473.0,37.54318,126.8123,15시,538.0
0,20180403.0,화,오정로(부천시계),B-26,유입,오쇠삼거리->외발산사거리,7473.0,37.54318,126.8123,16시,547.0
0,20180403.0,화,오정로(부천시계),B-26,유입,오쇠삼거리->외발산사거리,7473.0,37.54318,126.8123,17시,730.0
0,20180403.0,화,오정로(부천시계),B-26,유입,오쇠삼거리->외발산사거리,7473.0,37.54318,126.8123,18시,558.0
0,20180403.0,화,오정로(부천시계),B-26,유입,오쇠삼거리->외발산사거리,7473.0,37.54318,126.8123,19시,485.0
0,20180403.0,화,오정로(부천시계),B-26,유입,오쇠삼거리->외발산사거리,7473.0,37.54318,126.8123,20시,345.0
0,20180404.0,수,오정로(부천시계),B-26,유입,오쇠삼거리->외발산사거리,7670.0,37.54318,126.8123,8시,786.0
0,20180404.0,수,오정로(부천시계),B-26,유입,오쇠삼거리->외발산사거리,7670.0,37.54318,126.8123,9시,699.0
0,20180404.0,수,오정로(부천시계),B-26,유입,오쇠삼거리->외발산사거리,7670.0,37.54318,126.8123,10시,607.0
0,20180404.0,수,오정로(부천시계),B-26,유입,오쇠삼거리->외발산사거리,7670.0,37.54318,126.8123,11시,592.0
0,20180404.0,수,오정로(부천시계),B-26,유입,오쇠삼거리->외발산사거리,7670.0,37.54318,126.8123,12시,537.0
0,20180404.0,수,오정로(부천시계),B-26,유입,오쇠삼거리->외발산사거리,7670.0,37.54318,126.8123,13시,519.0
0,20180404.0,수,오정로(부천시계),B-26,유입,오쇠삼거리->외발산사거리,7670.0,37.54318,126.8123,14시,578.0
0,20180404.0,수,오정로(부천시계),B-26,유입,오쇠삼거리->외발산사거리,7670.0,37.54318,126.8123,15시,558.0
0,20180404.0,수,오정로(부천시계),B-26,유입,오쇠삼거리->외발산사거리,7670.0,37.54318,126.8123,16시,619.0
0,20180404.0,수,오정로(부천시계),B-26,유입,오쇠삼거리->외발산사거리,7670.0,37.54318,126.8123,17시,766.0
0,20180404.0,수,오정로(부천시계),B-26,유입,오쇠삼거리->외발산사거리,7670.0,37.54318,126.8123,18시,592.0
0,20180404.0,수,오정로(부천시계),B-26,유입,오쇠삼거리->외발산사거리,7670.0,37.54318,126.8123,19시,466.0
0,20180404.0,수,오정로(부천시계),B-26,유입,오쇠삼거리->외발산사거리,7670.0,37.54318,126.8123,20시,351.0
0,20180405.0,목,오정로(부천시계),B-26,유입,오쇠삼거리->외발산사거리,7357.0,37.54318,126.8123,8시,825.0
0,20180405.0,목,오정로(부천시계),B-26,유입,오쇠삼거리->외발산사거리,7357.0,37.54318,126.8123,9시,745.0
0,20180405.0,목,오정로(부천시계),B-26,유입,오쇠삼거리->외발산사거리,7357.0,37.54318,126.8123,10시,618.0
0,20180405.0,목,오정로(부천시계),B-26,유입,오쇠삼거리->외발산사거리,7357.0,37.54318,126.8123,11시,600.0
0,20180405.0,목,오정로(부천시계),B-26,유입,오쇠삼거리->외발산사거리,7357.0,37.54318,126.8123,12시,525.0
0,20180405.0,목,오정로(부천시계),B-26,유입,오쇠삼거리->외발산사거리,7357.0,37.54318,126.8123,13시,502.0
0,20180405.0,목,오정로(부천시계),B-26,유입,오쇠삼거리->외발산사거리,7357.0,37.54318,126.8123,14시,491.0
0,20180405.0,목,오정로(부천시계),B-26,유입,오쇠삼거리->외발산사거리,7357.0,37.54318,126.8123,15시,490.0
0,20180405.0,목,오정로(부천시계),B-26,유입,오쇠삼거리->외발산사거리,7357.0,37.54318,126.8123,16시,557.0
0,20180405.0,목,오정로(부천시계),B-26,유입,오쇠삼거리->외발산사거리,7357.0,37.54318,126.8123,17시,699.0
0,20180405.0,목,오정로(부천시계),B-26,유입,오쇠삼거리->외발산사거리,7357.0,37.54318,126.8123,18시,528.0
0,20180405.0,목,오정로(부천시계),B-26,유입,오쇠삼거리->외발산사거리,7357.0,37.54318,126.8123,19시,396.0
0,20180405.0,목,오정로(부천시계),B-26,유입,오쇠삼거리->외발산사거리,7357.0,37.54318,126.8123,20시,381.0
0,20180406.0,금,오정로(부천시계),B-26,유입,오쇠삼거리->외발산사거리,7800.0,37.54318,126.8123,8시,793.0
0,20180406.0,금,오정로(부천시계),B-26,유입,오쇠삼거리->외발산사거리,7800.0,37.54318,126.8123,9시,764.0
0,20180406.0,금,오정로(부천시계),B-26,유입,오쇠삼거리->외발산사거리,7800.0,37.54318,126.8123,10시,597.0
0,20180406.0,금,오정로(부천시계),B-26,유입,오쇠삼거리->외발산사거리,7800.0,37.54318,126.8123,11시,611.0
0,20180406.0,금,오정로(부천시계),B-26,유입,오쇠삼거리->외발산사거리,7800.0,37.54318,126.8123,12시,572.0
0,20180406.0,금,오정로(부천시계),B-26,유입,오쇠삼거리->외발산사거리,7800.0,37.54318,126.8123,13시,543.0
0,20180406.0,금,오정로(부천시계),B-26,유입,오쇠삼거리->외발산사거리,7800.0,37.54318,126.8123,14시,547.0
0,20180406.0,금,오정로(부천시계),B-26,유입,오쇠삼거리->외발산사거리,7800.0,37.54318,126.8123,15시,567.0
0,20180406.0,금,오정로(부천시계),B-26,유입,오쇠삼거리->외발산사거리,7800.0,37.54318,126.8123,16시,567.0
0,20180406.0,금,오정로(부천시계),B-26,유입,오쇠삼거리->외발산사거리,7800.0,37.54318,126.8123,17시,800.0
0,20180406.0,금,오정로(부천시계),B-26,유입,오쇠삼거리->외발산사거리,7800.0,37.54318,126.8123,18시,592.0
0,20180406.0,금,오정로(부천시계),B-26,유입,오쇠삼거리->외발산사거리,7800.0,37.54318,126.8123,19시,435.0
0,20180406.0,금,오정로(부천시계),B-26,유입,오쇠삼거리->외발산사거리,7800.0,37.54318,126.8123,20시,412.0
0,20180407.0,토,오정로(부천시계),B-26,유입,오쇠삼거리->외발산사거리,7401.0,37.54318,126.8123,8시,547.0
0,20180407.0,토,오정로(부천시계),B-26,유입,오쇠삼거리->외발산사거리,7401.0,37.54318,126.8123,9시,626.0
0,20180407.0,토,오정로(부천시계),B-26,유입,오쇠삼거리->외발산사거리,7401.0,37.54318,126.8123,10시,668.0
0,20180407.0,토,오정로(부천시계),B-26,유입,오쇠삼거리->외발산사거리,7401.0,37.54318,126.8123,11시,731.0
0,20180407.0,토,오정로(부천시계),B-26,유입,오쇠삼거리->외발산사거리,7401.0,37.54318,126.8123,12시,580.0
0,20180407.0,토,오정로(부천시계),B-26,유입,오쇠삼거리->외발산사거리,7401.0,37.54318,126.8123,13시,704.0
0,20180407.0,토,오정로(부천시계),B-26,유입,오쇠삼거리->외발산사거리,7401.0,37.54318,126.8123,14시,578.0
0,20180407.0,토,오정로(부천시계),B-26,유입,오쇠삼거리->외발산사거리,7401.0,37.54318,126.8123,15시,598.0
0,20180407.0,토,오정로(부천시계),B-26,유입,오쇠삼거리->외발산사거리,7401.0,37.54318,126.8123,16시,599.0
0,20180407.0,토,오정로(부천시계),B-26,유입,오쇠삼거리->외발산사거리,7401.0,37.54318,126.8123,17시,589.0
0,20180407.0,토,오정로(부천시계),B-26,유입,오쇠삼거리->외발산사거리,7401.0,37.54318,126.8123,18시,507.0
0,20180407.0,토,오정로(부천시계),B-26,유입,오쇠삼거리->외발산사거리,7401.0,37.54318,126.8123,19시,380.0
0,20180407.0,토,오정로(부천시계),B-26,유입,오쇠삼거리->외발산사거리,7401.0,37.54318,126.8123,20시,294.0
0,20180408.0,일,오정로(부천시계),B-26,유입,오쇠삼거리->외발산사거리,5962.0,37.54318,126.8123,8시,387.0
0,20180408.0,일,오정로(부천시계),B-26,유입,오쇠삼거리->외발산사거리,5962.0,37.54318,126.8123,9시,461.0
0,20180408.0,일,오정로(부천시계),B-26,유입,오쇠삼거리->외발산사거리,5962.0,37.54318,126.8123,10시,480.0
0,20180408.0,일,오정로(부천시계),B-26,유입,오쇠삼거리->외발산사거리,5962.0,37.54318,126.8123,11시,501.0
0,20180408.0,일,오정로(부천시계),B-26,유입,오쇠삼거리->외발산사거리,5962.0,37.54318,126.8123,12시,544.0
0,20180408.0,일,오정로(부천시계),B-26,유입,오쇠삼거리->외발산사거리,5962.0,37.54318,126.8123,13시,495.0
0,20180408.0,일,오정로(부천시계),B-26,유입,오쇠삼거리->외발산사거리,5962.0,37.54318,126.8123,14시,525.0
0,20180408.0,일,오정로(부천시계),B-26,유입,오쇠삼거리->외발산사거리,5962.0,37.54318,126.8123,15시,524.0
0,20180408.0,일,오정로(부천시계),B-26,유입,오쇠삼거리->외발산사거리,5962.0,37.54318,126.8123,16시,514.0
0,20180408.0,일,오정로(부천시계),B-26,유입,오쇠삼거리->외발산사거리,5962.0,37.54318,126.8123,17시,519.0
0,20180408.0,일,오정로(부천시계),B-26,유입,오쇠삼거리->외발산사거리,5962.0,37.54318,126.8123,18시,403.0
0,20180408.0,일,오정로(부천시계),B-26,유입,오쇠삼거리->외발산사거리,5962.0,37.54318,126.8123,19시,302.0
0,20180408.0,일,오정로(부천시계),B-26,유입,오쇠삼거리->외발산사거리,5962.0,37.54318,126.8123,20시,307.0
0,20180409.0,월,오정로(부천시계),B-26,유입,오쇠삼거리->외발산사거리,7441.0,37.54318,126.8123,8시,728.0
0,20180409.0,월,오정로(부천시계),B-26,유입,오쇠삼거리->외발산사거리,7441.0,37.54318,126.8123,9시,667.0
0,20180409.0,월,오정로(부천시계),B-26,유입,오쇠삼거리->외발산사거리,7441.0,37.54318,126.8123,10시,587.0
0,20180409.0,월,오정로(부천시계),B-26,유입,오쇠삼거리->외발산사거리,7441.0,37.54318,126.8123,11시,546.0
0,20180409.0,월,오정로(부천시계),B-26,유입,오쇠삼거리->외발산사거리,7441.0,37.54318,126.8123,12시,541.0
0,20180409.0,월,오정로(부천시계),B-26,유입,오쇠삼거리->외발산사거리,7441.0,37.54318,126.8123,13시,544.0
0,20180409.0,월,오정로(부천시계),B-26,유입,오쇠삼거리->외발산사거리,7441.0,37.54318,126.8123,14시,565.0
0,20180409.0,월,오정로(부천시계),B-26,유입,오쇠삼거리->외발산사거리,7441.0,37.54318,126.8123,15시,545.0
0,20180409.0,월,오정로(부천시계),B-26,유입,오쇠삼거리->외발산사거리,7441.0,37.54318,126.8123,16시,579.0
0,20180409.0,월,오정로(부천시계),B-26,유입,오쇠삼거리->외발산사거리,7441.0,37.54318,126.8123,17시,738.0
0,20180409.0,월,오정로(부천시계),B-26,유입,오쇠삼거리->외발산사거리,7441.0,37.54318,126.8123,18시,599.0
0,20180409.0,월,오정로(부천시계),B-26,유입,오쇠삼거리->외발산사거리,7441.0,37.54318,126.8123,19시,433.0
0,20180409.0,월,오정로(부천시계),B-26,유입,오쇠삼거리->외발산사거리,7441.0,37.54318,126.8123,20시,369.0
0,20180410.0,화,오정로(부천시계),B-26,유입,오쇠삼거리->외발산사거리,7549.0,37.54318,126.8123,8시,815.0
0,20180410.0,화,오정로(부천시계),B-26,유입,오쇠삼거리->외발산사거리,7549.0,37.54318,126.8123,9시,701.0
0,20180410.0,화,오정로(부천시계),B-26,유입,오쇠삼거리->외발산사거리,7549.0,37.54318,126.8123,10시,578.0
0,20180410.0,화,오정로(부천시계),B-26,유입,오쇠삼거리->외발산사거리,7549.0,37.54318,126.8123,11시,611.0
0,20180410.0,화,오정로(부천시계),B-26,유입,오쇠삼거리->외발산사거리,7549.0,37.54318,126.8123,12시,508.0
0,20180410.0,화,오정로(부천시계),B-26,유입,오쇠삼거리->외발산사거리,7549.0,37.54318,126.8123,13시,576.0
0,20180410.0,화,오정로(부천시계),B-26,유입,오쇠삼거리->외발산사거리,7549.0,37.54318,126.8123,14시,532.0
0,20180410.0,화,오정로(부천시계),B-26,유입,오쇠삼거리->외발산사거리,7549.0,37.54318,126.8123,15시,547.0
0,20180410.0,화,오정로(부천시계),B-26,유입,오쇠삼거리->외발산사거리,7549.0,37.54318,126.8123,16시,585.0
0,20180410.0,화,오정로(부천시계),B-26,유입,오쇠삼거리->외발산사거리,7549.0,37.54318,126.8123,17시,685.0
0,20180410.0,화,오정로(부천시계),B-26,유입,오쇠삼거리->외발산사거리,7549.0,37.54318,126.8123,18시,539.0
0,20180410.0,화,오정로(부천시계),B-26,유입,오쇠삼거리->외발산사거리,7549.0,37.54318,126.8123,19시,480.0
0,20180410.0,화,오정로(부천시계),B-26,유입,오쇠삼거리->외발산사거리,7549.0,37.54318,126.8123,20시,392.0
0,20180411.0,수,오정로(부천시계),B-26,유입,오쇠삼거리->외발산사거리,7706.0,37.54318,126.8123,8시,782.0
0,20180411.0,수,오정로(부천시계),B-26,유입,오쇠삼거리->외발산사거리,7706.0,37.54318,126.8123,9시,686.0
0,20180411.0,수,오정로(부천시계),B-26,유입,오쇠삼거리->외발산사거리,7706.0,37.54318,126.8123,10시,598.0
0,20180411.0,수,오정로(부천시계),B-26,유입,오쇠삼거리->외발산사거리,7706.0,37.54318,126.8123,11시,548.0
0,20180411.0,수,오정로(부천시계),B-26,유입,오쇠삼거리->외발산사거리,7706.0,37.54318,126.8123,12시,570.0
0,20180411.0,수,오정로(부천시계),B-26,유입,오쇠삼거리->외발산사거리,7706.0,37.54318,126.8123,13시,572.0
0,20180411.0,수,오정로(부천시계),B-26,유입,오쇠삼거리->외발산사거리,7706.0,37.54318,126.8123,14시,508.0
0,20180411.0,수,오정로(부천시계),B-26,유입,오쇠삼거리->외발산사거리,7706.0,37.54318,126.8123,15시,586.0
0,20180411.0,수,오정로(부천시계),B-26,유입,오쇠삼거리->외발산사거리,7706.0,37.54318,126.8123,16시,634.0
0,20180411.0,수,오정로(부천시계),B-26,유입,오쇠삼거리->외발산사거리,7706.0,37.54318,126.8123,17시,791.0
0,20180411.0,수,오정로(부천시계),B-26,유입,오쇠삼거리->외발산사거리,7706.0,37.54318,126.8123,18시,581.0
0,20180411.0,수,오정로(부천시계),B-26,유입,오쇠삼거리->외발산사거리,7706.0,37.54318,126.8123,19시,454.0
0,20180411.0,수,오정로(부천시계),B-26,유입,오쇠삼거리->외발산사거리,7706.0,37.54318,126.8123,20시,396.0
0,20180412.0,목,오정로(부천시계),B-26,유입,오쇠삼거리->외발산사거리,7771.0,37.54318,126.8123,8시,869.0
0,20180412.0,목,오정로(부천시계),B-26,유입,오쇠삼거리->외발산사거리,7771.0,37.54318,126.8123,9시,695.0
0,20180412.0,목,오정로(부천시계),B-26,유입,오쇠삼거리->외발산사거리,7771.0,37.54318,126.8123,10시,567.0
0,20180412.0,목,오정로(부천시계),B-26,유입,오쇠삼거리->외발산사거리,7771.0,37.54318,126.8123,11시,676.0
0,20180412.0,목,오정로(부천시계),B-26,유입,오쇠삼거리->외발산사거리,7771.0,37.54318,126.8123,12시,533.0
0,20180412.0,목,오정로(부천시계),B-26,유입,오쇠삼거리->외발산사거리,7771.0,37.54318,126.8123,13시,582.0
0,20180412.0,목,오정로(부천시계),B-26,유입,오쇠삼거리->외발산사거리,7771.0,37.54318,126.8123,14시,559.0
0,20180412.0,목,오정로(부천시계),B-26,유입,오쇠삼거리->외발산사거리,7771.0,37.54318,126.8123,15시,572.0
0,20180412.0,목,오정로(부천시계),B-26,유입,오쇠삼거리->외발산사거리,7771.0,37.54318,126.8123,16시,574.0
0,20180412.0,목,오정로(부천시계),B-26,유입,오쇠삼거리->외발산사거리,7771.0,37.54318,126.8123,17시,731.0
0,20180412.0,목,오정로(부천시계),B-26,유입,오쇠삼거리->외발산사거리,7771.0,37.54318,126.8123,18시,599.0
0,20180412.0,목,오정로(부천시계),B-26,유입,오쇠삼거리->외발산사거리,7771.0,37.54318,126.8123,19시,432.0
0,20180412.0,목,오정로(부천시계),B-26,유입,오쇠삼거리->외발산사거리,7771.0,37.54318,126.8123,20시,382.0
0,20180413.0,금,오정로(부천시계),B-26,유입,오쇠삼거리->외발산사거리,7786.0,37.54318,126.8123,8시,759.0
0,20180413.0,금,오정로(부천시계),B-26,유입,오쇠삼거리->외발산사거리,7786.0,37.54318,126.8123,9시,701.0
0,20180413.0,금,오정로(부천시계),B-26,유입,오쇠삼거리->외발산사거리,7786.0,37.54318,126.8123,10시,597.0
0,20180413.0,금,오정로(부천시계),B-26,유입,오쇠삼거리->외발산사거리,7786.0,37.54318,126.8123,11시,610.0
0,20180413.0,금,오정로(부천시계),B-26,유입,오쇠삼거리->외발산사거리,7786.0,37.54318,126.8123,12시,548.0
0,20180413.0,금,오정로(부천시계),B-26,유입,오쇠삼거리->외발산사거리,7786.0,37.54318,126.8123,13시,529.0
0,20180413.0,금,오정로(부천시계),B-26,유입,오쇠삼거리->외발산사거리,7786.0,37.54318,126.8123,14시,573.0
0,20180413.0,금,오정로(부천시계),B-26,유입,오쇠삼거리->외발산사거리,7786.0,37.54318,126.8123,15시,581.0
0,20180413.0,금,오정로(부천시계),B-26,유입,오쇠삼거리->외발산사거리,7786.0,37.54318,126.8123,16시,673.0
0,20180413.0,금,오정로(부천시계),B-26,유입,오쇠삼거리->외발산사거리,7786.0,37.54318,126.8123,17시,750.0
0,20180413.0,금,오정로(부천시계),B-26,유입,오쇠삼거리->외발산사거리,7786.0,37.54318,126.8123,18시,575.0
0,20180413.0,금,오정로(부천시계),B-26,유입,오쇠삼거리->외발산사거리,7786.0,37.54318,126.8123,19시,469.0
0,20180413.0,금,오정로(부천시계),B-26,유입,오쇠삼거리->외발산사거리,7786.0,37.54318,126.8123,20시,421.0
0,20180414.0,토,오정로(부천시계),B-26,유입,오쇠삼거리->외발산사거리,6993.0,37.54318,126.8123,8시,521.0
0,20180414.0,토,오정로(부천시계),B-26,유입,오쇠삼거리->외발산사거리,6993.0,37.54318,126.8123,9시,611.0
0,20180414.0,토,오정로(부천시계),B-26,유입,오쇠삼거리->외발산사거리,6993.0,37.54318,126.8123,10시,551.0
0,20180414.0,토,오정로(부천시계),B-26,유입,오쇠삼거리->외발산사거리,6993.0,37.54318,126.8123,11시,619.0
0,20180414.0,토,오정로(부천시계),B-26,유입,오쇠삼거리->외발산사거리,6993.0,37.54318,126.8123,12시,652.0
0,20180414.0,토,오정로(부천시계),B-26,유입,오쇠삼거리->외발산사거리,6993.0,37.54318,126.8123,13시,591.0
0,20180414.0,토,오정로(부천시계),B-26,유입,오쇠삼거리->외발산사거리,6993.0,37.54318,126.8123,14시,578.0
0,20180414.0,토,오정로(부천시계),B-26,유입,오쇠삼거리->외발산사거리,6993.0,37.54318,126.8123,15시,601.0
0,20180414.0,토,오정로(부천시계),B-26,유입,오쇠삼거리->외발산사거리,6993.0,37.54318,126.8123,16시,588.0
0,20180414.0,토,오정로(부천시계),B-26,유입,오쇠삼거리->외발산사거리,6993.0,37.54318,126.8123,17시,506.0
0,20180414.0,토,오정로(부천시계),B-26,유입,오쇠삼거리->외발산사거리,6993.0,37.54318,126.8123,18시,480.0
0,20180414.0,토,오정로(부천시계),B-26,유입,오쇠삼거리->외발산사거리,6993.0,37.54318,126.8123,19시,376.0
0,20180414.0,토,오정로(부천시계),B-26,유입,오쇠삼거리->외발산사거리,6993.0,37.54318,126.8123,20시,319.0
0,20180415.0,일,오정로(부천시계),B-26,유입,오쇠삼거리->외발산사거리,5947.0,37.54318,126.8123,8시,407.0
0,20180415.0,일,오정로(부천시계),B-26,유입,오쇠삼거리->외발산사거리,5947.0,37.54318,126.8123,9시,459.0
0,20180415.0,일,오정로(부천시계),B-26,유입,오쇠삼거리->외발산사거리,5947.0,37.54318,126.8123,10시,465.0
0,20180415.0,일,오정로(부천시계),B-26,유입,오쇠삼거리->외발산사거리,5947.0,37.54318,126.8123,11시,477.0
0,20180415.0,일,오정로(부천시계),B-26,유입,오쇠삼거리->외발산사거리,5947.0,37.54318,126.8123,12시,495.0
0,20180415.0,일,오정로(부천시계),B-26,유입,오쇠삼거리->외발산사거리,5947.0,37.54318,126.8123,13시,466.0
0,20180415.0,일,오정로(부천시계),B-26,유입,오쇠삼거리->외발산사거리,5947.0,37.54318,126.8123,14시,486.0
0,20180415.0,일,오정로(부천시계),B-26,유입,오쇠삼거리->외발산사거리,5947.0,37.54318,126.8123,15시,525.0
0,20180415.0,일,오정로(부천시계),B-26,유입,오쇠삼거리->외발산사거리,5947.0,37.54318,126.8123,16시,509.0
0,20180415.0,일,오정로(부천시계),B-26,유입,오쇠삼거리->외발산사거리,5947.0,37.54318,126.8123,17시,513.0
0,20180415.0,일,오정로(부천시계),B-26,유입,오쇠삼거리->외발산사거리,5947.0,37.54318,126.8123,18시,442.0
0,20180415.0,일,오정로(부천시계),B-26,유입,오쇠삼거리->외발산사거리,5947.0,37.54318,126.8123,19시,382.0
0,20180415.0,일,오정로(부천시계),B-26,유입,오쇠삼거리->외발산사거리,5947.0,37.54318,126.8123,20시,321.0
0,20180416.0,월,오정로(부천시계),B-26,유입,오쇠삼거리->외발산사거리,7780.0,37.54318,126.8123,8시,858.0
0,20180416.0,월,오정로(부천시계),B-26,유입,오쇠삼거리->외발산사거리,7780.0,37.54318,126.8123,9시,664.0
0,20180416.0,월,오정로(부천시계),B-26,유입,오쇠삼거리->외발산사거리,7780.0,37.54318,126.8123,10시,586.0
0,20180416.0,월,오정로(부천시계),B-26,유입,오쇠삼거리->외발산사거리,7780.0,37.54318,126.8123,11시,628.0
0,20180416.0,월,오정로(부천시계),B-26,유입,오쇠삼거리->외발산사거리,7780.0,37.54318,126.8123,12시,564.0
0,20180416.0,월,오정로(부천시계),B-26,유입,오쇠삼거리->외발산사거리,7780.0,37.54318,126.8123,13시,528.0
0,20180416.0,월,오정로(부천시계),B-26,유입,오쇠삼거리->외발산사거리,7780.0,37.54318,126.8123,14시,544.0
0,20180416.0,월,오정로(부천시계),B-26,유입,오쇠삼거리->외발산사거리,7780.0,37.54318,126.8123,15시,591.0
0,20180416.0,월,오정로(부천시계),B-26,유입,오쇠삼거리->외발산사거리,7780.0,37.54318,126.8123,16시,619.0
0,20180416.0,월,오정로(부천시계),B-26,유입,오쇠삼거리->외발산사거리,7780.0,37.54318,126.8123,17시,761.0
0,20180416.0,월,오정로(부천시계),B-26,유입,오쇠삼거리->외발산사거리,7780.0,37.54318,126.8123,18시,576.0
0,20180416.0,월,오정로(부천시계),B-26,유입,오쇠삼거리->외발산사거리,7780.0,37.54318,126.8123,19시,476.0
0,20180416.0,월,오정로(부천시계),B-26,유입,오쇠삼거리->외발산사거리,7780.0,37.54318,126.8123,20시,385.0
0,20180417.0,화,오정로(부천시계),B-26,유입,오쇠삼거리->외발산사거리,7671.0,37.54318,126.8123,8시,868.0
0,20180417.0,화,오정로(부천시계),B-26,유입,오쇠삼거리->외발산사거리,7671.0,37.54318,126.8123,9시,657.0
0,20180417.0,화,오정로(부천시계),B-26,유입,오쇠삼거리->외발산사거리,7671.0,37.54318,126.8123,10시,635.0
0,20180417.0,화,오정로(부천시계),B-26,유입,오쇠삼거리->외발산사거리,7671.0,37.54318,126.8123,11시,674.0
0,20180417.0,화,오정로(부천시계),B-26,유입,오쇠삼거리->외발산사거리,7671.0,37.54318,126.8123,12시,519.0
0,20180417.0,화,오정로(부천시계),B-26,유입,오쇠삼거리->외발산사거리,7671.0,37.54318,126.8123,13시,519.0
0,20180417.0,화,오정로(부천시계),B-26,유입,오쇠삼거리->외발산사거리,7671.0,37.54318,126.8123,14시,517.0
0,20180417.0,화,오정로(부천시계),B-26,유입,오쇠삼거리->외발산사거리,7671.0,37.54318,126.8123,15시,536.0
0,20180417.0,화,오정로(부천시계),B-26,유입,오쇠삼거리->외발산사거리,7671.0,37.54318,126.8123,16시,575.0
0,20180417.0,화,오정로(부천시계),B-26,유입,오쇠삼거리->외발산사거리,7671.0,37.54318,126.8123,17시,703.0
0,20180417.0,화,오정로(부천시계),B-26,유입,오쇠삼거리->외발산사거리,7671.0,37.54318,126.8123,18시,575.0
0,20180417.0,화,오정로(부천시계),B-26,유입,오쇠삼거리->외발산사거리,7671.0,37.54318,126.8123,19시,485.0
0,20180417.0,화,오정로(부천시계),B-26,유입,오쇠삼거리->외발산사거리,7671.0,37.54318,126.8123,20시,408.0
0,20180418.0,수,오정로(부천시계),B-26,유입,오쇠삼거리->외발산사거리,7652.0,37.54318,126.8123,8시,806.0
0,20180418.0,수,오정로(부천시계),B-26,유입,오쇠삼거리->외발산사거리,7652.0,37.54318,126.8123,9시,662.0
0,20180418.0,수,오정로(부천시계),B-26,유입,오쇠삼거리->외발산사거리,7652.0,37.54318,126.8123,10시,600.0
0,20180418.0,수,오정로(부천시계),B-26,유입,오쇠삼거리->외발산사거리,7652.0,37.54318,126.8123,11시,652.0
0,20180418.0,수,오정로(부천시계),B-26,유입,오쇠삼거리->외발산사거리,7652.0,37.54318,126.8123,12시,565.0
0,20180418.0,수,오정로(부천시계),B-26,유입,오쇠삼거리->외발산사거리,7652.0,37.54318,126.8123,13시,564.0
0,20180418.0,수,오정로(부천시계),B-26,유입,오쇠삼거리->외발산사거리,7652.0,37.54318,126.8123,14시,522.0
0,20180418.0,수,오정로(부천시계),B-26,유입,오쇠삼거리->외발산사거리,7652.0,37.54318,126.8123,15시,555.0
0,20180418.0,수,오정로(부천시계),B-26,유입,오쇠삼거리->외발산사거리,7652.0,37.54318,126.8123,16시,632.0
0,20180418.0,수,오정로(부천시계),B-26,유입,오쇠삼거리->외발산사거리,7652.0,37.54318,126.8123,17시,723.0
0,20180418.0,수,오정로(부천시계),B-26,유입,오쇠삼거리->외발산사거리,7652.0,37.54318,126.8123,18시,531.0
0,20180418.0,수,오정로(부천시계),B-26,유입,오쇠삼거리->외발산사거리,7652.0,37.54318,126.8123,19시,468.0
0,20180418.0,수,오정로(부천시계),B-26,유입,오쇠삼거리->외발산사거리,7652.0,37.54318,126.8123,20시,372.0
0,20180419.0,목,오정로(부천시계),B-26,유입,오쇠삼거리->외발산사거리,7828.0,37.54318,126.8123,8시,853.0
0,20180419.0,목,오정로(부천시계),B-26,유입,오쇠삼거리->외발산사거리,7828.0,37.54318,126.8123,9시,740.0
0,20180419.0,목,오정로(부천시계),B-26,유입,오쇠삼거리->외발산사거리,7828.0,37.54318,126.8123,10시,590.0
0,20180419.0,목,오정로(부천시계),B-26,유입,오쇠삼거리->외발산사거리,7828.0,37.54318,126.8123,11시,688.0
0,20180419.0,목,오정로(부천시계),B-26,유입,오쇠삼거리->외발산사거리,7828.0,37.54318,126.8123,12시,556.0
0,20180419.0,목,오정로(부천시계),B-26,유입,오쇠삼거리->외발산사거리,7828.0,37.54318,126.8123,13시,541.0
0,20180419.0,목,오정로(부천시계),B-26,유입,오쇠삼거리->외발산사거리,7828.0,37.54318,126.8123,14시,533.0
0,20180419.0,목,오정로(부천시계),B-26,유입,오쇠삼거리->외발산사거리,7828.0,37.54318,126.8123,15시,552.0
0,20180419.0,목,오정로(부천시계),B-26,유입,오쇠삼거리->외발산사거리,7828.0,37.54318,126.8123,16시,582.0
0,20180419.0,목,오정로(부천시계),B-26,유입,오쇠삼거리->외발산사거리,7828.0,37.54318,126.8123,17시,714.0
0,20180419.0,목,오정로(부천시계),B-26,유입,오쇠삼거리->외발산사거리,7828.0,37.54318,126.8123,18시,581.0
0,20180419.0,목,오정로(부천시계),B-26,유입,오쇠삼거리->외발산사거리,7828.0,37.54318,126.8123,19시,488.0
0,20180419.0,목,오정로(부천시계),B-26,유입,오쇠삼거리->외발산사거리,7828.0,37.54318,126.8123,20시,410.0
0,20180420.0,금,오정로(부천시계),B-26,유입,오쇠삼거리->외발산사거리,7992.0,37.54318,126.8123,8시,846.0
0,20180420.0,금,오정로(부천시계),B-26,유입,오쇠삼거리->외발산사거리,7992.0,37.54318,126.8123,9시,683.0
0,20180420.0,금,오정로(부천시계),B-26,유입,오쇠삼거리->외발산사거리,7992.0,37.54318,126.8123,10시,629.0
0,20180420.0,금,오정로(부천시계),B-26,유입,오쇠삼거리->외발산사거리,7992.0,37.54318,126.8123,11시,683.0
0,20180420.0,금,오정로(부천시계),B-26,유입,오쇠삼거리->외발산사거리,7992.0,37.54318,126.8123,12시,563.0
0,20180420.0,금,오정로(부천시계),B-26,유입,오쇠삼거리->외발산사거리,7992.0,37.54318,126.8123,13시,595.0
0,20180420.0,금,오정로(부천시계),B-26,유입,오쇠삼거리->외발산사거리,7992.0,37.54318,126.8123,14시,548.0
0,20180420.0,금,오정로(부천시계),B-26,유입,오쇠삼거리->외발산사거리,7992.0,37.54318,126.8123,15시,617.0
0,20180420.0,금,오정로(부천시계),B-26,유입,오쇠삼거리->외발산사거리,7992.0,37.54318,126.8123,16시,595.0
0,20180420.0,금,오정로(부천시계),B-26,유입,오쇠삼거리->외발산사거리,7992.0,37.54318,126.8123,17시,748.0
0,20180420.0,금,오정로(부천시계),B-26,유입,오쇠삼거리->외발산사거리,7992.0,37.54318,126.8123,18시,574.0
0,20180420.0,금,오정로(부천시계),B-26,유입,오쇠삼거리->외발산사거리,7992.0,37.54318,126.8123,19시,507.0
0,20180420.0,금,오정로(부천시계),B-26,유입,오쇠삼거리->외발산사거리,7992.0,37.54318,126.8123,20시,404.0
0,20180421.0,토,오정로(부천시계),B-26,유입,오쇠삼거리->외발산사거리,7602.0,37.54318,126.8123,8시,603.0
0,20180421.0,토,오정로(부천시계),B-26,유입,오쇠삼거리->외발산사거리,7602.0,37.54318,126.8123,9시,652.0
0,20180421.0,토,오정로(부천시계),B-26,유입,오쇠삼거리->외발산사거리,7602.0,37.54318,126.8123,10시,684.0
0,20180421.0,토,오정로(부천시계),B-26,유입,오쇠삼거리->외발산사거리,7602.0,37.54318,126.8123,11시,706.0
0,20180421.0,토,오정로(부천시계),B-26,유입,오쇠삼거리->외발산사거리,7602.0,37.54318,126.8123,12시,665.0
0,20180421.0,토,오정로(부천시계),B-26,유입,오쇠삼거리->외발산사거리,7602.0,37.54318,126.8123,13시,676.0
0,20180421.0,토,오정로(부천시계),B-26,유입,오쇠삼거리->외발산사거리,7602.0,37.54318,126.8123,14시,600.0
0,20180421.0,토,오정로(부천시계),B-26,유입,오쇠삼거리->외발산사거리,7602.0,37.54318,126.8123,15시,631.0
0,20180421.0,토,오정로(부천시계),B-26,유입,오쇠삼거리->외발산사거리,7602.0,37.54318,126.8123,16시,624.0
0,20180421.0,토,오정로(부천시계),B-26,유입,오쇠삼거리->외발산사거리,7602.0,37.54318,126.8123,17시,601.0
0,20180421.0,토,오정로(부천시계),B-26,유입,오쇠삼거리->외발산사거리,7602.0,37.54318,126.8123,18시,496.0
0,20180421.0,토,오정로(부천시계),B-26,유입,오쇠삼거리->외발산사거리,7602.0,37.54318,126.8123,19시,369.0
0,20180421.0,토,오정로(부천시계),B-26,유입,오쇠삼거리->외발산사거리,7602.0,37.54318,126.8123,20시,295.0
0,20180422.0,일,오정로(부천시계),B-26,유입,오쇠삼거리->외발산사거리,5827.0,37.54318,126.8123,8시,371.0
0,20180422.0,일,오정로(부천시계),B-26,유입,오쇠삼거리->외발산사거리,5827.0,37.54318,126.8123,9시,450.0
0,20180422.0,일,오정로(부천시계),B-26,유입,오쇠삼거리->외발산사거리,5827.0,37.54318,126.8123,10시,464.0
0,20180422.0,일,오정로(부천시계),B-26,유입,오쇠삼거리->외발산사거리,5827.0,37.54318,126.8123,11시,509.0
0,20180422.0,일,오정로(부천시계),B-26,유입,오쇠삼거리->외발산사거리,5827.0,37.54318,126.8123,12시,505.0
0,20180422.0,일,오정로(부천시계),B-26,유입,오쇠삼거리->외발산사거리,5827.0,37.54318,126.8123,13시,539.0
0,20180422.0,일,오정로(부천시계),B-26,유입,오쇠삼거리->외발산사거리,5827.0,37.54318,126.8123,14시,467.0
0,20180422.0,일,오정로(부천시계),B-26,유입,오쇠삼거리->외발산사거리,5827.0,37.54318,126.8123,15시,490.0
0,20180422.0,일,오정로(부천시계),B-26,유입,오쇠삼거리->외발산사거리,5827.0,37.54318,126.8123,16시,502.0
0,20180422.0,일,오정로(부천시계),B-26,유입,오쇠삼거리->외발산사거리,5827.0,37.54318,126.8123,17시,493.0
0,20180422.0,일,오정로(부천시계),B-26,유입,오쇠삼거리->외발산사거리,5827.0,37.54318,126.8123,18시,435.0
0,20180422.0,일,오정로(부천시계),B-26,유입,오쇠삼거리->외발산사거리,5827.0,37.54318,126.8123,19시,316.0
0,20180422.0,일,오정로(부천시계),B-26,유입,오쇠삼거리->외발산사거리,5827.0,37.54318,126.8123,20시,286.0
0,20180423.0,월,오정로(부천시계),B-26,유입,오쇠삼거리->외발산사거리,7232.0,37.54318,126.8123,8시,765.0
0,20180423.0,월,오정로(부천시계),B-26,유입,오쇠삼거리->외발산사거리,7232.0,37.54318,126.8123,9시,666.0
0,20180423.0,월,오정로(부천시계),B-26,유입,오쇠삼거리->외발산사거리,7232.0,37.54318,126.8123,10시,613.0
0,20180423.0,월,오정로(부천시계),B-26,유입,오쇠삼거리->외발산사거리,7232.0,37.54318,126.8123,11시,610.0
0,20180423.0,월,오정로(부천시계),B-26,유입,오쇠삼거리->외발산사거리,7232.0,37.54318,126.8123,12시,517.0
0,20180423.0,월,오정로(부천시계),B-26,유입,오쇠삼거리->외발산사거리,7232.0,37.54318,126.8123,13시,531.0
0,20180423.0,월,오정로(부천시계),B-26,유입,오쇠삼거리->외발산사거리,7232.0,37.54318,126.8123,14시,467.0
0,20180423.0,월,오정로(부천시계),B-26,유입,오쇠삼거리->외발산사거리,7232.0,37.54318,126.8123,15시,493.0
0,20180423.0,월,오정로(부천시계),B-26,유입,오쇠삼거리->외발산사거리,7232.0,37.54318,126.8123,16시,540.0
0,20180423.0,월,오정로(부천시계),B-26,유입,오쇠삼거리->외발산사거리,7232.0,37.54318,126.8123,17시,680.0
0,20180423.0,월,오정로(부천시계),B-26,유입,오쇠삼거리->외발산사거리,7232.0,37.54318,126.8123,18시,524.0
0,20180423.0,월,오정로(부천시계),B-26,유입,오쇠삼거리->외발산사거리,7232.0,37.54318,126.8123,19시,460.0
0,20180423.0,월,오정로(부천시계),B-26,유입,오쇠삼거리->외발산사거리,7232.0,37.54318,126.8123,20시,366.0
0,20180424.0,화,오정로(부천시계),B-26,유입,오쇠삼거리->외발산사거리,7466.0,37.54318,126.8123,8시,806.0
0,20180424.0,화,오정로(부천시계),B-26,유입,오쇠삼거리->외발산사거리,7466.0,37.54318,126.8123,9시,686.0
0,20180424.0,화,오정로(부천시계),B-26,유입,오쇠삼거리->외발산사거리,7466.0,37.54318,126.8123,10시,622.0
0,20180424.0,화,오정로(부천시계),B-26,유입,오쇠삼거리->외발산사거리,7466.0,37.54318,126.8123,11시,636.0
0,20180424.0,화,오정로(부천시계),B-26,유입,오쇠삼거리->외발산사거리,7466.0,37.54318,126.8123,12시,550.0
0,20180424.0,화,오정로(부천시계),B-26,유입,오쇠삼거리->외발산사거리,7466.0,37.54318,126.8123,13시,514.0
0,20180424.0,화,오정로(부천시계),B-26,유입,오쇠삼거리->외발산사거리,7466.0,37.54318,126.8123,14시,478.0
0,20180424.0,화,오정로(부천시계),B-26,유입,오쇠삼거리->외발산사거리,7466.0,37.54318,126.8123,15시,509.0
0,20180424.0,화,오정로(부천시계),B-26,유입,오쇠삼거리->외발산사거리,7466.0,37.54318,126.8123,16시,560.0
0,20180424.0,화,오정로(부천시계),B-26,유입,오쇠삼거리->외발산사거리,7466.0,37.54318,126.8123,17시,710.0
0,20180424.0,화,오정로(부천시계),B-26,유입,오쇠삼거리->외발산사거리,7466.0,37.54318,126.8123,18시,593.0
0,20180424.0,화,오정로(부천시계),B-26,유입,오쇠삼거리->외발산사거리,7466.0,37.54318,126.8123,19시,445.0
0,20180424.0,화,오정로(부천시계),B-26,유입,오쇠삼거리->외발산사거리,7466.0,37.54318,126.8123,20시,357.0
0,20180425.0,수,오정로(부천시계),B-26,유입,오쇠삼거리->외발산사거리,7653.0,37.54318,126.8123,8시,798.0
0,20180425.0,수,오정로(부천시계),B-26,유입,오쇠삼거리->외발산사거리,7653.0,37.54318,126.8123,9시,692.0
0,20180425.0,수,오정로(부천시계),B-26,유입,오쇠삼거리->외발산사거리,7653.0,37.54318,126.8123,10시,621.0
0,20180425.0,수,오정로(부천시계),B-26,유입,오쇠삼거리->외발산사거리,7653.0,37.54318,126.8123,11시,592.0
0,20180425.0,수,오정로(부천시계),B-26,유입,오쇠삼거리->외발산사거리,7653.0,37.54318,126.8123,12시,555.0
0,20180425.0,수,오정로(부천시계),B-26,유입,오쇠삼거리->외발산사거리,7653.0,37.54318,126.8123,13시,531.0
0,20180425.0,수,오정로(부천시계),B-26,유입,오쇠삼거리->외발산사거리,7653.0,37.54318,126.8123,14시,518.0
0,20180425.0,수,오정로(부천시계),B-26,유입,오쇠삼거리->외발산사거리,7653.0,37.54318,126.8123,15시,555.0
0,20180425.0,수,오정로(부천시계),B-26,유입,오쇠삼거리->외발산사거리,7653.0,37.54318,126.8123,16시,623.0
0,20180425.0,수,오정로(부천시계),B-26,유입,오쇠삼거리->외발산사거리,7653.0,37.54318,126.8123,17시,745.0
0,20180425.0,수,오정로(부천시계),B-26,유입,오쇠삼거리->외발산사거리,7653.0,37.54318,126.8123,18시,559.0
0,20180425.0,수,오정로(부천시계),B-26,유입,오쇠삼거리->외발산사거리,7653.0,37.54318,126.8123,19시,486.0
0,20180425.0,수,오정로(부천시계),B-26,유입,오쇠삼거리->외발산사거리,7653.0,37.54318,126.8123,20시,378.0
0,20180426.0,목,오정로(부천시계),B-26,유입,오쇠삼거리->외발산사거리,7717.0,37.54318,126.8123,8시,855.0
0,20180426.0,목,오정로(부천시계),B-26,유입,오쇠삼거리->외발산사거리,7717.0,37.54318,126.8123,9시,718.0
0,20180426.0,목,오정로(부천시계),B-26,유입,오쇠삼거리->외발산사거리,7717.0,37.54318,126.8123,10시,598.0
0,20180426.0,목,오정로(부천시계),B-26,유입,오쇠삼거리->외발산사거리,7717.0,37.54318,126.8123,11시,598.0
0,20180426.0,목,오정로(부천시계),B-26,유입,오쇠삼거리->외발산사거리,7717.0,37.54318,126.8123,12시,511.0
0,20180426.0,목,오정로(부천시계),B-26,유입,오쇠삼거리->외발산사거리,7717.0,37.54318,126.8123,13시,570.0
0,20180426.0,목,오정로(부천시계),B-26,유입,오쇠삼거리->외발산사거리,7717.0,37.54318,126.8123,14시,571.0
0,20180426.0,목,오정로(부천시계),B-26,유입,오쇠삼거리->외발산사거리,7717.0,37.54318,126.8123,15시,505.0
0,20180426.0,목,오정로(부천시계),B-26,유입,오쇠삼거리->외발산사거리,7717.0,37.54318,126.8123,16시,574.0
0,20180426.0,목,오정로(부천시계),B-26,유입,오쇠삼거리->외발산사거리,7717.0,37.54318,126.8123,17시,741.0
0,20180426.0,목,오정로(부천시계),B-26,유입,오쇠삼거리->외발산사거리,7717.0,37.54318,126.8123,18시,567.0
0,20180426.0,목,오정로(부천시계),B-26,유입,오쇠삼거리->외발산사거리,7717.0,37.54318,126.8123,19시,518.0
0,20180426.0,목,오정로(부천시계),B-26,유입,오쇠삼거리->외발산사거리,7717.0,37.54318,126.8123,20시,391.0
0,20180427.0,금,오정로(부천시계),B-26,유입,오쇠삼거리->외발산사거리,7772.0,37.54318,126.8123,8시,790.0
0,20180427.0,금,오정로(부천시계),B-26,유입,오쇠삼거리->외발산사거리,7772.0,37.54318,126.8123,9시,676.0
0,20180427.0,금,오정로(부천시계),B-26,유입,오쇠삼거리->외발산사거리,7772.0,37.54318,126.8123,10시,597.0
0,20180427.0,금,오정로(부천시계),B-26,유입,오쇠삼거리->외발산사거리,7772.0,37.54318,126.8123,11시,628.0
0,20180427.0,금,오정로(부천시계),B-26,유입,오쇠삼거리->외발산사거리,7772.0,37.54318,126.8123,12시,535.0
0,20180427.0,금,오정로(부천시계),B-26,유입,오쇠삼거리->외발산사거리,7772.0,37.54318,126.8123,13시,562.0
0,20180427.0,금,오정로(부천시계),B-26,유입,오쇠삼거리->외발산사거리,7772.0,37.54318,126.8123,14시,545.0
0,20180427.0,금,오정로(부천시계),B-26,유입,오쇠삼거리->외발산사거리,7772.0,37.54318,126.8123,15시,604.0
0,20180427.0,금,오정로(부천시계),B-26,유입,오쇠삼거리->외발산사거리,7772.0,37.54318,126.8123,16시,606.0
0,20180427.0,금,오정로(부천시계),B-26,유입,오쇠삼거리->외발산사거리,7772.0,37.54318,126.8123,17시,705.0
0,20180427.0,금,오정로(부천시계),B-26,유입,오쇠삼거리->외발산사거리,7772.0,37.54318,126.8123,18시,604.0
0,20180427.0,금,오정로(부천시계),B-26,유입,오쇠삼거리->외발산사거리,7772.0,37.54318,126.8123,19시,510.0
0,20180427.0,금,오정로(부천시계),B-26,유입,오쇠삼거리->외발산사거리,7772.0,37.54318,126.8123,20시,410.0
0,20180429.0,일,오정로(부천시계),B-26,유입,오쇠삼거리->외발산사거리,6175.0,37.54318,126.8123,8시,353.0
0,20180429.0,일,오정로(부천시계),B-26,유입,오쇠삼거리->외발산사거리,6175.0,37.54318,126.8123,9시,503.0
0,20180429.0,일,오정로(부천시계),B-26,유입,오쇠삼거리->외발산사거리,6175.0,37.54318,126.8123,10시,471.0
0,20180429.0,일,오정로(부천시계),B-26,유입,오쇠삼거리->외발산사거리,6175.0,37.54318,126.8123,11시,530.0
0,20180429.0,일,오정로(부천시계),B-26,유입,오쇠삼거리->외발산사거리,6175.0,37.54318,126.8123,12시,528.0
0,20180429.0,일,오정로(부천시계),B-26,유입,오쇠삼거리->외발산사거리,6175.0,37.54318,126.8123,13시,559.0
0,20180429.0,일,오정로(부천시계),B-26,유입,오쇠삼거리->외발산사거리,6175.0,37.54318,126.8123,14시,543.0
0,20180429.0,일,오정로(부천시계),B-26,유입,오쇠삼거리->외발산사거리,6175.0,37.54318,126.8123,15시,524.0
0,20180429.0,일,오정로(부천시계),B-26,유입,오쇠삼거리->외발산사거리,6175.0,37.54318,126.8123,16시,493.0
0,20180429.0,일,오정로(부천시계),B-26,유입,오쇠삼거리->외발산사거리,6175.0,37.54318,126.8123,17시,483.0
0,20180429.0,일,오정로(부천시계),B-26,유입,오쇠삼거리->외발산사거리,6175.0,37.54318,126.8123,18시,487.0
0,20180429.0,일,오정로(부천시계),B-26,유입,오쇠삼거리->외발산사거리,6175.0,37.54318,126.8123,19시,375.0
0,20180429.0,일,오정로(부천시계),B-26,유입,오쇠삼거리->외발산사거리,6175.0,37.54318,126.8123,20시,326.0
0,20180430.0,월,오정로(부천시계),B-26,유입,오쇠삼거리->외발산사거리,7782.0,37.54318,126.8123,8시,854.0
0,20180430.0,월,오정로(부천시계),B-26,유입,오쇠삼거리->외발산사거리,7782.0,37.54318,126.8123,9시,627.0
0,20180430.0,월,오정로(부천시계),B-26,유입,오쇠삼거리->외발산사거리,7782.0,37.54318,126.8123,10시,624.0
0,20180430.0,월,오정로(부천시계),B-26,유입,오쇠삼거리->외발산사거리,7782.0,37.54318,126.8123,11시,622.0
0,20180430.0,월,오정로(부천시계),B-26,유입,오쇠삼거리->외발산사거리,7782.0,37.54318,126.8123,12시,563.0
0,20180430.0,월,오정로(부천시계),B-26,유입,오쇠삼거리->외발산사거리,7782.0,37.54318,126.8123,13시,560.0
0,20180430.0,월,오정로(부천시계),B-26,유입,오쇠삼거리->외발산사거리,7782.0,37.54318,126.8123,14시,568.0
0,20180430.0,월,오정로(부천시계),B-26,유입,오쇠삼거리->외발산사거리,7782.0,37.54318,126.8123,15시,555.0
0,20180430.0,월,오정로(부천시계),B-26,유입,오쇠삼거리->외발산사거리,7782.0,37.54318,126.8123,16시,588.0
0,20180430.0,월,오정로(부천시계),B-26,유입,오쇠삼거리->외발산사거리,7782.0,37.54318,126.8123,17시,706.0
0,20180430.0,월,오정로(부천시계),B-26,유입,오쇠삼거리->외발산사거리,7782.0,37.54318,126.8123,18시,620.0
0,20180430.0,월,오정로(부천시계),B-26,유입,오쇠삼거리->외발산사거리,7782.0,37.54318,126.8123,19시,518.0
0,20180430.0,월,오정로(부천시계),B-26,유입,오쇠삼거리->외발산사거리,7782.0,37.54318,126.8123,20시,377.0
0,20180401.0,일,오정로(부천시계),B-26,유출,외발산사거리->오쇠삼거리,7450.0,37.54318,126.8123,8시,361.0
0,20180401.0,일,오정로(부천시계),B-26,유출,외발산사거리->오쇠삼거리,7450.0,37.54318,126.8123,9시,411.0
0,20180401.0,일,오정로(부천시계),B-26,유출,외발산사거리->오쇠삼거리,7450.0,37.54318,126.8123,10시,453.0
0,20180401.0,일,오정로(부천시계),B-26,유출,외발산사거리->오쇠삼거리,7450.0,37.54318,126.8123,11시,481.0
0,20180401.0,일,오정로(부천시계),B-26,유출,외발산사거리->오쇠삼거리,7450.0,37.54318,126.8123,12시,557.0
0,20180401.0,일,오정로(부천시계),B-26,유출,외발산사거리->오쇠삼거리,7450.0,37.54318,126.8123,13시,619.0
0,20180401.0,일,오정로(부천시계),B-26,유출,외발산사거리->오쇠삼거리,7450.0,37.54318,126.8123,14시,620.0
0,20180401.0,일,오정로(부천시계),B-26,유출,외발산사거리->오쇠삼거리,7450.0,37.54318,126.8123,15시,700.0
0,20180401.0,일,오정로(부천시계),B-26,유출,외발산사거리->오쇠삼거리,7450.0,37.54318,126.8123,16시,775.0
0,20180401.0,일,오정로(부천시계),B-26,유출,외발산사거리->오쇠삼거리,7450.0,37.54318,126.8123,17시,811.0
0,20180401.0,일,오정로(부천시계),B-26,유출,외발산사거리->오쇠삼거리,7450.0,37.54318,126.8123,18시,696.0
0,20180401.0,일,오정로(부천시계),B-26,유출,외발산사거리->오쇠삼거리,7450.0,37.54318,126.8123,19시,505.0
0,20180401.0,일,오정로(부천시계),B-26,유출,외발산사거리->오쇠삼거리,7450.0,37.54318,126.8123,20시,461.0
0,20180402.0,월,오정로(부천시계),B-26,유출,외발산사거리->오쇠삼거리,10454.0,37.54318,126.8123,8시,901.0
0,20180402.0,월,오정로(부천시계),B-26,유출,외발산사거리->오쇠삼거리,10454.0,37.54318,126.8123,9시,719.0
0,20180402.0,월,오정로(부천시계),B-26,유출,외발산사거리->오쇠삼거리,10454.0,37.54318,126.8123,10시,598.0
0,20180402.0,월,오정로(부천시계),B-26,유출,외발산사거리->오쇠삼거리,10454.0,37.54318,126.8123,11시,664.0
0,20180402.0,월,오정로(부천시계),B-26,유출,외발산사거리->오쇠삼거리,10454.0,37.54318,126.8123,12시,568.0
0,20180402.0,월,오정로(부천시계),B-26,유출,외발산사거리->오쇠삼거리,10454.0,37.54318,126.8123,13시,628.0
0,20180402.0,월,오정로(부천시계),B-26,유출,외발산사거리->오쇠삼거리,10454.0,37.54318,126.8123,14시,707.0
0,20180402.0,월,오정로(부천시계),B-26,유출,외발산사거리->오쇠삼거리,10454.0,37.54318,126.8123,15시,778.0
0,20180402.0,월,오정로(부천시계),B-26,유출,외발산사거리->오쇠삼거리,10454.0,37.54318,126.8123,16시,853.0
0,20180402.0,월,오정로(부천시계),B-26,유출,외발산사거리->오쇠삼거리,10454.0,37.54318,126.8123,17시,1209.0
0,20180402.0,월,오정로(부천시계),B-26,유출,외발산사거리->오쇠삼거리,10454.0,37.54318,126.8123,18시,1245.0
0,20180402.0,월,오정로(부천시계),B-26,유출,외발산사거리->오쇠삼거리,10454.0,37.54318,126.8123,19시,938.0
0,20180402.0,월,오정로(부천시계),B-26,유출,외발산사거리->오쇠삼거리,10454.0,37.54318,126.8123,20시,646.0
0,20180403.0,화,오정로(부천시계),B-26,유출,외발산사거리->오쇠삼거리,10895.0,37.54318,126.8123,8시,982.0
0,20180403.0,화,오정로(부천시계),B-26,유출,외발산사거리->오쇠삼거리,10895.0,37.54318,126.8123,9시,697.0
0,20180403.0,화,오정로(부천시계),B-26,유출,외발산사거리->오쇠삼거리,10895.0,37.54318,126.8123,10시,734.0
0,20180403.0,화,오정로(부천시계),B-26,유출,외발산사거리->오쇠삼거리,10895.0,37.54318,126.8123,11시,705.0
0,20180403.0,화,오정로(부천시계),B-26,유출,외발산사거리->오쇠삼거리,10895.0,37.54318,126.8123,12시,653.0
0,20180403.0,화,오정로(부천시계),B-26,유출,외발산사거리->오쇠삼거리,10895.0,37.54318,126.8123,13시,685.0
0,20180403.0,화,오정로(부천시계),B-26,유출,외발산사거리->오쇠삼거리,10895.0,37.54318,126.8123,14시,704.0
0,20180403.0,화,오정로(부천시계),B-26,유출,외발산사거리->오쇠삼거리,10895.0,37.54318,126.8123,15시,787.0
0,20180403.0,화,오정로(부천시계),B-26,유출,외발산사거리->오쇠삼거리,10895.0,37.54318,126.8123,16시,936.0
0,20180403.0,화,오정로(부천시계),B-26,유출,외발산사거리->오쇠삼거리,10895.0,37.54318,126.8123,17시,1168.0
0,20180403.0,화,오정로(부천시계),B-26,유출,외발산사거리->오쇠삼거리,10895.0,37.54318,126.8123,18시,1327.0
0,20180403.0,화,오정로(부천시계),B-26,유출,외발산사거리->오쇠삼거리,10895.0,37.54318,126.8123,19시,921.0
0,20180403.0,화,오정로(부천시계),B-26,유출,외발산사거리->오쇠삼거리,10895.0,37.54318,126.8123,20시,596.0
0,20180404.0,수,오정로(부천시계),B-26,유출,외발산사거리->오쇠삼거리,10697.0,37.54318,126.8123,8시,989.0
0,20180404.0,수,오정로(부천시계),B-26,유출,외발산사거리->오쇠삼거리,10697.0,37.54318,126.8123,9시,718.0
0,20180404.0,수,오정로(부천시계),B-26,유출,외발산사거리->오쇠삼거리,10697.0,37.54318,126.8123,10시,644.0
0,20180404.0,수,오정로(부천시계),B-26,유출,외발산사거리->오쇠삼거리,10697.0,37.54318,126.8123,11시,670.0
0,20180404.0,수,오정로(부천시계),B-26,유출,외발산사거리->오쇠삼거리,10697.0,37.54318,126.8123,12시,579.0
0,20180404.0,수,오정로(부천시계),B-26,유출,외발산사거리->오쇠삼거리,10697.0,37.54318,126.8123,13시,638.0
0,20180404.0,수,오정로(부천시계),B-26,유출,외발산사거리->오쇠삼거리,10697.0,37.54318,126.8123,14시,693.0
0,20180404.0,수,오정로(부천시계),B-26,유출,외발산사거리->오쇠삼거리,10697.0,37.54318,126.8123,15시,822.0
0,20180404.0,수,오정로(부천시계),B-26,유출,외발산사거리->오쇠삼거리,10697.0,37.54318,126.8123,16시,869.0
0,20180404.0,수,오정로(부천시계),B-26,유출,외발산사거리->오쇠삼거리,10697.0,37.54318,126.8123,17시,1089.0
0,20180404.0,수,오정로(부천시계),B-26,유출,외발산사거리->오쇠삼거리,10697.0,37.54318,126.8123,18시,1349.0
0,20180404.0,수,오정로(부천시계),B-26,유출,외발산사거리->오쇠삼거리,10697.0,37.54318,126.8123,19시,1024.0
0,20180404.0,수,오정로(부천시계),B-26,유출,외발산사거리->오쇠삼거리,10697.0,37.54318,126.8123,20시,613.0
0,20180405.0,목,오정로(부천시계),B-26,유출,외발산사거리->오쇠삼거리,10427.0,37.54318,126.8123,8시,912.0
0,20180405.0,목,오정로(부천시계),B-26,유출,외발산사거리->오쇠삼거리,10427.0,37.54318,126.8123,9시,689.0
0,20180405.0,목,오정로(부천시계),B-26,유출,외발산사거리->오쇠삼거리,10427.0,37.54318,126.8123,10시,612.0
0,20180405.0,목,오정로(부천시계),B-26,유출,외발산사거리->오쇠삼거리,10427.0,37.54318,126.8123,11시,685.0
0,20180405.0,목,오정로(부천시계),B-26,유출,외발산사거리->오쇠삼거리,10427.0,37.54318,126.8123,12시,653.0
0,20180405.0,목,오정로(부천시계),B-26,유출,외발산사거리->오쇠삼거리,10427.0,37.54318,126.8123,13시,680.0
0,20180405.0,목,오정로(부천시계),B-26,유출,외발산사거리->오쇠삼거리,10427.0,37.54318,126.8123,14시,652.0
0,20180405.0,목,오정로(부천시계),B-26,유출,외발산사거리->오쇠삼거리,10427.0,37.54318,126.8123,15시,782.0
0,20180405.0,목,오정로(부천시계),B-26,유출,외발산사거리->오쇠삼거리,10427.0,37.54318,126.8123,16시,859.0
0,20180405.0,목,오정로(부천시계),B-26,유출,외발산사거리->오쇠삼거리,10427.0,37.54318,126.8123,17시,1105.0
0,20180405.0,목,오정로(부천시계),B-26,유출,외발산사거리->오쇠삼거리,10427.0,37.54318,126.8123,18시,1223.0
0,20180405.0,목,오정로(부천시계),B-26,유출,외발산사거리->오쇠삼거리,10427.0,37.54318,126.8123,19시,956.0
0,20180405.0,목,오정로(부천시계),B-26,유출,외발산사거리->오쇠삼거리,10427.0,37.54318,126.8123,20시,619.0
0,20180406.0,금,오정로(부천시계),B-26,유출,외발산사거리->오쇠삼거리,11713.0,37.54318,126.8123,8시,980.0
0,20180406.0,금,오정로(부천시계),B-26,유출,외발산사거리->오쇠삼거리,11713.0,37.54318,126.8123,9시,728.0
0,20180406.0,금,오정로(부천시계),B-26,유출,외발산사거리->오쇠삼거리,11713.0,37.54318,126.8123,10시,666.0
0,20180406.0,금,오정로(부천시계),B-26,유출,외발산사거리->오쇠삼거리,11713.0,37.54318,126.8123,11시,736.0
0,20180406.0,금,오정로(부천시계),B-26,유출,외발산사거리->오쇠삼거리,11713.0,37.54318,126.8123,12시,672.0
0,20180406.0,금,오정로(부천시계),B-26,유출,외발산사거리->오쇠삼거리,11713.0,37.54318,126.8123,13시,766.0
0,20180406.0,금,오정로(부천시계),B-26,유출,외발산사거리->오쇠삼거리,11713.0,37.54318,126.8123,14시,697.0
0,20180406.0,금,오정로(부천시계),B-26,유출,외발산사거리->오쇠삼거리,11713.0,37.54318,126.8123,15시,825.0
0,20180406.0,금,오정로(부천시계),B-26,유출,외발산사거리->오쇠삼거리,11713.0,37.54318,126.8123,16시,1036.0
0,20180406.0,금,오정로(부천시계),B-26,유출,외발산사거리->오쇠삼거리,11713.0,37.54318,126.8123,17시,1291.0
0,20180406.0,금,오정로(부천시계),B-26,유출,외발산사거리->오쇠삼거리,11713.0,37.54318,126.8123,18시,1423.0
0,20180406.0,금,오정로(부천시계),B-26,유출,외발산사거리->오쇠삼거리,11713.0,37.54318,126.8123,19시,1112.0
0,20180406.0,금,오정로(부천시계),B-26,유출,외발산사거리->오쇠삼거리,11713.0,37.54318,126.8123,20시,781.0
0,20180407.0,토,오정로(부천시계),B-26,유출,외발산사거리->오쇠삼거리,10145.0,37.54318,126.8123,8시,559.0
0,20180407.0,토,오정로(부천시계),B-26,유출,외발산사거리->오쇠삼거리,10145.0,37.54318,126.8123,9시,596.0
0,20180407.0,토,오정로(부천시계),B-26,유출,외발산사거리->오쇠삼거리,10145.0,37.54318,126.8123,10시,677.0
0,20180407.0,토,오정로(부천시계),B-26,유출,외발산사거리->오쇠삼거리,10145.0,37.54318,126.8123,11시,667.0
0,20180407.0,토,오정로(부천시계),B-26,유출,외발산사거리->오쇠삼거리,10145.0,37.54318,126.8123,12시,722.0
0,20180407.0,토,오정로(부천시계),B-26,유출,외발산사거리->오쇠삼거리,10145.0,37.54318,126.8123,13시,742.0
0,20180407.0,토,오정로(부천시계),B-26,유출,외발산사거리->오쇠삼거리,10145.0,37.54318,126.8123,14시,845.0
0,20180407.0,토,오정로(부천시계),B-26,유출,외발산사거리->오쇠삼거리,10145.0,37.54318,126.8123,15시,851.0
0,20180407.0,토,오정로(부천시계),B-26,유출,외발산사거리->오쇠삼거리,10145.0,37.54318,126.8123,16시,998.0
0,20180407.0,토,오정로(부천시계),B-26,유출,외발산사거리->오쇠삼거리,10145.0,37.54318,126.8123,17시,1124.0
0,20180407.0,토,오정로(부천시계),B-26,유출,외발산사거리->오쇠삼거리,10145.0,37.54318,126.8123,18시,1062.0
0,20180407.0,토,오정로(부천시계),B-26,유출,외발산사거리->오쇠삼거리,10145.0,37.54318,126.8123,19시,775.0
0,20180407.0,토,오정로(부천시계),B-26,유출,외발산사거리->오쇠삼거리,10145.0,37.54318,126.8123,20시,527.0
0,20180408.0,일,오정로(부천시계),B-26,유출,외발산사거리->오쇠삼거리,7792.0,37.54318,126.8123,8시,409.0
0,20180408.0,일,오정로(부천시계),B-26,유출,외발산사거리->오쇠삼거리,7792.0,37.54318,126.8123,9시,436.0
0,20180408.0,일,오정로(부천시계),B-26,유출,외발산사거리->오쇠삼거리,7792.0,37.54318,126.8123,10시,451.0
0,20180408.0,일,오정로(부천시계),B-26,유출,외발산사거리->오쇠삼거리,7792.0,37.54318,126.8123,11시,514.0
0,20180408.0,일,오정로(부천시계),B-26,유출,외발산사거리->오쇠삼거리,7792.0,37.54318,126.8123,12시,565.0
0,20180408.0,일,오정로(부천시계),B-26,유출,외발산사거리->오쇠삼거리,7792.0,37.54318,126.8123,13시,629.0
0,20180408.0,일,오정로(부천시계),B-26,유출,외발산사거리->오쇠삼거리,7792.0,37.54318,126.8123,14시,627.0
0,20180408.0,일,오정로(부천시계),B-26,유출,외발산사거리->오쇠삼거리,7792.0,37.54318,126.8123,15시,716.0
0,20180408.0,일,오정로(부천시계),B-26,유출,외발산사거리->오쇠삼거리,7792.0,37.54318,126.8123,16시,840.0
0,20180408.0,일,오정로(부천시계),B-26,유출,외발산사거리->오쇠삼거리,7792.0,37.54318,126.8123,17시,871.0
0,20180408.0,일,오정로(부천시계),B-26,유출,외발산사거리->오쇠삼거리,7792.0,37.54318,126.8123,18시,690.0
0,20180408.0,일,오정로(부천시계),B-26,유출,외발산사거리->오쇠삼거리,7792.0,37.54318,126.8123,19시,540.0
0,20180408.0,일,오정로(부천시계),B-26,유출,외발산사거리->오쇠삼거리,7792.0,37.54318,126.8123,20시,504.0
0,20180409.0,월,오정로(부천시계),B-26,유출,외발산사거리->오쇠삼거리,10538.0,37.54318,126.8123,8시,927.0
0,20180409.0,월,오정로(부천시계),B-26,유출,외발산사거리->오쇠삼거리,10538.0,37.54318,126.8123,9시,723.0
0,20180409.0,월,오정로(부천시계),B-26,유출,외발산사거리->오쇠삼거리,10538.0,37.54318,126.8123,10시,578.0
0,20180409.0,월,오정로(부천시계),B-26,유출,외발산사거리->오쇠삼거리,10538.0,37.54318,126.8123,11시,665.0
0,20180409.0,월,오정로(부천시계),B-26,유출,외발산사거리->오쇠삼거리,10538.0,37.54318,126.8123,12시,632.0
0,20180409.0,월,오정로(부천시계),B-26,유출,외발산사거리->오쇠삼거리,10538.0,37.54318,126.8123,13시,637.0
0,20180409.0,월,오정로(부천시계),B-26,유출,외발산사거리->오쇠삼거리,10538.0,37.54318,126.8123,14시,678.0
0,20180409.0,월,오정로(부천시계),B-26,유출,외발산사거리->오쇠삼거리,10538.0,37.54318,126.8123,15시,725.0
0,20180409.0,월,오정로(부천시계),B-26,유출,외발산사거리->오쇠삼거리,10538.0,37.54318,126.8123,16시,919.0
0,20180409.0,월,오정로(부천시계),B-26,유출,외발산사거리->오쇠삼거리,10538.0,37.54318,126.8123,17시,1199.0
0,20180409.0,월,오정로(부천시계),B-26,유출,외발산사거리->오쇠삼거리,10538.0,37.54318,126.8123,18시,1241.0
0,20180409.0,월,오정로(부천시계),B-26,유출,외발산사거리->오쇠삼거리,10538.0,37.54318,126.8123,19시,983.0
0,20180409.0,월,오정로(부천시계),B-26,유출,외발산사거리->오쇠삼거리,10538.0,37.54318,126.8123,20시,631.0
0,20180410.0,화,오정로(부천시계),B-26,유출,외발산사거리->오쇠삼거리,10822.0,37.54318,126.8123,8시,968.0
0,20180410.0,화,오정로(부천시계),B-26,유출,외발산사거리->오쇠삼거리,10822.0,37.54318,126.8123,9시,714.0
0,20180410.0,화,오정로(부천시계),B-26,유출,외발산사거리->오쇠삼거리,10822.0,37.54318,126.8123,10시,663.0
0,20180410.0,화,오정로(부천시계),B-26,유출,외발산사거리->오쇠삼거리,10822.0,37.54318,126.8123,11시,681.0
0,20180410.0,화,오정로(부천시계),B-26,유출,외발산사거리->오쇠삼거리,10822.0,37.54318,126.8123,12시,566.0
0,20180410.0,화,오정로(부천시계),B-26,유출,외발산사거리->오쇠삼거리,10822.0,37.54318,126.8123,13시,688.0
0,20180410.0,화,오정로(부천시계),B-26,유출,외발산사거리->오쇠삼거리,10822.0,37.54318,126.8123,14시,687.0
0,20180410.0,화,오정로(부천시계),B-26,유출,외발산사거리->오쇠삼거리,10822.0,37.54318,126.8123,15시,723.0
0,20180410.0,화,오정로(부천시계),B-26,유출,외발산사거리->오쇠삼거리,10822.0,37.54318,126.8123,16시,963.0
0,20180410.0,화,오정로(부천시계),B-26,유출,외발산사거리->오쇠삼거리,10822.0,37.54318,126.8123,17시,1223.0
0,20180410.0,화,오정로(부천시계),B-26,유출,외발산사거리->오쇠삼거리,10822.0,37.54318,126.8123,18시,1259.0
0,20180410.0,화,오정로(부천시계),B-26,유출,외발산사거리->오쇠삼거리,10822.0,37.54318,126.8123,19시,1047.0
0,20180410.0,화,오정로(부천시계),B-26,유출,외발산사거리->오쇠삼거리,10822.0,37.54318,126.8123,20시,640.0
0,20180411.0,수,오정로(부천시계),B-26,유출,외발산사거리->오쇠삼거리,10828.0,37.54318,126.8123,8시,991.0
0,20180411.0,수,오정로(부천시계),B-26,유출,외발산사거리->오쇠삼거리,10828.0,37.54318,126.8123,9시,735.0
0,20180411.0,수,오정로(부천시계),B-26,유출,외발산사거리->오쇠삼거리,10828.0,37.54318,126.8123,10시,699.0
0,20180411.0,수,오정로(부천시계),B-26,유출,외발산사거리->오쇠삼거리,10828.0,37.54318,126.8123,11시,671.0
0,20180411.0,수,오정로(부천시계),B-26,유출,외발산사거리->오쇠삼거리,10828.0,37.54318,126.8123,12시,629.0
0,20180411.0,수,오정로(부천시계),B-26,유출,외발산사거리->오쇠삼거리,10828.0,37.54318,126.8123,13시,710.0
0,20180411.0,수,오정로(부천시계),B-26,유출,외발산사거리->오쇠삼거리,10828.0,37.54318,126.8123,14시,736.0
0,20180411.0,수,오정로(부천시계),B-26,유출,외발산사거리->오쇠삼거리,10828.0,37.54318,126.8123,15시,744.0
0,20180411.0,수,오정로(부천시계),B-26,유출,외발산사거리->오쇠삼거리,10828.0,37.54318,126.8123,16시,926.0
0,20180411.0,수,오정로(부천시계),B-26,유출,외발산사거리->오쇠삼거리,10828.0,37.54318,126.8123,17시,1155.0
0,20180411.0,수,오정로(부천시계),B-26,유출,외발산사거리->오쇠삼거리,10828.0,37.54318,126.8123,18시,1225.0
0,20180411.0,수,오정로(부천시계),B-26,유출,외발산사거리->오쇠삼거리,10828.0,37.54318,126.8123,19시,965.0
0,20180411.0,수,오정로(부천시계),B-26,유출,외발산사거리->오쇠삼거리,10828.0,37.54318,126.8123,20시,642.0
0,20180412.0,목,오정로(부천시계),B-26,유출,외발산사거리->오쇠삼거리,11110.0,37.54318,126.8123,8시,951.0
0,20180412.0,목,오정로(부천시계),B-26,유출,외발산사거리->오쇠삼거리,11110.0,37.54318,126.8123,9시,748.0
0,20180412.0,목,오정로(부천시계),B-26,유출,외발산사거리->오쇠삼거리,11110.0,37.54318,126.8123,10시,678.0
0,20180412.0,목,오정로(부천시계),B-26,유출,외발산사거리->오쇠삼거리,11110.0,37.54318,126.8123,11시,710.0
0,20180412.0,목,오정로(부천시계),B-26,유출,외발산사거리->오쇠삼거리,11110.0,37.54318,126.8123,12시,673.0
0,20180412.0,목,오정로(부천시계),B-26,유출,외발산사거리->오쇠삼거리,11110.0,37.54318,126.8123,13시,708.0
0,20180412.0,목,오정로(부천시계),B-26,유출,외발산사거리->오쇠삼거리,11110.0,37.54318,126.8123,14시,700.0
0,20180412.0,목,오정로(부천시계),B-26,유출,외발산사거리->오쇠삼거리,11110.0,37.54318,126.8123,15시,827.0
0,20180412.0,목,오정로(부천시계),B-26,유출,외발산사거리->오쇠삼거리,11110.0,37.54318,126.8123,16시,954.0
0,20180412.0,목,오정로(부천시계),B-26,유출,외발산사거리->오쇠삼거리,11110.0,37.54318,126.8123,17시,1291.0
0,20180412.0,목,오정로(부천시계),B-26,유출,외발산사거리->오쇠삼거리,11110.0,37.54318,126.8123,18시,1180.0
0,20180412.0,목,오정로(부천시계),B-26,유출,외발산사거리->오쇠삼거리,11110.0,37.54318,126.8123,19시,1025.0
0,20180412.0,목,오정로(부천시계),B-26,유출,외발산사거리->오쇠삼거리,11110.0,37.54318,126.8123,20시,665.0
0,20180413.0,금,오정로(부천시계),B-26,유출,외발산사거리->오쇠삼거리,11238.0,37.54318,126.8123,8시,991.0
0,20180413.0,금,오정로(부천시계),B-26,유출,외발산사거리->오쇠삼거리,11238.0,37.54318,126.8123,9시,695.0
0,20180413.0,금,오정로(부천시계),B-26,유출,외발산사거리->오쇠삼거리,11238.0,37.54318,126.8123,10시,669.0
0,20180413.0,금,오정로(부천시계),B-26,유출,외발산사거리->오쇠삼거리,11238.0,37.54318,126.8123,11시,698.0
0,20180413.0,금,오정로(부천시계),B-26,유출,외발산사거리->오쇠삼거리,11238.0,37.54318,126.8123,12시,659.0
0,20180413.0,금,오정로(부천시계),B-26,유출,외발산사거리->오쇠삼거리,11238.0,37.54318,126.8123,13시,712.0
0,20180413.0,금,오정로(부천시계),B-26,유출,외발산사거리->오쇠삼거리,11238.0,37.54318,126.8123,14시,764.0
0,20180413.0,금,오정로(부천시계),B-26,유출,외발산사거리->오쇠삼거리,11238.0,37.54318,126.8123,15시,784.0
0,20180413.0,금,오정로(부천시계),B-26,유출,외발산사거리->오쇠삼거리,11238.0,37.54318,126.8123,16시,977.0
0,20180413.0,금,오정로(부천시계),B-26,유출,외발산사거리->오쇠삼거리,11238.0,37.54318,126.8123,17시,1259.0
0,20180413.0,금,오정로(부천시계),B-26,유출,외발산사거리->오쇠삼거리,11238.0,37.54318,126.8123,18시,1307.0
0,20180413.0,금,오정로(부천시계),B-26,유출,외발산사거리->오쇠삼거리,11238.0,37.54318,126.8123,19시,962.0
0,20180413.0,금,오정로(부천시계),B-26,유출,외발산사거리->오쇠삼거리,11238.0,37.54318,126.8123,20시,761.0
0,20180414.0,토,오정로(부천시계),B-26,유출,외발산사거리->오쇠삼거리,9863.0,37.54318,126.8123,8시,587.0
0,20180414.0,토,오정로(부천시계),B-26,유출,외발산사거리->오쇠삼거리,9863.0,37.54318,126.8123,9시,620.0
0,20180414.0,토,오정로(부천시계),B-26,유출,외발산사거리->오쇠삼거리,9863.0,37.54318,126.8123,10시,715.0
0,20180414.0,토,오정로(부천시계),B-26,유출,외발산사거리->오쇠삼거리,9863.0,37.54318,126.8123,11시,769.0
0,20180414.0,토,오정로(부천시계),B-26,유출,외발산사거리->오쇠삼거리,9863.0,37.54318,126.8123,12시,773.0
0,20180414.0,토,오정로(부천시계),B-26,유출,외발산사거리->오쇠삼거리,9863.0,37.54318,126.8123,13시,714.0
0,20180414.0,토,오정로(부천시계),B-26,유출,외발산사거리->오쇠삼거리,9863.0,37.54318,126.8123,14시,781.0
0,20180414.0,토,오정로(부천시계),B-26,유출,외발산사거리->오쇠삼거리,9863.0,37.54318,126.8123,15시,884.0
0,20180414.0,토,오정로(부천시계),B-26,유출,외발산사거리->오쇠삼거리,9863.0,37.54318,126.8123,16시,1111.0
0,20180414.0,토,오정로(부천시계),B-26,유출,외발산사거리->오쇠삼거리,9863.0,37.54318,126.8123,17시,1018.0
0,20180414.0,토,오정로(부천시계),B-26,유출,외발산사거리->오쇠삼거리,9863.0,37.54318,126.8123,18시,820.0
0,20180414.0,토,오정로(부천시계),B-26,유출,외발산사거리->오쇠삼거리,9863.0,37.54318,126.8123,19시,554.0
0,20180414.0,토,오정로(부천시계),B-26,유출,외발산사거리->오쇠삼거리,9863.0,37.54318,126.8123,20시,517.0
0,20180415.0,일,오정로(부천시계),B-26,유출,외발산사거리->오쇠삼거리,7754.0,37.54318,126.8123,8시,389.0
0,20180415.0,일,오정로(부천시계),B-26,유출,외발산사거리->오쇠삼거리,7754.0,37.54318,126.8123,9시,429.0
0,20180415.0,일,오정로(부천시계),B-26,유출,외발산사거리->오쇠삼거리,7754.0,37.54318,126.8123,10시,477.0
0,20180415.0,일,오정로(부천시계),B-26,유출,외발산사거리->오쇠삼거리,7754.0,37.54318,126.8123,11시,523.0
0,20180415.0,일,오정로(부천시계),B-26,유출,외발산사거리->오쇠삼거리,7754.0,37.54318,126.8123,12시,526.0
0,20180415.0,일,오정로(부천시계),B-26,유출,외발산사거리->오쇠삼거리,7754.0,37.54318,126.8123,13시,632.0
0,20180415.0,일,오정로(부천시계),B-26,유출,외발산사거리->오쇠삼거리,7754.0,37.54318,126.8123,14시,581.0
0,20180415.0,일,오정로(부천시계),B-26,유출,외발산사거리->오쇠삼거리,7754.0,37.54318,126.8123,15시,741.0
0,20180415.0,일,오정로(부천시계),B-26,유출,외발산사거리->오쇠삼거리,7754.0,37.54318,126.8123,16시,800.0
0,20180415.0,일,오정로(부천시계),B-26,유출,외발산사거리->오쇠삼거리,7754.0,37.54318,126.8123,17시,875.0
0,20180415.0,일,오정로(부천시계),B-26,유출,외발산사거리->오쇠삼거리,7754.0,37.54318,126.8123,18시,696.0
0,20180415.0,일,오정로(부천시계),B-26,유출,외발산사거리->오쇠삼거리,7754.0,37.54318,126.8123,19시,561.0
0,20180415.0,일,오정로(부천시계),B-26,유출,외발산사거리->오쇠삼거리,7754.0,37.54318,126.8123,20시,524.0
0,20180416.0,월,오정로(부천시계),B-26,유출,외발산사거리->오쇠삼거리,10970.0,37.54318,126.8123,8시,986.0
0,20180416.0,월,오정로(부천시계),B-26,유출,외발산사거리->오쇠삼거리,10970.0,37.54318,126.8123,9시,762.0
0,20180416.0,월,오정로(부천시계),B-26,유출,외발산사거리->오쇠삼거리,10970.0,37.54318,126.8123,10시,675.0
0,20180416.0,월,오정로(부천시계),B-26,유출,외발산사거리->오쇠삼거리,10970.0,37.54318,126.8123,11시,666.0
0,20180416.0,월,오정로(부천시계),B-26,유출,외발산사거리->오쇠삼거리,10970.0,37.54318,126.8123,12시,632.0
0,20180416.0,월,오정로(부천시계),B-26,유출,외발산사거리->오쇠삼거리,10970.0,37.54318,126.8123,13시,722.0
0,20180416.0,월,오정로(부천시계),B-26,유출,외발산사거리->오쇠삼거리,10970.0,37.54318,126.8123,14시,667.0
0,20180416.0,월,오정로(부천시계),B-26,유출,외발산사거리->오쇠삼거리,10970.0,37.54318,126.8123,15시,776.0
0,20180416.0,월,오정로(부천시계),B-26,유출,외발산사거리->오쇠삼거리,10970.0,37.54318,126.8123,16시,927.0
0,20180416.0,월,오정로(부천시계),B-26,유출,외발산사거리->오쇠삼거리,10970.0,37.54318,126.8123,17시,1217.0
0,20180416.0,월,오정로(부천시계),B-26,유출,외발산사거리->오쇠삼거리,10970.0,37.54318,126.8123,18시,1263.0
0,20180416.0,월,오정로(부천시계),B-26,유출,외발산사거리->오쇠삼거리,10970.0,37.54318,126.8123,19시,1016.0
0,20180416.0,월,오정로(부천시계),B-26,유출,외발산사거리->오쇠삼거리,10970.0,37.54318,126.8123,20시,661.0
0,20180417.0,화,오정로(부천시계),B-26,유출,외발산사거리->오쇠삼거리,11130.0,37.54318,126.8123,8시,939.0
0,20180417.0,화,오정로(부천시계),B-26,유출,외발산사거리->오쇠삼거리,11130.0,37.54318,126.8123,9시,707.0
0,20180417.0,화,오정로(부천시계),B-26,유출,외발산사거리->오쇠삼거리,11130.0,37.54318,126.8123,10시,660.0
0,20180417.0,화,오정로(부천시계),B-26,유출,외발산사거리->오쇠삼거리,11130.0,37.54318,126.8123,11시,709.0
0,20180417.0,화,오정로(부천시계),B-26,유출,외발산사거리->오쇠삼거리,11130.0,37.54318,126.8123,12시,647.0
0,20180417.0,화,오정로(부천시계),B-26,유출,외발산사거리->오쇠삼거리,11130.0,37.54318,126.8123,13시,721.0
0,20180417.0,화,오정로(부천시계),B-26,유출,외발산사거리->오쇠삼거리,11130.0,37.54318,126.8123,14시,690.0
0,20180417.0,화,오정로(부천시계),B-26,유출,외발산사거리->오쇠삼거리,11130.0,37.54318,126.8123,15시,799.0
0,20180417.0,화,오정로(부천시계),B-26,유출,외발산사거리->오쇠삼거리,11130.0,37.54318,126.8123,16시,950.0
0,20180417.0,화,오정로(부천시계),B-26,유출,외발산사거리->오쇠삼거리,11130.0,37.54318,126.8123,17시,1284.0
0,20180417.0,화,오정로(부천시계),B-26,유출,외발산사거리->오쇠삼거리,11130.0,37.54318,126.8123,18시,1253.0
0,20180417.0,화,오정로(부천시계),B-26,유출,외발산사거리->오쇠삼거리,11130.0,37.54318,126.8123,19시,1058.0
0,20180417.0,화,오정로(부천시계),B-26,유출,외발산사거리->오쇠삼거리,11130.0,37.54318,126.8123,20시,713.0
0,20180418.0,수,오정로(부천시계),B-26,유출,외발산사거리->오쇠삼거리,10981.0,37.54318,126.8123,8시,988.0
0,20180418.0,수,오정로(부천시계),B-26,유출,외발산사거리->오쇠삼거리,10981.0,37.54318,126.8123,9시,684.0
0,20180418.0,수,오정로(부천시계),B-26,유출,외발산사거리->오쇠삼거리,10981.0,37.54318,126.8123,10시,649.0
0,20180418.0,수,오정로(부천시계),B-26,유출,외발산사거리->오쇠삼거리,10981.0,37.54318,126.8123,11시,650.0
0,20180418.0,수,오정로(부천시계),B-26,유출,외발산사거리->오쇠삼거리,10981.0,37.54318,126.8123,12시,603.0
0,20180418.0,수,오정로(부천시계),B-26,유출,외발산사거리->오쇠삼거리,10981.0,37.54318,126.8123,13시,719.0
0,20180418.0,수,오정로(부천시계),B-26,유출,외발산사거리->오쇠삼거리,10981.0,37.54318,126.8123,14시,710.0
0,20180418.0,수,오정로(부천시계),B-26,유출,외발산사거리->오쇠삼거리,10981.0,37.54318,126.8123,15시,790.0
0,20180418.0,수,오정로(부천시계),B-26,유출,외발산사거리->오쇠삼거리,10981.0,37.54318,126.8123,16시,969.0
0,20180418.0,수,오정로(부천시계),B-26,유출,외발산사거리->오쇠삼거리,10981.0,37.54318,126.8123,17시,1204.0
0,20180418.0,수,오정로(부천시계),B-26,유출,외발산사거리->오쇠삼거리,10981.0,37.54318,126.8123,18시,1352.0
0,20180418.0,수,오정로(부천시계),B-26,유출,외발산사거리->오쇠삼거리,10981.0,37.54318,126.8123,19시,1002.0
0,20180418.0,수,오정로(부천시계),B-26,유출,외발산사거리->오쇠삼거리,10981.0,37.54318,126.8123,20시,661.0
0,20180419.0,목,오정로(부천시계),B-26,유출,외발산사거리->오쇠삼거리,10938.0,37.54318,126.8123,8시,935.0
0,20180419.0,목,오정로(부천시계),B-26,유출,외발산사거리->오쇠삼거리,10938.0,37.54318,126.8123,9시,708.0
0,20180419.0,목,오정로(부천시계),B-26,유출,외발산사거리->오쇠삼거리,10938.0,37.54318,126.8123,10시,655.0
0,20180419.0,목,오정로(부천시계),B-26,유출,외발산사거리->오쇠삼거리,10938.0,37.54318,126.8123,11시,704.0
0,20180419.0,목,오정로(부천시계),B-26,유출,외발산사거리->오쇠삼거리,10938.0,37.54318,126.8123,12시,652.0
0,20180419.0,목,오정로(부천시계),B-26,유출,외발산사거리->오쇠삼거리,10938.0,37.54318,126.8123,13시,689.0
0,20180419.0,목,오정로(부천시계),B-26,유출,외발산사거리->오쇠삼거리,10938.0,37.54318,126.8123,14시,661.0
0,20180419.0,목,오정로(부천시계),B-26,유출,외발산사거리->오쇠삼거리,10938.0,37.54318,126.8123,15시,784.0
0,20180419.0,목,오정로(부천시계),B-26,유출,외발산사거리->오쇠삼거리,10938.0,37.54318,126.8123,16시,979.0
0,20180419.0,목,오정로(부천시계),B-26,유출,외발산사거리->오쇠삼거리,10938.0,37.54318,126.8123,17시,1154.0
0,20180419.0,목,오정로(부천시계),B-26,유출,외발산사거리->오쇠삼거리,10938.0,37.54318,126.8123,18시,1369.0
0,20180419.0,목,오정로(부천시계),B-26,유출,외발산사거리->오쇠삼거리,10938.0,37.54318,126.8123,19시,1024.0
0,20180419.0,목,오정로(부천시계),B-26,유출,외발산사거리->오쇠삼거리,10938.0,37.54318,126.8123,20시,624.0
0,20180420.0,금,오정로(부천시계),B-26,유출,외발산사거리->오쇠삼거리,11513.0,37.54318,126.8123,8시,926.0
0,20180420.0,금,오정로(부천시계),B-26,유출,외발산사거리->오쇠삼거리,11513.0,37.54318,126.8123,9시,700.0
0,20180420.0,금,오정로(부천시계),B-26,유출,외발산사거리->오쇠삼거리,11513.0,37.54318,126.8123,10시,757.0
0,20180420.0,금,오정로(부천시계),B-26,유출,외발산사거리->오쇠삼거리,11513.0,37.54318,126.8123,11시,693.0
0,20180420.0,금,오정로(부천시계),B-26,유출,외발산사거리->오쇠삼거리,11513.0,37.54318,126.8123,12시,675.0
0,20180420.0,금,오정로(부천시계),B-26,유출,외발산사거리->오쇠삼거리,11513.0,37.54318,126.8123,13시,720.0
0,20180420.0,금,오정로(부천시계),B-26,유출,외발산사거리->오쇠삼거리,11513.0,37.54318,126.8123,14시,753.0
0,20180420.0,금,오정로(부천시계),B-26,유출,외발산사거리->오쇠삼거리,11513.0,37.54318,126.8123,15시,832.0
0,20180420.0,금,오정로(부천시계),B-26,유출,외발산사거리->오쇠삼거리,11513.0,37.54318,126.8123,16시,1023.0
0,20180420.0,금,오정로(부천시계),B-26,유출,외발산사거리->오쇠삼거리,11513.0,37.54318,126.8123,17시,1232.0
0,20180420.0,금,오정로(부천시계),B-26,유출,외발산사거리->오쇠삼거리,11513.0,37.54318,126.8123,18시,1317.0
0,20180420.0,금,오정로(부천시계),B-26,유출,외발산사거리->오쇠삼거리,11513.0,37.54318,126.8123,19시,1116.0
0,20180420.0,금,오정로(부천시계),B-26,유출,외발산사거리->오쇠삼거리,11513.0,37.54318,126.8123,20시,769.0
0,20180421.0,토,오정로(부천시계),B-26,유출,외발산사거리->오쇠삼거리,10134.0,37.54318,126.8123,8시,615.0
0,20180421.0,토,오정로(부천시계),B-26,유출,외발산사거리->오쇠삼거리,10134.0,37.54318,126.8123,9시,626.0
0,20180421.0,토,오정로(부천시계),B-26,유출,외발산사거리->오쇠삼거리,10134.0,37.54318,126.8123,10시,677.0
0,20180421.0,토,오정로(부천시계),B-26,유출,외발산사거리->오쇠삼거리,10134.0,37.54318,126.8123,11시,687.0
0,20180421.0,토,오정로(부천시계),B-26,유출,외발산사거리->오쇠삼거리,10134.0,37.54318,126.8123,12시,671.0
0,20180421.0,토,오정로(부천시계),B-26,유출,외발산사거리->오쇠삼거리,10134.0,37.54318,126.8123,13시,769.0
0,20180421.0,토,오정로(부천시계),B-26,유출,외발산사거리->오쇠삼거리,10134.0,37.54318,126.8123,14시,859.0
0,20180421.0,토,오정로(부천시계),B-26,유출,외발산사거리->오쇠삼거리,10134.0,37.54318,126.8123,15시,885.0
0,20180421.0,토,오정로(부천시계),B-26,유출,외발산사거리->오쇠삼거리,10134.0,37.54318,126.8123,16시,995.0
0,20180421.0,토,오정로(부천시계),B-26,유출,외발산사거리->오쇠삼거리,10134.0,37.54318,126.8123,17시,1077.0
0,20180421.0,토,오정로(부천시계),B-26,유출,외발산사거리->오쇠삼거리,10134.0,37.54318,126.8123,18시,967.0
0,20180421.0,토,오정로(부천시계),B-26,유출,외발산사거리->오쇠삼거리,10134.0,37.54318,126.8123,19시,722.0
0,20180421.0,토,오정로(부천시계),B-26,유출,외발산사거리->오쇠삼거리,10134.0,37.54318,126.8123,20시,584.0
0,20180422.0,일,오정로(부천시계),B-26,유출,외발산사거리->오쇠삼거리,7701.0,37.54318,126.8123,8시,383.0
0,20180422.0,일,오정로(부천시계),B-26,유출,외발산사거리->오쇠삼거리,7701.0,37.54318,126.8123,9시,432.0
0,20180422.0,일,오정로(부천시계),B-26,유출,외발산사거리->오쇠삼거리,7701.0,37.54318,126.8123,10시,489.0
0,20180422.0,일,오정로(부천시계),B-26,유출,외발산사거리->오쇠삼거리,7701.0,37.54318,126.8123,11시,518.0
0,20180422.0,일,오정로(부천시계),B-26,유출,외발산사거리->오쇠삼거리,7701.0,37.54318,126.8123,12시,557.0
0,20180422.0,일,오정로(부천시계),B-26,유출,외발산사거리->오쇠삼거리,7701.0,37.54318,126.8123,13시,627.0
0,20180422.0,일,오정로(부천시계),B-26,유출,외발산사거리->오쇠삼거리,7701.0,37.54318,126.8123,14시,650.0
0,20180422.0,일,오정로(부천시계),B-26,유출,외발산사거리->오쇠삼거리,7701.0,37.54318,126.8123,15시,741.0
0,20180422.0,일,오정로(부천시계),B-26,유출,외발산사거리->오쇠삼거리,7701.0,37.54318,126.8123,16시,863.0
0,20180422.0,일,오정로(부천시계),B-26,유출,외발산사거리->오쇠삼거리,7701.0,37.54318,126.8123,17시,745.0
0,20180422.0,일,오정로(부천시계),B-26,유출,외발산사거리->오쇠삼거리,7701.0,37.54318,126.8123,18시,691.0
0,20180422.0,일,오정로(부천시계),B-26,유출,외발산사거리->오쇠삼거리,7701.0,37.54318,126.8123,19시,510.0
0,20180422.0,일,오정로(부천시계),B-26,유출,외발산사거리->오쇠삼거리,7701.0,37.54318,126.8123,20시,495.0
0,20180423.0,월,오정로(부천시계),B-26,유출,외발산사거리->오쇠삼거리,9756.0,37.54318,126.8123,8시,913.0
0,20180423.0,월,오정로(부천시계),B-26,유출,외발산사거리->오쇠삼거리,9756.0,37.54318,126.8123,9시,590.0
0,20180423.0,월,오정로(부천시계),B-26,유출,외발산사거리->오쇠삼거리,9756.0,37.54318,126.8123,10시,609.0
0,20180423.0,월,오정로(부천시계),B-26,유출,외발산사거리->오쇠삼거리,9756.0,37.54318,126.8123,11시,656.0
0,20180423.0,월,오정로(부천시계),B-26,유출,외발산사거리->오쇠삼거리,9756.0,37.54318,126.8123,12시,624.0
0,20180423.0,월,오정로(부천시계),B-26,유출,외발산사거리->오쇠삼거리,9756.0,37.54318,126.8123,13시,653.0
0,20180423.0,월,오정로(부천시계),B-26,유출,외발산사거리->오쇠삼거리,9756.0,37.54318,126.8123,14시,566.0
0,20180423.0,월,오정로(부천시계),B-26,유출,외발산사거리->오쇠삼거리,9756.0,37.54318,126.8123,15시,744.0
0,20180423.0,월,오정로(부천시계),B-26,유출,외발산사거리->오쇠삼거리,9756.0,37.54318,126.8123,16시,795.0
0,20180423.0,월,오정로(부천시계),B-26,유출,외발산사거리->오쇠삼거리,9756.0,37.54318,126.8123,17시,991.0
0,20180423.0,월,오정로(부천시계),B-26,유출,외발산사거리->오쇠삼거리,9756.0,37.54318,126.8123,18시,1167.0
0,20180423.0,월,오정로(부천시계),B-26,유출,외발산사거리->오쇠삼거리,9756.0,37.54318,126.8123,19시,865.0
0,20180423.0,월,오정로(부천시계),B-26,유출,외발산사거리->오쇠삼거리,9756.0,37.54318,126.8123,20시,583.0
0,20180424.0,화,오정로(부천시계),B-26,유출,외발산사거리->오쇠삼거리,10724.0,37.54318,126.8123,8시,963.0
0,20180424.0,화,오정로(부천시계),B-26,유출,외발산사거리->오쇠삼거리,10724.0,37.54318,126.8123,9시,681.0
0,20180424.0,화,오정로(부천시계),B-26,유출,외발산사거리->오쇠삼거리,10724.0,37.54318,126.8123,10시,656.0
0,20180424.0,화,오정로(부천시계),B-26,유출,외발산사거리->오쇠삼거리,10724.0,37.54318,126.8123,11시,656.0
0,20180424.0,화,오정로(부천시계),B-26,유출,외발산사거리->오쇠삼거리,10724.0,37.54318,126.8123,12시,601.0
0,20180424.0,화,오정로(부천시계),B-26,유출,외발산사거리->오쇠삼거리,10724.0,37.54318,126.8123,13시,699.0
0,20180424.0,화,오정로(부천시계),B-26,유출,외발산사거리->오쇠삼거리,10724.0,37.54318,126.8123,14시,674.0
0,20180424.0,화,오정로(부천시계),B-26,유출,외발산사거리->오쇠삼거리,10724.0,37.54318,126.8123,15시,809.0
0,20180424.0,화,오정로(부천시계),B-26,유출,외발산사거리->오쇠삼거리,10724.0,37.54318,126.8123,16시,918.0
0,20180424.0,화,오정로(부천시계),B-26,유출,외발산사거리->오쇠삼거리,10724.0,37.54318,126.8123,17시,1237.0
0,20180424.0,화,오정로(부천시계),B-26,유출,외발산사거리->오쇠삼거리,10724.0,37.54318,126.8123,18시,1234.0
0,20180424.0,화,오정로(부천시계),B-26,유출,외발산사거리->오쇠삼거리,10724.0,37.54318,126.8123,19시,956.0
0,20180424.0,화,오정로(부천시계),B-26,유출,외발산사거리->오쇠삼거리,10724.0,37.54318,126.8123,20시,640.0
0,20180425.0,수,오정로(부천시계),B-26,유출,외발산사거리->오쇠삼거리,11095.0,37.54318,126.8123,8시,933.0
0,20180425.0,수,오정로(부천시계),B-26,유출,외발산사거리->오쇠삼거리,11095.0,37.54318,126.8123,9시,726.0
0,20180425.0,수,오정로(부천시계),B-26,유출,외발산사거리->오쇠삼거리,11095.0,37.54318,126.8123,10시,706.0
0,20180425.0,수,오정로(부천시계),B-26,유출,외발산사거리->오쇠삼거리,11095.0,37.54318,126.8123,11시,669.0
0,20180425.0,수,오정로(부천시계),B-26,유출,외발산사거리->오쇠삼거리,11095.0,37.54318,126.8123,12시,643.0
0,20180425.0,수,오정로(부천시계),B-26,유출,외발산사거리->오쇠삼거리,11095.0,37.54318,126.8123,13시,686.0
0,20180425.0,수,오정로(부천시계),B-26,유출,외발산사거리->오쇠삼거리,11095.0,37.54318,126.8123,14시,731.0
0,20180425.0,수,오정로(부천시계),B-26,유출,외발산사거리->오쇠삼거리,11095.0,37.54318,126.8123,15시,743.0
0,20180425.0,수,오정로(부천시계),B-26,유출,외발산사거리->오쇠삼거리,11095.0,37.54318,126.8123,16시,951.0
0,20180425.0,수,오정로(부천시계),B-26,유출,외발산사거리->오쇠삼거리,11095.0,37.54318,126.8123,17시,1261.0
0,20180425.0,수,오정로(부천시계),B-26,유출,외발산사거리->오쇠삼거리,11095.0,37.54318,126.8123,18시,1322.0
0,20180425.0,수,오정로(부천시계),B-26,유출,외발산사거리->오쇠삼거리,11095.0,37.54318,126.8123,19시,1048.0
0,20180425.0,수,오정로(부천시계),B-26,유출,외발산사거리->오쇠삼거리,11095.0,37.54318,126.8123,20시,676.0
0,20180426.0,목,오정로(부천시계),B-26,유출,외발산사거리->오쇠삼거리,11049.0,37.54318,126.8123,8시,963.0
0,20180426.0,목,오정로(부천시계),B-26,유출,외발산사거리->오쇠삼거리,11049.0,37.54318,126.8123,9시,702.0
0,20180426.0,목,오정로(부천시계),B-26,유출,외발산사거리->오쇠삼거리,11049.0,37.54318,126.8123,10시,689.0
0,20180426.0,목,오정로(부천시계),B-26,유출,외발산사거리->오쇠삼거리,11049.0,37.54318,126.8123,11시,692.0
0,20180426.0,목,오정로(부천시계),B-26,유출,외발산사거리->오쇠삼거리,11049.0,37.54318,126.8123,12시,640.0
0,20180426.0,목,오정로(부천시계),B-26,유출,외발산사거리->오쇠삼거리,11049.0,37.54318,126.8123,13시,667.0
0,20180426.0,목,오정로(부천시계),B-26,유출,외발산사거리->오쇠삼거리,11049.0,37.54318,126.8123,14시,785.0
0,20180426.0,목,오정로(부천시계),B-26,유출,외발산사거리->오쇠삼거리,11049.0,37.54318,126.8123,15시,761.0
0,20180426.0,목,오정로(부천시계),B-26,유출,외발산사거리->오쇠삼거리,11049.0,37.54318,126.8123,16시,961.0
0,20180426.0,목,오정로(부천시계),B-26,유출,외발산사거리->오쇠삼거리,11049.0,37.54318,126.8123,17시,1260.0
0,20180426.0,목,오정로(부천시계),B-26,유출,외발산사거리->오쇠삼거리,11049.0,37.54318,126.8123,18시,1289.0
0,20180426.0,목,오정로(부천시계),B-26,유출,외발산사거리->오쇠삼거리,11049.0,37.54318,126.8123,19시,981.0
0,20180426.0,목,오정로(부천시계),B-26,유출,외발산사거리->오쇠삼거리,11049.0,37.54318,126.8123,20시,659.0
0,20180427.0,금,오정로(부천시계),B-26,유출,외발산사거리->오쇠삼거리,11558.0,37.54318,126.8123,8시,955.0
0,20180427.0,금,오정로(부천시계),B-26,유출,외발산사거리->오쇠삼거리,11558.0,37.54318,126.8123,9시,702.0
0,20180427.0,금,오정로(부천시계),B-26,유출,외발산사거리->오쇠삼거리,11558.0,37.54318,126.8123,10시,742.0
0,20180427.0,금,오정로(부천시계),B-26,유출,외발산사거리->오쇠삼거리,11558.0,37.54318,126.8123,11시,714.0
0,20180427.0,금,오정로(부천시계),B-26,유출,외발산사거리->오쇠삼거리,11558.0,37.54318,126.8123,12시,684.0
0,20180427.0,금,오정로(부천시계),B-26,유출,외발산사거리->오쇠삼거리,11558.0,37.54318,126.8123,13시,703.0
0,20180427.0,금,오정로(부천시계),B-26,유출,외발산사거리->오쇠삼거리,11558.0,37.54318,126.8123,14시,809.0
0,20180427.0,금,오정로(부천시계),B-26,유출,외발산사거리->오쇠삼거리,11558.0,37.54318,126.8123,15시,895.0
0,20180427.0,금,오정로(부천시계),B-26,유출,외발산사거리->오쇠삼거리,11558.0,37.54318,126.8123,16시,1025.0
0,20180427.0,금,오정로(부천시계),B-26,유출,외발산사거리->오쇠삼거리,11558.0,37.54318,126.8123,17시,1226.0
0,20180427.0,금,오정로(부천시계),B-26,유출,외발산사거리->오쇠삼거리,11558.0,37.54318,126.8123,18시,1257.0
0,20180427.0,금,오정로(부천시계),B-26,유출,외발산사거리->오쇠삼거리,11558.0,37.54318,126.8123,19시,1103.0
0,20180427.0,금,오정로(부천시계),B-26,유출,외발산사거리->오쇠삼거리,11558.0,37.54318,126.8123,20시,743.0
0,20180429.0,일,오정로(부천시계),B-26,유출,외발산사거리->오쇠삼거리,8089.0,37.54318,126.8123,8시,372.0
0,20180429.0,일,오정로(부천시계),B-26,유출,외발산사거리->오쇠삼거리,8089.0,37.54318,126.8123,9시,444.0
0,20180429.0,일,오정로(부천시계),B-26,유출,외발산사거리->오쇠삼거리,8089.0,37.54318,126.8123,10시,489.0
0,20180429.0,일,오정로(부천시계),B-26,유출,외발산사거리->오쇠삼거리,8089.0,37.54318,126.8123,11시,548.0
0,20180429.0,일,오정로(부천시계),B-26,유출,외발산사거리->오쇠삼거리,8089.0,37.54318,126.8123,12시,563.0
0,20180429.0,일,오정로(부천시계),B-26,유출,외발산사거리->오쇠삼거리,8089.0,37.54318,126.8123,13시,640.0
0,20180429.0,일,오정로(부천시계),B-26,유출,외발산사거리->오쇠삼거리,8089.0,37.54318,126.8123,14시,682.0
0,20180429.0,일,오정로(부천시계),B-26,유출,외발산사거리->오쇠삼거리,8089.0,37.54318,126.8123,15시,776.0
0,20180429.0,일,오정로(부천시계),B-26,유출,외발산사거리->오쇠삼거리,8089.0,37.54318,126.8123,16시,829.0
0,20180429.0,일,오정로(부천시계),B-26,유출,외발산사거리->오쇠삼거리,8089.0,37.54318,126.8123,17시,871.0
0,20180429.0,일,오정로(부천시계),B-26,유출,외발산사거리->오쇠삼거리,8089.0,37.54318,126.8123,18시,718.0
0,20180429.0,일,오정로(부천시계),B-26,유출,외발산사거리->오쇠삼거리,8089.0,37.54318,126.8123,19시,587.0
0,20180429.0,일,오정로(부천시계),B-26,유출,외발산사거리->오쇠삼거리,8089.0,37.54318,126.8123,20시,570.0
0,20180430.0,월,오정로(부천시계),B-26,유출,외발산사거리->오쇠삼거리,11034.0,37.54318,126.8123,8시,981.0
0,20180430.0,월,오정로(부천시계),B-26,유출,외발산사거리->오쇠삼거리,11034.0,37.54318,126.8123,9시,704.0
0,20180430.0,월,오정로(부천시계),B-26,유출,외발산사거리->오쇠삼거리,11034.0,37.54318,126.8123,10시,636.0
0,20180430.0,월,오정로(부천시계),B-26,유출,외발산사거리->오쇠삼거리,11034.0,37.54318,126.8123,11시,702.0
0,20180430.0,월,오정로(부천시계),B-26,유출,외발산사거리->오쇠삼거리,11034.0,37.54318,126.8123,12시,618.0
0,20180430.0,월,오정로(부천시계),B-26,유출,외발산사거리->오쇠삼거리,11034.0,37.54318,126.8123,13시,703.0
0,20180430.0,월,오정로(부천시계),B-26,유출,외발산사거리->오쇠삼거리,11034.0,37.54318,126.8123,14시,745.0
0,20180430.0,월,오정로(부천시계),B-26,유출,외발산사거리->오쇠삼거리,11034.0,37.54318,126.8123,15시,814.0
0,20180430.0,월,오정로(부천시계),B-26,유출,외발산사거리->오쇠삼거리,11034.0,37.54318,126.8123,16시,993.0
0,20180430.0,월,오정로(부천시계),B-26,유출,외발산사거리->오쇠삼거리,11034.0,37.54318,126.8123,17시,1193.0
0,20180430.0,월,오정로(부천시계),B-26,유출,외발산사거리->오쇠삼거리,11034.0,37.54318,126.8123,18시,1239.0
0,20180430.0,월,오정로(부천시계),B-26,유출,외발산사거리->오쇠삼거리,11034.0,37.54318,126.8123,19시,1061.0
0,20180430.0,월,오정로(부천시계),B-26,유출,외발산사거리->오쇠삼거리,11034.0,37.54318,126.8123,20시,645.0
0,20180501.0,화,오정로(부천시계),B-26,유입,오쇠삼거리->외발산사거리,6897.0,37.54318,126.8123,8시,540.0
0,20180501.0,화,오정로(부천시계),B-26,유입,오쇠삼거리->외발산사거리,6897.0,37.54318,126.8123,9시,663.0
0,20180501.0,화,오정로(부천시계),B-26,유입,오쇠삼거리->외발산사거리,6897.0,37.54318,126.8123,10시,606.0
0,20180501.0,화,오정로(부천시계),B-26,유입,오쇠삼거리->외발산사거리,6897.0,37.54318,126.8123,11시,691.0
0,20180501.0,화,오정로(부천시계),B-26,유입,오쇠삼거리->외발산사거리,6897.0,37.54318,126.8123,12시,606.0
0,20180501.0,화,오정로(부천시계),B-26,유입,오쇠삼거리->외발산사거리,6897.0,37.54318,126.8123,13시,557.0
0,20180501.0,화,오정로(부천시계),B-26,유입,오쇠삼거리->외발산사거리,6897.0,37.54318,126.8123,14시,556.0
0,20180501.0,화,오정로(부천시계),B-26,유입,오쇠삼거리->외발산사거리,6897.0,37.54318,126.8123,15시,505.0
0,20180501.0,화,오정로(부천시계),B-26,유입,오쇠삼거리->외발산사거리,6897.0,37.54318,126.8123,16시,512.0
0,20180501.0,화,오정로(부천시계),B-26,유입,오쇠삼거리->외발산사거리,6897.0,37.54318,126.8123,17시,493.0
0,20180501.0,화,오정로(부천시계),B-26,유입,오쇠삼거리->외발산사거리,6897.0,37.54318,126.8123,18시,452.0
0,20180501.0,화,오정로(부천시계),B-26,유입,오쇠삼거리->외발산사거리,6897.0,37.54318,126.8123,19시,409.0
0,20180501.0,화,오정로(부천시계),B-26,유입,오쇠삼거리->외발산사거리,6897.0,37.54318,126.8123,20시,307.0
0,20180502.0,수,오정로(부천시계),B-26,유입,오쇠삼거리->외발산사거리,7368.0,37.54318,126.8123,8시,731.0
0,20180502.0,수,오정로(부천시계),B-26,유입,오쇠삼거리->외발산사거리,7368.0,37.54318,126.8123,9시,727.0
0,20180502.0,수,오정로(부천시계),B-26,유입,오쇠삼거리->외발산사거리,7368.0,37.54318,126.8123,10시,589.0
0,20180502.0,수,오정로(부천시계),B-26,유입,오쇠삼거리->외발산사거리,7368.0,37.54318,126.8123,11시,599.0
0,20180502.0,수,오정로(부천시계),B-26,유입,오쇠삼거리->외발산사거리,7368.0,37.54318,126.8123,12시,529.0
0,20180502.0,수,오정로(부천시계),B-26,유입,오쇠삼거리->외발산사거리,7368.0,37.54318,126.8123,13시,535.0
0,20180502.0,수,오정로(부천시계),B-26,유입,오쇠삼거리->외발산사거리,7368.0,37.54318,126.8123,14시,523.0
0,20180502.0,수,오정로(부천시계),B-26,유입,오쇠삼거리->외발산사거리,7368.0,37.54318,126.8123,15시,493.0
0,20180502.0,수,오정로(부천시계),B-26,유입,오쇠삼거리->외발산사거리,7368.0,37.54318,126.8123,16시,548.0
0,20180502.0,수,오정로(부천시계),B-26,유입,오쇠삼거리->외발산사거리,7368.0,37.54318,126.8123,17시,671.0
0,20180502.0,수,오정로(부천시계),B-26,유입,오쇠삼거리->외발산사거리,7368.0,37.54318,126.8123,18시,577.0
0,20180502.0,수,오정로(부천시계),B-26,유입,오쇠삼거리->외발산사거리,7368.0,37.54318,126.8123,19시,455.0
0,20180502.0,수,오정로(부천시계),B-26,유입,오쇠삼거리->외발산사거리,7368.0,37.54318,126.8123,20시,391.0
0,20180503.0,목,오정로(부천시계),B-26,유입,오쇠삼거리->외발산사거리,7736.0,37.54318,126.8123,8시,826.0
0,20180503.0,목,오정로(부천시계),B-26,유입,오쇠삼거리->외발산사거리,7736.0,37.54318,126.8123,9시,718.0
0,20180503.0,목,오정로(부천시계),B-26,유입,오쇠삼거리->외발산사거리,7736.0,37.54318,126.8123,10시,570.0
0,20180503.0,목,오정로(부천시계),B-26,유입,오쇠삼거리->외발산사거리,7736.0,37.54318,126.8123,11시,622.0
0,20180503.0,목,오정로(부천시계),B-26,유입,오쇠삼거리->외발산사거리,7736.0,37.54318,126.8123,12시,548.0
0,20180503.0,목,오정로(부천시계),B-26,유입,오쇠삼거리->외발산사거리,7736.0,37.54318,126.8123,13시,592.0
0,20180503.0,목,오정로(부천시계),B-26,유입,오쇠삼거리->외발산사거리,7736.0,37.54318,126.8123,14시,589.0
0,20180503.0,목,오정로(부천시계),B-26,유입,오쇠삼거리->외발산사거리,7736.0,37.54318,126.8123,15시,526.0
0,20180503.0,목,오정로(부천시계),B-26,유입,오쇠삼거리->외발산사거리,7736.0,37.54318,126.8123,16시,597.0
0,20180503.0,목,오정로(부천시계),B-26,유입,오쇠삼거리->외발산사거리,7736.0,37.54318,126.8123,17시,691.0
0,20180503.0,목,오정로(부천시계),B-26,유입,오쇠삼거리->외발산사거리,7736.0,37.54318,126.8123,18시,570.0
0,20180503.0,목,오정로(부천시계),B-26,유입,오쇠삼거리->외발산사거리,7736.0,37.54318,126.8123,19시,504.0
0,20180503.0,목,오정로(부천시계),B-26,유입,오쇠삼거리->외발산사거리,7736.0,37.54318,126.8123,20시,383.0
0,20180504.0,금,오정로(부천시계),B-26,유입,오쇠삼거리->외발산사거리,8086.0,37.54318,126.8123,8시,822.0
0,20180504.0,금,오정로(부천시계),B-26,유입,오쇠삼거리->외발산사거리,8086.0,37.54318,126.8123,9시,672.0
0,20180504.0,금,오정로(부천시계),B-26,유입,오쇠삼거리->외발산사거리,8086.0,37.54318,126.8123,10시,617.0
0,20180504.0,금,오정로(부천시계),B-26,유입,오쇠삼거리->외발산사거리,8086.0,37.54318,126.8123,11시,637.0
0,20180504.0,금,오정로(부천시계),B-26,유입,오쇠삼거리->외발산사거리,8086.0,37.54318,126.8123,12시,589.0
0,20180504.0,금,오정로(부천시계),B-26,유입,오쇠삼거리->외발산사거리,8086.0,37.54318,126.8123,13시,582.0
0,20180504.0,금,오정로(부천시계),B-26,유입,오쇠삼거리->외발산사거리,8086.0,37.54318,126.8123,14시,575.0
0,20180504.0,금,오정로(부천시계),B-26,유입,오쇠삼거리->외발산사거리,8086.0,37.54318,126.8123,15시,581.0
0,20180504.0,금,오정로(부천시계),B-26,유입,오쇠삼거리->외발산사거리,8086.0,37.54318,126.8123,16시,651.0
0,20180504.0,금,오정로(부천시계),B-26,유입,오쇠삼거리->외발산사거리,8086.0,37.54318,126.8123,17시,750.0
0,20180504.0,금,오정로(부천시계),B-26,유입,오쇠삼거리->외발산사거리,8086.0,37.54318,126.8123,18시,606.0
0,20180504.0,금,오정로(부천시계),B-26,유입,오쇠삼거리->외발산사거리,8086.0,37.54318,126.8123,19시,525.0
0,20180504.0,금,오정로(부천시계),B-26,유입,오쇠삼거리->외발산사거리,8086.0,37.54318,126.8123,20시,479.0
0,20180505.0,토,오정로(부천시계),B-26,유입,오쇠삼거리->외발산사거리,7563.0,37.54318,126.8123,8시,494.0
0,20180505.0,토,오정로(부천시계),B-26,유입,오쇠삼거리->외발산사거리,7563.0,37.54318,126.8123,9시,556.0
0,20180505.0,토,오정로(부천시계),B-26,유입,오쇠삼거리->외발산사거리,7563.0,37.54318,126.8123,10시,753.0
0,20180505.0,토,오정로(부천시계),B-26,유입,오쇠삼거리->외발산사거리,7563.0,37.54318,126.8123,11시,766.0
0,20180505.0,토,오정로(부천시계),B-26,유입,오쇠삼거리->외발산사거리,7563.0,37.54318,126.8123,12시,672.0
0,20180505.0,토,오정로(부천시계),B-26,유입,오쇠삼거리->외발산사거리,7563.0,37.54318,126.8123,13시,736.0
0,20180505.0,토,오정로(부천시계),B-26,유입,오쇠삼거리->외발산사거리,7563.0,37.54318,126.8123,14시,609.0
0,20180505.0,토,오정로(부천시계),B-26,유입,오쇠삼거리->외발산사거리,7563.0,37.54318,126.8123,15시,623.0
0,20180505.0,토,오정로(부천시계),B-26,유입,오쇠삼거리->외발산사거리,7563.0,37.54318,126.8123,16시,564.0
0,20180505.0,토,오정로(부천시계),B-26,유입,오쇠삼거리->외발산사거리,7563.0,37.54318,126.8123,17시,569.0
0,20180505.0,토,오정로(부천시계),B-26,유입,오쇠삼거리->외발산사거리,7563.0,37.54318,126.8123,18시,520.0
0,20180505.0,토,오정로(부천시계),B-26,유입,오쇠삼거리->외발산사거리,7563.0,37.54318,126.8123,19시,386.0
0,20180505.0,토,오정로(부천시계),B-26,유입,오쇠삼거리->외발산사거리,7563.0,37.54318,126.8123,20시,315.0
0,20180506.0,일,오정로(부천시계),B-26,유입,오쇠삼거리->외발산사거리,5926.0,37.54318,126.8123,8시,310.0
0,20180506.0,일,오정로(부천시계),B-26,유입,오쇠삼거리->외발산사거리,5926.0,37.54318,126.8123,9시,341.0
0,20180506.0,일,오정로(부천시계),B-26,유입,오쇠삼거리->외발산사거리,5926.0,37.54318,126.8123,10시,477.0
0,20180506.0,일,오정로(부천시계),B-26,유입,오쇠삼거리->외발산사거리,5926.0,37.54318,126.8123,11시,483.0
0,20180506.0,일,오정로(부천시계),B-26,유입,오쇠삼거리->외발산사거리,5926.0,37.54318,126.8123,12시,540.0
0,20180506.0,일,오정로(부천시계),B-26,유입,오쇠삼거리->외발산사거리,5926.0,37.54318,126.8123,13시,540.0
0,20180506.0,일,오정로(부천시계),B-26,유입,오쇠삼거리->외발산사거리,5926.0,37.54318,126.8123,14시,523.0
0,20180506.0,일,오정로(부천시계),B-26,유입,오쇠삼거리->외발산사거리,5926.0,37.54318,126.8123,15시,523.0
0,20180506.0,일,오정로(부천시계),B-26,유입,오쇠삼거리->외발산사거리,5926.0,37.54318,126.8123,16시,568.0
0,20180506.0,일,오정로(부천시계),B-26,유입,오쇠삼거리->외발산사거리,5926.0,37.54318,126.8123,17시,517.0
0,20180506.0,일,오정로(부천시계),B-26,유입,오쇠삼거리->외발산사거리,5926.0,37.54318,126.8123,18시,455.0
0,20180506.0,일,오정로(부천시계),B-26,유입,오쇠삼거리->외발산사거리,5926.0,37.54318,126.8123,19시,360.0
0,20180506.0,일,오정로(부천시계),B-26,유입,오쇠삼거리->외발산사거리,5926.0,37.54318,126.8123,20시,289.0
0,20180507.0,월,오정로(부천시계),B-26,유입,오쇠삼거리->외발산사거리,7146.0,37.54318,126.8123,8시,435.0
0,20180507.0,월,오정로(부천시계),B-26,유입,오쇠삼거리->외발산사거리,7146.0,37.54318,126.8123,9시,552.0
0,20180507.0,월,오정로(부천시계),B-26,유입,오쇠삼거리->외발산사거리,7146.0,37.54318,126.8123,10시,531.0
0,20180507.0,월,오정로(부천시계),B-26,유입,오쇠삼거리->외발산사거리,7146.0,37.54318,126.8123,11시,646.0
0,20180507.0,월,오정로(부천시계),B-26,유입,오쇠삼거리->외발산사거리,7146.0,37.54318,126.8123,12시,626.0
0,20180507.0,월,오정로(부천시계),B-26,유입,오쇠삼거리->외발산사거리,7146.0,37.54318,126.8123,13시,675.0
0,20180507.0,월,오정로(부천시계),B-26,유입,오쇠삼거리->외발산사거리,7146.0,37.54318,126.8123,14시,631.0
0,20180507.0,월,오정로(부천시계),B-26,유입,오쇠삼거리->외발산사거리,7146.0,37.54318,126.8123,15시,533.0
0,20180507.0,월,오정로(부천시계),B-26,유입,오쇠삼거리->외발산사거리,7146.0,37.54318,126.8123,16시,557.0
0,20180507.0,월,오정로(부천시계),B-26,유입,오쇠삼거리->외발산사거리,7146.0,37.54318,126.8123,17시,595.0
0,20180507.0,월,오정로(부천시계),B-26,유입,오쇠삼거리->외발산사거리,7146.0,37.54318,126.8123,18시,536.0
0,20180507.0,월,오정로(부천시계),B-26,유입,오쇠삼거리->외발산사거리,7146.0,37.54318,126.8123,19시,470.0
0,20180507.0,월,오정로(부천시계),B-26,유입,오쇠삼거리->외발산사거리,7146.0,37.54318,126.8123,20시,359.0
0,20180508.0,화,오정로(부천시계),B-26,유입,오쇠삼거리->외발산사거리,8105.0,37.54318,126.8123,8시,825.0
0,20180508.0,화,오정로(부천시계),B-26,유입,오쇠삼거리->외발산사거리,8105.0,37.54318,126.8123,9시,744.0
0,20180508.0,화,오정로(부천시계),B-26,유입,오쇠삼거리->외발산사거리,8105.0,37.54318,126.8123,10시,633.0
0,20180508.0,화,오정로(부천시계),B-26,유입,오쇠삼거리->외발산사거리,8105.0,37.54318,126.8123,11시,672.0
0,20180508.0,화,오정로(부천시계),B-26,유입,오쇠삼거리->외발산사거리,8105.0,37.54318,126.8123,12시,612.0
0,20180508.0,화,오정로(부천시계),B-26,유입,오쇠삼거리->외발산사거리,8105.0,37.54318,126.8123,13시,619.0
0,20180508.0,화,오정로(부천시계),B-26,유입,오쇠삼거리->외발산사거리,8105.0,37.54318,126.8123,14시,567.0
0,20180508.0,화,오정로(부천시계),B-26,유입,오쇠삼거리->외발산사거리,8105.0,37.54318,126.8123,15시,562.0
0,20180508.0,화,오정로(부천시계),B-26,유입,오쇠삼거리->외발산사거리,8105.0,37.54318,126.8123,16시,583.0
0,20180508.0,화,오정로(부천시계),B-26,유입,오쇠삼거리->외발산사거리,8105.0,37.54318,126.8123,17시,741.0
0,20180508.0,화,오정로(부천시계),B-26,유입,오쇠삼거리->외발산사거리,8105.0,37.54318,126.8123,18시,599.0
0,20180508.0,화,오정로(부천시계),B-26,유입,오쇠삼거리->외발산사거리,8105.0,37.54318,126.8123,19시,513.0
0,20180508.0,화,오정로(부천시계),B-26,유입,오쇠삼거리->외발산사거리,8105.0,37.54318,126.8123,20시,435.0
0,20180509.0,수,오정로(부천시계),B-26,유입,오쇠삼거리->외발산사거리,7923.0,37.54318,126.8123,8시,830.0
0,20180509.0,수,오정로(부천시계),B-26,유입,오쇠삼거리->외발산사거리,7923.0,37.54318,126.8123,9시,708.0
0,20180509.0,수,오정로(부천시계),B-26,유입,오쇠삼거리->외발산사거리,7923.0,37.54318,126.8123,10시,626.0
0,20180509.0,수,오정로(부천시계),B-26,유입,오쇠삼거리->외발산사거리,7923.0,37.54318,126.8123,11시,648.0
0,20180509.0,수,오정로(부천시계),B-26,유입,오쇠삼거리->외발산사거리,7923.0,37.54318,126.8123,12시,595.0
0,20180509.0,수,오정로(부천시계),B-26,유입,오쇠삼거리->외발산사거리,7923.0,37.54318,126.8123,13시,596.0
0,20180509.0,수,오정로(부천시계),B-26,유입,오쇠삼거리->외발산사거리,7923.0,37.54318,126.8123,14시,559.0
0,20180509.0,수,오정로(부천시계),B-26,유입,오쇠삼거리->외발산사거리,7923.0,37.54318,126.8123,15시,565.0
0,20180509.0,수,오정로(부천시계),B-26,유입,오쇠삼거리->외발산사거리,7923.0,37.54318,126.8123,16시,611.0
0,20180509.0,수,오정로(부천시계),B-26,유입,오쇠삼거리->외발산사거리,7923.0,37.54318,126.8123,17시,713.0
0,20180509.0,수,오정로(부천시계),B-26,유입,오쇠삼거리->외발산사거리,7923.0,37.54318,126.8123,18시,603.0
0,20180509.0,수,오정로(부천시계),B-26,유입,오쇠삼거리->외발산사거리,7923.0,37.54318,126.8123,19시,483.0
0,20180509.0,수,오정로(부천시계),B-26,유입,오쇠삼거리->외발산사거리,7923.0,37.54318,126.8123,20시,386.0
0,20180510.0,목,오정로(부천시계),B-26,유입,오쇠삼거리->외발산사거리,7933.0,37.54318,126.8123,8시,832.0
0,20180510.0,목,오정로(부천시계),B-26,유입,오쇠삼거리->외발산사거리,7933.0,37.54318,126.8123,9시,713.0
0,20180510.0,목,오정로(부천시계),B-26,유입,오쇠삼거리->외발산사거리,7933.0,37.54318,126.8123,10시,630.0
0,20180510.0,목,오정로(부천시계),B-26,유입,오쇠삼거리->외발산사거리,7933.0,37.54318,126.8123,11시,578.0
0,20180510.0,목,오정로(부천시계),B-26,유입,오쇠삼거리->외발산사거리,7933.0,37.54318,126.8123,12시,616.0
0,20180510.0,목,오정로(부천시계),B-26,유입,오쇠삼거리->외발산사거리,7933.0,37.54318,126.8123,13시,574.0
0,20180510.0,목,오정로(부천시계),B-26,유입,오쇠삼거리->외발산사거리,7933.0,37.54318,126.8123,14시,620.0
0,20180510.0,목,오정로(부천시계),B-26,유입,오쇠삼거리->외발산사거리,7933.0,37.54318,126.8123,15시,574.0
0,20180510.0,목,오정로(부천시계),B-26,유입,오쇠삼거리->외발산사거리,7933.0,37.54318,126.8123,16시,585.0
0,20180510.0,목,오정로(부천시계),B-26,유입,오쇠삼거리->외발산사거리,7933.0,37.54318,126.8123,17시,725.0
0,20180510.0,목,오정로(부천시계),B-26,유입,오쇠삼거리->외발산사거리,7933.0,37.54318,126.8123,18시,572.0
0,20180510.0,목,오정로(부천시계),B-26,유입,오쇠삼거리->외발산사거리,7933.0,37.54318,126.8123,19시,512.0
0,20180510.0,목,오정로(부천시계),B-26,유입,오쇠삼거리->외발산사거리,7933.0,37.54318,126.8123,20시,402.0
0,20180511.0,금,오정로(부천시계),B-26,유입,오쇠삼거리->외발산사거리,8047.0,37.54318,126.8123,8시,817.0
0,20180511.0,금,오정로(부천시계),B-26,유입,오쇠삼거리->외발산사거리,8047.0,37.54318,126.8123,9시,718.0
0,20180511.0,금,오정로(부천시계),B-26,유입,오쇠삼거리->외발산사거리,8047.0,37.54318,126.8123,10시,608.0
0,20180511.0,금,오정로(부천시계),B-26,유입,오쇠삼거리->외발산사거리,8047.0,37.54318,126.8123,11시,671.0
0,20180511.0,금,오정로(부천시계),B-26,유입,오쇠삼거리->외발산사거리,8047.0,37.54318,126.8123,12시,606.0
0,20180511.0,금,오정로(부천시계),B-26,유입,오쇠삼거리->외발산사거리,8047.0,37.54318,126.8123,13시,608.0
0,20180511.0,금,오정로(부천시계),B-26,유입,오쇠삼거리->외발산사거리,8047.0,37.54318,126.8123,14시,571.0
0,20180511.0,금,오정로(부천시계),B-26,유입,오쇠삼거리->외발산사거리,8047.0,37.54318,126.8123,15시,602.0
0,20180511.0,금,오정로(부천시계),B-26,유입,오쇠삼거리->외발산사거리,8047.0,37.54318,126.8123,16시,637.0
0,20180511.0,금,오정로(부천시계),B-26,유입,오쇠삼거리->외발산사거리,8047.0,37.54318,126.8123,17시,748.0
0,20180511.0,금,오정로(부천시계),B-26,유입,오쇠삼거리->외발산사거리,8047.0,37.54318,126.8123,18시,574.0
0,20180511.0,금,오정로(부천시계),B-26,유입,오쇠삼거리->외발산사거리,8047.0,37.54318,126.8123,19시,503.0
0,20180511.0,금,오정로(부천시계),B-26,유입,오쇠삼거리->외발산사거리,8047.0,37.54318,126.8123,20시,384.0
0,20180512.0,토,오정로(부천시계),B-26,유입,오쇠삼거리->외발산사거리,7066.0,37.54318,126.8123,8시,510.0
0,20180512.0,토,오정로(부천시계),B-26,유입,오쇠삼거리->외발산사거리,7066.0,37.54318,126.8123,9시,616.0
0,20180512.0,토,오정로(부천시계),B-26,유입,오쇠삼거리->외발산사거리,7066.0,37.54318,126.8123,10시,661.0
0,20180512.0,토,오정로(부천시계),B-26,유입,오쇠삼거리->외발산사거리,7066.0,37.54318,126.8123,11시,666.0
0,20180512.0,토,오정로(부천시계),B-26,유입,오쇠삼거리->외발산사거리,7066.0,37.54318,126.8123,12시,687.0
0,20180512.0,토,오정로(부천시계),B-26,유입,오쇠삼거리->외발산사거리,7066.0,37.54318,126.8123,13시,622.0
0,20180512.0,토,오정로(부천시계),B-26,유입,오쇠삼거리->외발산사거리,7066.0,37.54318,126.8123,14시,564.0
0,20180512.0,토,오정로(부천시계),B-26,유입,오쇠삼거리->외발산사거리,7066.0,37.54318,126.8123,15시,533.0
0,20180512.0,토,오정로(부천시계),B-26,유입,오쇠삼거리->외발산사거리,7066.0,37.54318,126.8123,16시,536.0
0,20180512.0,토,오정로(부천시계),B-26,유입,오쇠삼거리->외발산사거리,7066.0,37.54318,126.8123,17시,570.0
0,20180512.0,토,오정로(부천시계),B-26,유입,오쇠삼거리->외발산사거리,7066.0,37.54318,126.8123,18시,485.0
0,20180512.0,토,오정로(부천시계),B-26,유입,오쇠삼거리->외발산사거리,7066.0,37.54318,126.8123,19시,341.0
0,20180512.0,토,오정로(부천시계),B-26,유입,오쇠삼거리->외발산사거리,7066.0,37.54318,126.8123,20시,275.0
0,20180513.0,일,오정로(부천시계),B-26,유입,오쇠삼거리->외발산사거리,6003.0,37.54318,126.8123,8시,330.0
0,20180513.0,일,오정로(부천시계),B-26,유입,오쇠삼거리->외발산사거리,6003.0,37.54318,126.8123,9시,439.0
0,20180513.0,일,오정로(부천시계),B-26,유입,오쇠삼거리->외발산사거리,6003.0,37.54318,126.8123,10시,504.0
0,20180513.0,일,오정로(부천시계),B-26,유입,오쇠삼거리->외발산사거리,6003.0,37.54318,126.8123,11시,491.0
0,20180513.0,일,오정로(부천시계),B-26,유입,오쇠삼거리->외발산사거리,6003.0,37.54318,126.8123,12시,528.0
0,20180513.0,일,오정로(부천시계),B-26,유입,오쇠삼거리->외발산사거리,6003.0,37.54318,126.8123,13시,565.0
0,20180513.0,일,오정로(부천시계),B-26,유입,오쇠삼거리->외발산사거리,6003.0,37.54318,126.8123,14시,551.0
0,20180513.0,일,오정로(부천시계),B-26,유입,오쇠삼거리->외발산사거리,6003.0,37.54318,126.8123,15시,505.0
0,20180513.0,일,오정로(부천시계),B-26,유입,오쇠삼거리->외발산사거리,6003.0,37.54318,126.8123,16시,494.0
0,20180513.0,일,오정로(부천시계),B-26,유입,오쇠삼거리->외발산사거리,6003.0,37.54318,126.8123,17시,531.0
0,20180513.0,일,오정로(부천시계),B-26,유입,오쇠삼거리->외발산사거리,6003.0,37.54318,126.8123,18시,394.0
0,20180513.0,일,오정로(부천시계),B-26,유입,오쇠삼거리->외발산사거리,6003.0,37.54318,126.8123,19시,368.0
0,20180513.0,일,오정로(부천시계),B-26,유입,오쇠삼거리->외발산사거리,6003.0,37.54318,126.8123,20시,303.0
0,20180514.0,월,오정로(부천시계),B-26,유입,오쇠삼거리->외발산사거리,7692.0,37.54318,126.8123,8시,801.0
0,20180514.0,월,오정로(부천시계),B-26,유입,오쇠삼거리->외발산사거리,7692.0,37.54318,126.8123,9시,630.0
0,20180514.0,월,오정로(부천시계),B-26,유입,오쇠삼거리->외발산사거리,7692.0,37.54318,126.8123,10시,584.0
0,20180514.0,월,오정로(부천시계),B-26,유입,오쇠삼거리->외발산사거리,7692.0,37.54318,126.8123,11시,636.0
0,20180514.0,월,오정로(부천시계),B-26,유입,오쇠삼거리->외발산사거리,7692.0,37.54318,126.8123,12시,616.0
0,20180514.0,월,오정로(부천시계),B-26,유입,오쇠삼거리->외발산사거리,7692.0,37.54318,126.8123,13시,538.0
0,20180514.0,월,오정로(부천시계),B-26,유입,오쇠삼거리->외발산사거리,7692.0,37.54318,126.8123,14시,558.0
0,20180514.0,월,오정로(부천시계),B-26,유입,오쇠삼거리->외발산사거리,7692.0,37.54318,126.8123,15시,523.0
0,20180514.0,월,오정로(부천시계),B-26,유입,오쇠삼거리->외발산사거리,7692.0,37.54318,126.8123,16시,616.0
0,20180514.0,월,오정로(부천시계),B-26,유입,오쇠삼거리->외발산사거리,7692.0,37.54318,126.8123,17시,695.0
0,20180514.0,월,오정로(부천시계),B-26,유입,오쇠삼거리->외발산사거리,7692.0,37.54318,126.8123,18시,577.0
0,20180514.0,월,오정로(부천시계),B-26,유입,오쇠삼거리->외발산사거리,7692.0,37.54318,126.8123,19시,488.0
0,20180514.0,월,오정로(부천시계),B-26,유입,오쇠삼거리->외발산사거리,7692.0,37.54318,126.8123,20시,430.0
0,20180515.0,화,오정로(부천시계),B-26,유입,오쇠삼거리->외발산사거리,7739.0,37.54318,126.8123,8시,793.0
0,20180515.0,화,오정로(부천시계),B-26,유입,오쇠삼거리->외발산사거리,7739.0,37.54318,126.8123,9시,675.0
0,20180515.0,화,오정로(부천시계),B-26,유입,오쇠삼거리->외발산사거리,7739.0,37.54318,126.8123,10시,638.0
0,20180515.0,화,오정로(부천시계),B-26,유입,오쇠삼거리->외발산사거리,7739.0,37.54318,126.8123,11시,606.0
0,20180515.0,화,오정로(부천시계),B-26,유입,오쇠삼거리->외발산사거리,7739.0,37.54318,126.8123,12시,541.0
0,20180515.0,화,오정로(부천시계),B-26,유입,오쇠삼거리->외발산사거리,7739.0,37.54318,126.8123,13시,553.0
0,20180515.0,화,오정로(부천시계),B-26,유입,오쇠삼거리->외발산사거리,7739.0,37.54318,126.8123,14시,575.0
0,20180515.0,화,오정로(부천시계),B-26,유입,오쇠삼거리->외발산사거리,7739.0,37.54318,126.8123,15시,587.0
0,20180515.0,화,오정로(부천시계),B-26,유입,오쇠삼거리->외발산사거리,7739.0,37.54318,126.8123,16시,576.0
0,20180515.0,화,오정로(부천시계),B-26,유입,오쇠삼거리->외발산사거리,7739.0,37.54318,126.8123,17시,703.0
0,20180515.0,화,오정로(부천시계),B-26,유입,오쇠삼거리->외발산사거리,7739.0,37.54318,126.8123,18시,578.0
0,20180515.0,화,오정로(부천시계),B-26,유입,오쇠삼거리->외발산사거리,7739.0,37.54318,126.8123,19시,504.0
0,20180515.0,화,오정로(부천시계),B-26,유입,오쇠삼거리->외발산사거리,7739.0,37.54318,126.8123,20시,410.0
0,20180516.0,수,오정로(부천시계),B-26,유입,오쇠삼거리->외발산사거리,7104.0,37.54318,126.8123,8시,720.0
0,20180516.0,수,오정로(부천시계),B-26,유입,오쇠삼거리->외발산사거리,7104.0,37.54318,126.8123,9시,675.0
0,20180516.0,수,오정로(부천시계),B-26,유입,오쇠삼거리->외발산사거리,7104.0,37.54318,126.8123,10시,629.0
0,20180516.0,수,오정로(부천시계),B-26,유입,오쇠삼거리->외발산사거리,7104.0,37.54318,126.8123,11시,563.0
0,20180516.0,수,오정로(부천시계),B-26,유입,오쇠삼거리->외발산사거리,7104.0,37.54318,126.8123,12시,454.0
0,20180516.0,수,오정로(부천시계),B-26,유입,오쇠삼거리->외발산사거리,7104.0,37.54318,126.8123,13시,478.0
0,20180516.0,수,오정로(부천시계),B-26,유입,오쇠삼거리->외발산사거리,7104.0,37.54318,126.8123,14시,524.0
0,20180516.0,수,오정로(부천시계),B-26,유입,오쇠삼거리->외발산사거리,7104.0,37.54318,126.8123,15시,514.0
0,20180516.0,수,오정로(부천시계),B-26,유입,오쇠삼거리->외발산사거리,7104.0,37.54318,126.8123,16시,518.0
0,20180516.0,수,오정로(부천시계),B-26,유입,오쇠삼거리->외발산사거리,7104.0,37.54318,126.8123,17시,718.0
0,20180516.0,수,오정로(부천시계),B-26,유입,오쇠삼거리->외발산사거리,7104.0,37.54318,126.8123,18시,514.0
0,20180516.0,수,오정로(부천시계),B-26,유입,오쇠삼거리->외발산사거리,7104.0,37.54318,126.8123,19시,441.0
0,20180516.0,수,오정로(부천시계),B-26,유입,오쇠삼거리->외발산사거리,7104.0,37.54318,126.8123,20시,356.0
0,20180517.0,목,오정로(부천시계),B-26,유입,오쇠삼거리->외발산사거리,7149.0,37.54318,126.8123,8시,711.0
0,20180517.0,목,오정로(부천시계),B-26,유입,오쇠삼거리->외발산사거리,7149.0,37.54318,126.8123,9시,746.0
0,20180517.0,목,오정로(부천시계),B-26,유입,오쇠삼거리->외발산사거리,7149.0,37.54318,126.8123,10시,537.0
0,20180517.0,목,오정로(부천시계),B-26,유입,오쇠삼거리->외발산사거리,7149.0,37.54318,126.8123,11시,621.0
0,20180517.0,목,오정로(부천시계),B-26,유입,오쇠삼거리->외발산사거리,7149.0,37.54318,126.8123,12시,499.0
0,20180517.0,목,오정로(부천시계),B-26,유입,오쇠삼거리->외발산사거리,7149.0,37.54318,126.8123,13시,544.0
0,20180517.0,목,오정로(부천시계),B-26,유입,오쇠삼거리->외발산사거리,7149.0,37.54318,126.8123,14시,469.0
0,20180517.0,목,오정로(부천시계),B-26,유입,오쇠삼거리->외발산사거리,7149.0,37.54318,126.8123,15시,490.0
0,20180517.0,목,오정로(부천시계),B-26,유입,오쇠삼거리->외발산사거리,7149.0,37.54318,126.8123,16시,573.0
0,20180517.0,목,오정로(부천시계),B-26,유입,오쇠삼거리->외발산사거리,7149.0,37.54318,126.8123,17시,647.0
0,20180517.0,목,오정로(부천시계),B-26,유입,오쇠삼거리->외발산사거리,7149.0,37.54318,126.8123,18시,493.0
0,20180517.0,목,오정로(부천시계),B-26,유입,오쇠삼거리->외발산사거리,7149.0,37.54318,126.8123,19시,457.0
0,20180517.0,목,오정로(부천시계),B-26,유입,오쇠삼거리->외발산사거리,7149.0,37.54318,126.8123,20시,362.0
0,20180518.0,금,오정로(부천시계),B-26,유입,오쇠삼거리->외발산사거리,7833.0,37.54318,126.8123,8시,774.0
0,20180518.0,금,오정로(부천시계),B-26,유입,오쇠삼거리->외발산사거리,7833.0,37.54318,126.8123,9시,801.0
0,20180518.0,금,오정로(부천시계),B-26,유입,오쇠삼거리->외발산사거리,7833.0,37.54318,126.8123,10시,628.0
0,20180518.0,금,오정로(부천시계),B-26,유입,오쇠삼거리->외발산사거리,7833.0,37.54318,126.8123,11시,569.0
0,20180518.0,금,오정로(부천시계),B-26,유입,오쇠삼거리->외발산사거리,7833.0,37.54318,126.8123,12시,546.0
0,20180518.0,금,오정로(부천시계),B-26,유입,오쇠삼거리->외발산사거리,7833.0,37.54318,126.8123,13시,592.0
0,20180518.0,금,오정로(부천시계),B-26,유입,오쇠삼거리->외발산사거리,7833.0,37.54318,126.8123,14시,512.0
0,20180518.0,금,오정로(부천시계),B-26,유입,오쇠삼거리->외발산사거리,7833.0,37.54318,126.8123,15시,545.0
0,20180518.0,금,오정로(부천시계),B-26,유입,오쇠삼거리->외발산사거리,7833.0,37.54318,126.8123,16시,585.0
0,20180518.0,금,오정로(부천시계),B-26,유입,오쇠삼거리->외발산사거리,7833.0,37.54318,126.8123,17시,719.0
0,20180518.0,금,오정로(부천시계),B-26,유입,오쇠삼거리->외발산사거리,7833.0,37.54318,126.8123,18시,607.0
0,20180518.0,금,오정로(부천시계),B-26,유입,오쇠삼거리->외발산사거리,7833.0,37.54318,126.8123,19시,518.0
0,20180518.0,금,오정로(부천시계),B-26,유입,오쇠삼거리->외발산사거리,7833.0,37.54318,126.8123,20시,437.0
0,20180519.0,토,오정로(부천시계),B-26,유입,오쇠삼거리->외발산사거리,7277.0,37.54318,126.8123,8시,547.0
0,20180519.0,토,오정로(부천시계),B-26,유입,오쇠삼거리->외발산사거리,7277.0,37.54318,126.8123,9시,582.0
0,20180519.0,토,오정로(부천시계),B-26,유입,오쇠삼거리->외발산사거리,7277.0,37.54318,126.8123,10시,560.0
0,20180519.0,토,오정로(부천시계),B-26,유입,오쇠삼거리->외발산사거리,7277.0,37.54318,126.8123,11시,731.0
0,20180519.0,토,오정로(부천시계),B-26,유입,오쇠삼거리->외발산사거리,7277.0,37.54318,126.8123,12시,612.0
0,20180519.0,토,오정로(부천시계),B-26,유입,오쇠삼거리->외발산사거리,7277.0,37.54318,126.8123,13시,636.0
0,20180519.0,토,오정로(부천시계),B-26,유입,오쇠삼거리->외발산사거리,7277.0,37.54318,126.8123,14시,599.0
0,20180519.0,토,오정로(부천시계),B-26,유입,오쇠삼거리->외발산사거리,7277.0,37.54318,126.8123,15시,602.0
0,20180519.0,토,오정로(부천시계),B-26,유입,오쇠삼거리->외발산사거리,7277.0,37.54318,126.8123,16시,570.0
0,20180519.0,토,오정로(부천시계),B-26,유입,오쇠삼거리->외발산사거리,7277.0,37.54318,126.8123,17시,588.0
0,20180519.0,토,오정로(부천시계),B-26,유입,오쇠삼거리->외발산사거리,7277.0,37.54318,126.8123,18시,472.0
0,20180519.0,토,오정로(부천시계),B-26,유입,오쇠삼거리->외발산사거리,7277.0,37.54318,126.8123,19시,433.0
0,20180519.0,토,오정로(부천시계),B-26,유입,오쇠삼거리->외발산사거리,7277.0,37.54318,126.8123,20시,345.0
0,20180520.0,일,오정로(부천시계),B-26,유입,오쇠삼거리->외발산사거리,5825.0,37.54318,126.8123,8시,336.0
0,20180520.0,일,오정로(부천시계),B-26,유입,오쇠삼거리->외발산사거리,5825.0,37.54318,126.8123,9시,456.0
0,20180520.0,일,오정로(부천시계),B-26,유입,오쇠삼거리->외발산사거리,5825.0,37.54318,126.8123,10시,453.0
0,20180520.0,일,오정로(부천시계),B-26,유입,오쇠삼거리->외발산사거리,5825.0,37.54318,126.8123,11시,504.0
0,20180520.0,일,오정로(부천시계),B-26,유입,오쇠삼거리->외발산사거리,5825.0,37.54318,126.8123,12시,475.0
0,20180520.0,일,오정로(부천시계),B-26,유입,오쇠삼거리->외발산사거리,5825.0,37.54318,126.8123,13시,530.0
0,20180520.0,일,오정로(부천시계),B-26,유입,오쇠삼거리->외발산사거리,5825.0,37.54318,126.8123,14시,511.0
0,20180520.0,일,오정로(부천시계),B-26,유입,오쇠삼거리->외발산사거리,5825.0,37.54318,126.8123,15시,492.0
0,20180520.0,일,오정로(부천시계),B-26,유입,오쇠삼거리->외발산사거리,5825.0,37.54318,126.8123,16시,459.0
0,20180520.0,일,오정로(부천시계),B-26,유입,오쇠삼거리->외발산사거리,5825.0,37.54318,126.8123,17시,477.0
0,20180520.0,일,오정로(부천시계),B-26,유입,오쇠삼거리->외발산사거리,5825.0,37.54318,126.8123,18시,416.0
0,20180520.0,일,오정로(부천시계),B-26,유입,오쇠삼거리->외발산사거리,5825.0,37.54318,126.8123,19시,379.0
0,20180520.0,일,오정로(부천시계),B-26,유입,오쇠삼거리->외발산사거리,5825.0,37.54318,126.8123,20시,337.0
0,20180521.0,월,오정로(부천시계),B-26,유입,오쇠삼거리->외발산사거리,7339.0,37.54318,126.8123,8시,712.0
0,20180521.0,월,오정로(부천시계),B-26,유입,오쇠삼거리->외발산사거리,7339.0,37.54318,126.8123,9시,657.0
0,20180521.0,월,오정로(부천시계),B-26,유입,오쇠삼거리->외발산사거리,7339.0,37.54318,126.8123,10시,551.0
0,20180521.0,월,오정로(부천시계),B-26,유입,오쇠삼거리->외발산사거리,7339.0,37.54318,126.8123,11시,601.0
0,20180521.0,월,오정로(부천시계),B-26,유입,오쇠삼거리->외발산사거리,7339.0,37.54318,126.8123,12시,545.0
0,20180521.0,월,오정로(부천시계),B-26,유입,오쇠삼거리->외발산사거리,7339.0,37.54318,126.8123,13시,533.0
0,20180521.0,월,오정로(부천시계),B-26,유입,오쇠삼거리->외발산사거리,7339.0,37.54318,126.8123,14시,512.0
0,20180521.0,월,오정로(부천시계),B-26,유입,오쇠삼거리->외발산사거리,7339.0,37.54318,126.8123,15시,533.0
0,20180521.0,월,오정로(부천시계),B-26,유입,오쇠삼거리->외발산사거리,7339.0,37.54318,126.8123,16시,581.0
0,20180521.0,월,오정로(부천시계),B-26,유입,오쇠삼거리->외발산사거리,7339.0,37.54318,126.8123,17시,685.0
0,20180521.0,월,오정로(부천시계),B-26,유입,오쇠삼거리->외발산사거리,7339.0,37.54318,126.8123,18시,588.0
0,20180521.0,월,오정로(부천시계),B-26,유입,오쇠삼거리->외발산사거리,7339.0,37.54318,126.8123,19시,453.0
0,20180521.0,월,오정로(부천시계),B-26,유입,오쇠삼거리->외발산사거리,7339.0,37.54318,126.8123,20시,388.0
0,20180522.0,화,오정로(부천시계),B-26,유입,오쇠삼거리->외발산사거리,6242.0,37.54318,126.8123,8시,445.0
0,20180522.0,화,오정로(부천시계),B-26,유입,오쇠삼거리->외발산사거리,6242.0,37.54318,126.8123,9시,524.0
0,20180522.0,화,오정로(부천시계),B-26,유입,오쇠삼거리->외발산사거리,6242.0,37.54318,126.8123,10시,519.0
0,20180522.0,화,오정로(부천시계),B-26,유입,오쇠삼거리->외발산사거리,6242.0,37.54318,126.8123,11시,598.0
0,20180522.0,화,오정로(부천시계),B-26,유입,오쇠삼거리->외발산사거리,6242.0,37.54318,126.8123,12시,567.0
0,20180522.0,화,오정로(부천시계),B-26,유입,오쇠삼거리->외발산사거리,6242.0,37.54318,126.8123,13시,550.0
0,20180522.0,화,오정로(부천시계),B-26,유입,오쇠삼거리->외발산사거리,6242.0,37.54318,126.8123,14시,550.0
0,20180522.0,화,오정로(부천시계),B-26,유입,오쇠삼거리->외발산사거리,6242.0,37.54318,126.8123,15시,522.0
0,20180522.0,화,오정로(부천시계),B-26,유입,오쇠삼거리->외발산사거리,6242.0,37.54318,126.8123,16시,458.0
0,20180522.0,화,오정로(부천시계),B-26,유입,오쇠삼거리->외발산사거리,6242.0,37.54318,126.8123,17시,469.0
0,20180522.0,화,오정로(부천시계),B-26,유입,오쇠삼거리->외발산사거리,6242.0,37.54318,126.8123,18시,414.0
0,20180522.0,화,오정로(부천시계),B-26,유입,오쇠삼거리->외발산사거리,6242.0,37.54318,126.8123,19시,350.0
0,20180522.0,화,오정로(부천시계),B-26,유입,오쇠삼거리->외발산사거리,6242.0,37.54318,126.8123,20시,276.0
0,20180523.0,수,오정로(부천시계),B-26,유입,오쇠삼거리->외발산사거리,7453.0,37.54318,126.8123,8시,781.0
0,20180523.0,수,오정로(부천시계),B-26,유입,오쇠삼거리->외발산사거리,7453.0,37.54318,126.8123,9시,669.0
0,20180523.0,수,오정로(부천시계),B-26,유입,오쇠삼거리->외발산사거리,7453.0,37.54318,126.8123,10시,588.0
0,20180523.0,수,오정로(부천시계),B-26,유입,오쇠삼거리->외발산사거리,7453.0,37.54318,126.8123,11시,535.0
0,20180523.0,수,오정로(부천시계),B-26,유입,오쇠삼거리->외발산사거리,7453.0,37.54318,126.8123,12시,524.0
0,20180523.0,수,오정로(부천시계),B-26,유입,오쇠삼거리->외발산사거리,7453.0,37.54318,126.8123,13시,543.0
0,20180523.0,수,오정로(부천시계),B-26,유입,오쇠삼거리->외발산사거리,7453.0,37.54318,126.8123,14시,518.0
0,20180523.0,수,오정로(부천시계),B-26,유입,오쇠삼거리->외발산사거리,7453.0,37.54318,126.8123,15시,517.0
0,20180523.0,수,오정로(부천시계),B-26,유입,오쇠삼거리->외발산사거리,7453.0,37.54318,126.8123,16시,574.0
0,20180523.0,수,오정로(부천시계),B-26,유입,오쇠삼거리->외발산사거리,7453.0,37.54318,126.8123,17시,663.0
0,20180523.0,수,오정로(부천시계),B-26,유입,오쇠삼거리->외발산사거리,7453.0,37.54318,126.8123,18시,623.0
0,20180523.0,수,오정로(부천시계),B-26,유입,오쇠삼거리->외발산사거리,7453.0,37.54318,126.8123,19시,504.0
0,20180523.0,수,오정로(부천시계),B-26,유입,오쇠삼거리->외발산사거리,7453.0,37.54318,126.8123,20시,414.0
0,20180524.0,목,오정로(부천시계),B-26,유입,오쇠삼거리->외발산사거리,7318.0,37.54318,126.8123,8시,817.0
0,20180524.0,목,오정로(부천시계),B-26,유입,오쇠삼거리->외발산사거리,7318.0,37.54318,126.8123,9시,681.0
0,20180524.0,목,오정로(부천시계),B-26,유입,오쇠삼거리->외발산사거리,7318.0,37.54318,126.8123,10시,559.0
0,20180524.0,목,오정로(부천시계),B-26,유입,오쇠삼거리->외발산사거리,7318.0,37.54318,126.8123,11시,558.0
0,20180524.0,목,오정로(부천시계),B-26,유입,오쇠삼거리->외발산사거리,7318.0,37.54318,126.8123,12시,533.0
0,20180524.0,목,오정로(부천시계),B-26,유입,오쇠삼거리->외발산사거리,7318.0,37.54318,126.8123,13시,482.0
0,20180524.0,목,오정로(부천시계),B-26,유입,오쇠삼거리->외발산사거리,7318.0,37.54318,126.8123,14시,516.0
0,20180524.0,목,오정로(부천시계),B-26,유입,오쇠삼거리->외발산사거리,7318.0,37.54318,126.8123,15시,491.0
0,20180524.0,목,오정로(부천시계),B-26,유입,오쇠삼거리->외발산사거리,7318.0,37.54318,126.8123,16시,549.0
0,20180524.0,목,오정로(부천시계),B-26,유입,오쇠삼거리->외발산사거리,7318.0,37.54318,126.8123,17시,716.0
0,20180524.0,목,오정로(부천시계),B-26,유입,오쇠삼거리->외발산사거리,7318.0,37.54318,126.8123,18시,540.0
0,20180524.0,목,오정로(부천시계),B-26,유입,오쇠삼거리->외발산사거리,7318.0,37.54318,126.8123,19시,475.0
0,20180524.0,목,오정로(부천시계),B-26,유입,오쇠삼거리->외발산사거리,7318.0,37.54318,126.8123,20시,401.0
0,20180525.0,금,오정로(부천시계),B-26,유입,오쇠삼거리->외발산사거리,7623.0,37.54318,126.8123,8시,786.0
0,20180525.0,금,오정로(부천시계),B-26,유입,오쇠삼거리->외발산사거리,7623.0,37.54318,126.8123,9시,683.0
0,20180525.0,금,오정로(부천시계),B-26,유입,오쇠삼거리->외발산사거리,7623.0,37.54318,126.8123,10시,556.0
0,20180525.0,금,오정로(부천시계),B-26,유입,오쇠삼거리->외발산사거리,7623.0,37.54318,126.8123,11시,592.0
0,20180525.0,금,오정로(부천시계),B-26,유입,오쇠삼거리->외발산사거리,7623.0,37.54318,126.8123,12시,518.0
0,20180525.0,금,오정로(부천시계),B-26,유입,오쇠삼거리->외발산사거리,7623.0,37.54318,126.8123,13시,563.0
0,20180525.0,금,오정로(부천시계),B-26,유입,오쇠삼거리->외발산사거리,7623.0,37.54318,126.8123,14시,543.0
0,20180525.0,금,오정로(부천시계),B-26,유입,오쇠삼거리->외발산사거리,7623.0,37.54318,126.8123,15시,579.0
0,20180525.0,금,오정로(부천시계),B-26,유입,오쇠삼거리->외발산사거리,7623.0,37.54318,126.8123,16시,637.0
0,20180525.0,금,오정로(부천시계),B-26,유입,오쇠삼거리->외발산사거리,7623.0,37.54318,126.8123,17시,711.0
0,20180525.0,금,오정로(부천시계),B-26,유입,오쇠삼거리->외발산사거리,7623.0,37.54318,126.8123,18시,595.0
0,20180525.0,금,오정로(부천시계),B-26,유입,오쇠삼거리->외발산사거리,7623.0,37.54318,126.8123,19시,495.0
0,20180525.0,금,오정로(부천시계),B-26,유입,오쇠삼거리->외발산사거리,7623.0,37.54318,126.8123,20시,365.0
0,20180526.0,토,오정로(부천시계),B-26,유입,오쇠삼거리->외발산사거리,6984.0,37.54318,126.8123,8시,544.0
0,20180526.0,토,오정로(부천시계),B-26,유입,오쇠삼거리->외발산사거리,6984.0,37.54318,126.8123,9시,629.0
0,20180526.0,토,오정로(부천시계),B-26,유입,오쇠삼거리->외발산사거리,6984.0,37.54318,126.8123,10시,572.0
0,20180526.0,토,오정로(부천시계),B-26,유입,오쇠삼거리->외발산사거리,6984.0,37.54318,126.8123,11시,661.0
0,20180526.0,토,오정로(부천시계),B-26,유입,오쇠삼거리->외발산사거리,6984.0,37.54318,126.8123,12시,550.0
0,20180526.0,토,오정로(부천시계),B-26,유입,오쇠삼거리->외발산사거리,6984.0,37.54318,126.8123,13시,577.0
0,20180526.0,토,오정로(부천시계),B-26,유입,오쇠삼거리->외발산사거리,6984.0,37.54318,126.8123,14시,534.0
0,20180526.0,토,오정로(부천시계),B-26,유입,오쇠삼거리->외발산사거리,6984.0,37.54318,126.8123,15시,537.0
0,20180526.0,토,오정로(부천시계),B-26,유입,오쇠삼거리->외발산사거리,6984.0,37.54318,126.8123,16시,552.0
0,20180526.0,토,오정로(부천시계),B-26,유입,오쇠삼거리->외발산사거리,6984.0,37.54318,126.8123,17시,574.0
0,20180526.0,토,오정로(부천시계),B-26,유입,오쇠삼거리->외발산사거리,6984.0,37.54318,126.8123,18시,512.0
0,20180526.0,토,오정로(부천시계),B-26,유입,오쇠삼거리->외발산사거리,6984.0,37.54318,126.8123,19시,414.0
0,20180526.0,토,오정로(부천시계),B-26,유입,오쇠삼거리->외발산사거리,6984.0,37.54318,126.8123,20시,328.0
0,20180527.0,일,오정로(부천시계),B-26,유입,오쇠삼거리->외발산사거리,5730.0,37.54318,126.8123,8시,328.0
0,20180527.0,일,오정로(부천시계),B-26,유입,오쇠삼거리->외발산사거리,5730.0,37.54318,126.8123,9시,435.0
0,20180527.0,일,오정로(부천시계),B-26,유입,오쇠삼거리->외발산사거리,5730.0,37.54318,126.8123,10시,486.0
0,20180527.0,일,오정로(부천시계),B-26,유입,오쇠삼거리->외발산사거리,5730.0,37.54318,126.8123,11시,515.0
0,20180527.0,일,오정로(부천시계),B-26,유입,오쇠삼거리->외발산사거리,5730.0,37.54318,126.8123,12시,443.0
0,20180527.0,일,오정로(부천시계),B-26,유입,오쇠삼거리->외발산사거리,5730.0,37.54318,126.8123,13시,517.0
0,20180527.0,일,오정로(부천시계),B-26,유입,오쇠삼거리->외발산사거리,5730.0,37.54318,126.8123,14시,467.0
0,20180527.0,일,오정로(부천시계),B-26,유입,오쇠삼거리->외발산사거리,5730.0,37.54318,126.8123,15시,468.0
0,20180527.0,일,오정로(부천시계),B-26,유입,오쇠삼거리->외발산사거리,5730.0,37.54318,126.8123,16시,458.0
0,20180527.0,일,오정로(부천시계),B-26,유입,오쇠삼거리->외발산사거리,5730.0,37.54318,126.8123,17시,482.0
0,20180527.0,일,오정로(부천시계),B-26,유입,오쇠삼거리->외발산사거리,5730.0,37.54318,126.8123,18시,428.0
0,20180527.0,일,오정로(부천시계),B-26,유입,오쇠삼거리->외발산사거리,5730.0,37.54318,126.8123,19시,387.0
0,20180527.0,일,오정로(부천시계),B-26,유입,오쇠삼거리->외발산사거리,5730.0,37.54318,126.8123,20시,316.0
0,20180528.0,월,오정로(부천시계),B-26,유입,오쇠삼거리->외발산사거리,7442.0,37.54318,126.8123,8시,816.0
0,20180528.0,월,오정로(부천시계),B-26,유입,오쇠삼거리->외발산사거리,7442.0,37.54318,126.8123,9시,676.0
0,20180528.0,월,오정로(부천시계),B-26,유입,오쇠삼거리->외발산사거리,7442.0,37.54318,126.8123,10시,521.0
0,20180528.0,월,오정로(부천시계),B-26,유입,오쇠삼거리->외발산사거리,7442.0,37.54318,126.8123,11시,594.0
0,20180528.0,월,오정로(부천시계),B-26,유입,오쇠삼거리->외발산사거리,7442.0,37.54318,126.8123,12시,513.0
0,20180528.0,월,오정로(부천시계),B-26,유입,오쇠삼거리->외발산사거리,7442.0,37.54318,126.8123,13시,464.0
0,20180528.0,월,오정로(부천시계),B-26,유입,오쇠삼거리->외발산사거리,7442.0,37.54318,126.8123,14시,565.0
0,20180528.0,월,오정로(부천시계),B-26,유입,오쇠삼거리->외발산사거리,7442.0,37.54318,126.8123,15시,579.0
0,20180528.0,월,오정로(부천시계),B-26,유입,오쇠삼거리->외발산사거리,7442.0,37.54318,126.8123,16시,494.0
0,20180528.0,월,오정로(부천시계),B-26,유입,오쇠삼거리->외발산사거리,7442.0,37.54318,126.8123,17시,728.0
0,20180528.0,월,오정로(부천시계),B-26,유입,오쇠삼거리->외발산사거리,7442.0,37.54318,126.8123,18시,625.0
0,20180528.0,월,오정로(부천시계),B-26,유입,오쇠삼거리->외발산사거리,7442.0,37.54318,126.8123,19시,490.0
0,20180528.0,월,오정로(부천시계),B-26,유입,오쇠삼거리->외발산사거리,7442.0,37.54318,126.8123,20시,377.0
0,20180529.0,화,오정로(부천시계),B-26,유입,오쇠삼거리->외발산사거리,7536.0,37.54318,126.8123,8시,819.0
0,20180529.0,화,오정로(부천시계),B-26,유입,오쇠삼거리->외발산사거리,7536.0,37.54318,126.8123,9시,686.0
0,20180529.0,화,오정로(부천시계),B-26,유입,오쇠삼거리->외발산사거리,7536.0,37.54318,126.8123,10시,590.0
0,20180529.0,화,오정로(부천시계),B-26,유입,오쇠삼거리->외발산사거리,7536.0,37.54318,126.8123,11시,575.0
0,20180529.0,화,오정로(부천시계),B-26,유입,오쇠삼거리->외발산사거리,7536.0,37.54318,126.8123,12시,527.0
0,20180529.0,화,오정로(부천시계),B-26,유입,오쇠삼거리->외발산사거리,7536.0,37.54318,126.8123,13시,537.0
0,20180529.0,화,오정로(부천시계),B-26,유입,오쇠삼거리->외발산사거리,7536.0,37.54318,126.8123,14시,600.0
0,20180529.0,화,오정로(부천시계),B-26,유입,오쇠삼거리->외발산사거리,7536.0,37.54318,126.8123,15시,545.0
0,20180529.0,화,오정로(부천시계),B-26,유입,오쇠삼거리->외발산사거리,7536.0,37.54318,126.8123,16시,525.0
0,20180529.0,화,오정로(부천시계),B-26,유입,오쇠삼거리->외발산사거리,7536.0,37.54318,126.8123,17시,715.0
0,20180529.0,화,오정로(부천시계),B-26,유입,오쇠삼거리->외발산사거리,7536.0,37.54318,126.8123,18시,564.0
0,20180529.0,화,오정로(부천시계),B-26,유입,오쇠삼거리->외발산사거리,7536.0,37.54318,126.8123,19시,481.0
0,20180529.0,화,오정로(부천시계),B-26,유입,오쇠삼거리->외발산사거리,7536.0,37.54318,126.8123,20시,372.0
0,20180530.0,수,오정로(부천시계),B-26,유입,오쇠삼거리->외발산사거리,7639.0,37.54318,126.8123,8시,765.0
0,20180530.0,수,오정로(부천시계),B-26,유입,오쇠삼거리->외발산사거리,7639.0,37.54318,126.8123,9시,695.0
0,20180530.0,수,오정로(부천시계),B-26,유입,오쇠삼거리->외발산사거리,7639.0,37.54318,126.8123,10시,592.0
0,20180530.0,수,오정로(부천시계),B-26,유입,오쇠삼거리->외발산사거리,7639.0,37.54318,126.8123,11시,628.0
0,20180530.0,수,오정로(부천시계),B-26,유입,오쇠삼거리->외발산사거리,7639.0,37.54318,126.8123,12시,563.0
0,20180530.0,수,오정로(부천시계),B-26,유입,오쇠삼거리->외발산사거리,7639.0,37.54318,126.8123,13시,519.0
0,20180530.0,수,오정로(부천시계),B-26,유입,오쇠삼거리->외발산사거리,7639.0,37.54318,126.8123,14시,508.0
0,20180530.0,수,오정로(부천시계),B-26,유입,오쇠삼거리->외발산사거리,7639.0,37.54318,126.8123,15시,541.0
0,20180530.0,수,오정로(부천시계),B-26,유입,오쇠삼거리->외발산사거리,7639.0,37.54318,126.8123,16시,563.0
0,20180530.0,수,오정로(부천시계),B-26,유입,오쇠삼거리->외발산사거리,7639.0,37.54318,126.8123,17시,748.0
0,20180530.0,수,오정로(부천시계),B-26,유입,오쇠삼거리->외발산사거리,7639.0,37.54318,126.8123,18시,567.0
0,20180530.0,수,오정로(부천시계),B-26,유입,오쇠삼거리->외발산사거리,7639.0,37.54318,126.8123,19시,549.0
0,20180530.0,수,오정로(부천시계),B-26,유입,오쇠삼거리->외발산사거리,7639.0,37.54318,126.8123,20시,401.0
0,20180531.0,목,오정로(부천시계),B-26,유입,오쇠삼거리->외발산사거리,7479.0,37.54318,126.8123,8시,772.0
0,20180531.0,목,오정로(부천시계),B-26,유입,오쇠삼거리->외발산사거리,7479.0,37.54318,126.8123,9시,679.0
0,20180531.0,목,오정로(부천시계),B-26,유입,오쇠삼거리->외발산사거리,7479.0,37.54318,126.8123,10시,574.0
0,20180531.0,목,오정로(부천시계),B-26,유입,오쇠삼거리->외발산사거리,7479.0,37.54318,126.8123,11시,613.0
0,20180531.0,목,오정로(부천시계),B-26,유입,오쇠삼거리->외발산사거리,7479.0,37.54318,126.8123,12시,536.0
0,20180531.0,목,오정로(부천시계),B-26,유입,오쇠삼거리->외발산사거리,7479.0,37.54318,126.8123,13시,507.0
0,20180531.0,목,오정로(부천시계),B-26,유입,오쇠삼거리->외발산사거리,7479.0,37.54318,126.8123,14시,536.0
0,20180531.0,목,오정로(부천시계),B-26,유입,오쇠삼거리->외발산사거리,7479.0,37.54318,126.8123,15시,516.0
0,20180531.0,목,오정로(부천시계),B-26,유입,오쇠삼거리->외발산사거리,7479.0,37.54318,126.8123,16시,576.0
0,20180531.0,목,오정로(부천시계),B-26,유입,오쇠삼거리->외발산사거리,7479.0,37.54318,126.8123,17시,721.0
0,20180531.0,목,오정로(부천시계),B-26,유입,오쇠삼거리->외발산사거리,7479.0,37.54318,126.8123,18시,542.0
0,20180531.0,목,오정로(부천시계),B-26,유입,오쇠삼거리->외발산사거리,7479.0,37.54318,126.8123,19시,507.0
0,20180531.0,목,오정로(부천시계),B-26,유입,오쇠삼거리->외발산사거리,7479.0,37.54318,126.8123,20시,400.0
0,20180501.0,화,오정로(부천시계),B-26,유출,외발산사거리->오쇠삼거리,8656.0,37.54318,126.8123,8시,570.0
0,20180501.0,화,오정로(부천시계),B-26,유출,외발산사거리->오쇠삼거리,8656.0,37.54318,126.8123,9시,558.0
0,20180501.0,화,오정로(부천시계),B-26,유출,외발산사거리->오쇠삼거리,8656.0,37.54318,126.8123,10시,550.0
0,20180501.0,화,오정로(부천시계),B-26,유출,외발산사거리->오쇠삼거리,8656.0,37.54318,126.8123,11시,564.0
0,20180501.0,화,오정로(부천시계),B-26,유출,외발산사거리->오쇠삼거리,8656.0,37.54318,126.8123,12시,601.0
0,20180501.0,화,오정로(부천시계),B-26,유출,외발산사거리->오쇠삼거리,8656.0,37.54318,126.8123,13시,654.0
0,20180501.0,화,오정로(부천시계),B-26,유출,외발산사거리->오쇠삼거리,8656.0,37.54318,126.8123,14시,754.0
0,20180501.0,화,오정로(부천시계),B-26,유출,외발산사거리->오쇠삼거리,8656.0,37.54318,126.8123,15시,732.0
0,20180501.0,화,오정로(부천시계),B-26,유출,외발산사거리->오쇠삼거리,8656.0,37.54318,126.8123,16시,848.0
0,20180501.0,화,오정로(부천시계),B-26,유출,외발산사거리->오쇠삼거리,8656.0,37.54318,126.8123,17시,885.0
0,20180501.0,화,오정로(부천시계),B-26,유출,외발산사거리->오쇠삼거리,8656.0,37.54318,126.8123,18시,794.0
0,20180501.0,화,오정로(부천시계),B-26,유출,외발산사거리->오쇠삼거리,8656.0,37.54318,126.8123,19시,654.0
0,20180501.0,화,오정로(부천시계),B-26,유출,외발산사거리->오쇠삼거리,8656.0,37.54318,126.8123,20시,492.0
0,20180502.0,수,오정로(부천시계),B-26,유출,외발산사거리->오쇠삼거리,10334.0,37.54318,126.8123,8시,922.0
0,20180502.0,수,오정로(부천시계),B-26,유출,외발산사거리->오쇠삼거리,10334.0,37.54318,126.8123,9시,720.0
0,20180502.0,수,오정로(부천시계),B-26,유출,외발산사거리->오쇠삼거리,10334.0,37.54318,126.8123,10시,652.0
0,20180502.0,수,오정로(부천시계),B-26,유출,외발산사거리->오쇠삼거리,10334.0,37.54318,126.8123,11시,661.0
0,20180502.0,수,오정로(부천시계),B-26,유출,외발산사거리->오쇠삼거리,10334.0,37.54318,126.8123,12시,593.0
0,20180502.0,수,오정로(부천시계),B-26,유출,외발산사거리->오쇠삼거리,10334.0,37.54318,126.8123,13시,651.0
0,20180502.0,수,오정로(부천시계),B-26,유출,외발산사거리->오쇠삼거리,10334.0,37.54318,126.8123,14시,695.0
0,20180502.0,수,오정로(부천시계),B-26,유출,외발산사거리->오쇠삼거리,10334.0,37.54318,126.8123,15시,720.0
0,20180502.0,수,오정로(부천시계),B-26,유출,외발산사거리->오쇠삼거리,10334.0,37.54318,126.8123,16시,900.0
0,20180502.0,수,오정로(부천시계),B-26,유출,외발산사거리->오쇠삼거리,10334.0,37.54318,126.8123,17시,1118.0
0,20180502.0,수,오정로(부천시계),B-26,유출,외발산사거리->오쇠삼거리,10334.0,37.54318,126.8123,18시,1196.0
0,20180502.0,수,오정로(부천시계),B-26,유출,외발산사거리->오쇠삼거리,10334.0,37.54318,126.8123,19시,914.0
0,20180502.0,수,오정로(부천시계),B-26,유출,외발산사거리->오쇠삼거리,10334.0,37.54318,126.8123,20시,592.0
0,20180503.0,목,오정로(부천시계),B-26,유출,외발산사거리->오쇠삼거리,11180.0,37.54318,126.8123,8시,974.0
0,20180503.0,목,오정로(부천시계),B-26,유출,외발산사거리->오쇠삼거리,11180.0,37.54318,126.8123,9시,736.0
0,20180503.0,목,오정로(부천시계),B-26,유출,외발산사거리->오쇠삼거리,11180.0,37.54318,126.8123,10시,650.0
0,20180503.0,목,오정로(부천시계),B-26,유출,외발산사거리->오쇠삼거리,11180.0,37.54318,126.8123,11시,670.0
0,20180503.0,목,오정로(부천시계),B-26,유출,외발산사거리->오쇠삼거리,11180.0,37.54318,126.8123,12시,636.0
0,20180503.0,목,오정로(부천시계),B-26,유출,외발산사거리->오쇠삼거리,11180.0,37.54318,126.8123,13시,724.0
0,20180503.0,목,오정로(부천시계),B-26,유출,외발산사거리->오쇠삼거리,11180.0,37.54318,126.8123,14시,780.0
0,20180503.0,목,오정로(부천시계),B-26,유출,외발산사거리->오쇠삼거리,11180.0,37.54318,126.8123,15시,880.0
0,20180503.0,목,오정로(부천시계),B-26,유출,외발산사거리->오쇠삼거리,11180.0,37.54318,126.8123,16시,959.0
0,20180503.0,목,오정로(부천시계),B-26,유출,외발산사거리->오쇠삼거리,11180.0,37.54318,126.8123,17시,1279.0
0,20180503.0,목,오정로(부천시계),B-26,유출,외발산사거리->오쇠삼거리,11180.0,37.54318,126.8123,18시,1273.0
0,20180503.0,목,오정로(부천시계),B-26,유출,외발산사거리->오쇠삼거리,11180.0,37.54318,126.8123,19시,976.0
0,20180503.0,목,오정로(부천시계),B-26,유출,외발산사거리->오쇠삼거리,11180.0,37.54318,126.8123,20시,643.0
0,20180504.0,금,오정로(부천시계),B-26,유출,외발산사거리->오쇠삼거리,11991.0,37.54318,126.8123,8시,936.0
0,20180504.0,금,오정로(부천시계),B-26,유출,외발산사거리->오쇠삼거리,11991.0,37.54318,126.8123,9시,769.0
0,20180504.0,금,오정로(부천시계),B-26,유출,외발산사거리->오쇠삼거리,11991.0,37.54318,126.8123,10시,782.0
0,20180504.0,금,오정로(부천시계),B-26,유출,외발산사거리->오쇠삼거리,11991.0,37.54318,126.8123,11시,736.0
0,20180504.0,금,오정로(부천시계),B-26,유출,외발산사거리->오쇠삼거리,11991.0,37.54318,126.8123,12시,698.0
0,20180504.0,금,오정로(부천시계),B-26,유출,외발산사거리->오쇠삼거리,11991.0,37.54318,126.8123,13시,813.0
0,20180504.0,금,오정로(부천시계),B-26,유출,외발산사거리->오쇠삼거리,11991.0,37.54318,126.8123,14시,777.0
0,20180504.0,금,오정로(부천시계),B-26,유출,외발산사거리->오쇠삼거리,11991.0,37.54318,126.8123,15시,847.0
0,20180504.0,금,오정로(부천시계),B-26,유출,외발산사거리->오쇠삼거리,11991.0,37.54318,126.8123,16시,992.0
0,20180504.0,금,오정로(부천시계),B-26,유출,외발산사거리->오쇠삼거리,11991.0,37.54318,126.8123,17시,1285.0
0,20180504.0,금,오정로(부천시계),B-26,유출,외발산사거리->오쇠삼거리,11991.0,37.54318,126.8123,18시,1262.0
0,20180504.0,금,오정로(부천시계),B-26,유출,외발산사거리->오쇠삼거리,11991.0,37.54318,126.8123,19시,1188.0
0,20180504.0,금,오정로(부천시계),B-26,유출,외발산사거리->오쇠삼거리,11991.0,37.54318,126.8123,20시,906.0
0,20180505.0,토,오정로(부천시계),B-26,유출,외발산사거리->오쇠삼거리,9231.0,37.54318,126.8123,8시,512.0
0,20180505.0,토,오정로(부천시계),B-26,유출,외발산사거리->오쇠삼거리,9231.0,37.54318,126.8123,9시,573.0
0,20180505.0,토,오정로(부천시계),B-26,유출,외발산사거리->오쇠삼거리,9231.0,37.54318,126.8123,10시,571.0
0,20180505.0,토,오정로(부천시계),B-26,유출,외발산사거리->오쇠삼거리,9231.0,37.54318,126.8123,11시,678.0
0,20180505.0,토,오정로(부천시계),B-26,유출,외발산사거리->오쇠삼거리,9231.0,37.54318,126.8123,12시,662.0
0,20180505.0,토,오정로(부천시계),B-26,유출,외발산사거리->오쇠삼거리,9231.0,37.54318,126.8123,13시,690.0
0,20180505.0,토,오정로(부천시계),B-26,유출,외발산사거리->오쇠삼거리,9231.0,37.54318,126.8123,14시,739.0
0,20180505.0,토,오정로(부천시계),B-26,유출,외발산사거리->오쇠삼거리,9231.0,37.54318,126.8123,15시,781.0
0,20180505.0,토,오정로(부천시계),B-26,유출,외발산사거리->오쇠삼거리,9231.0,37.54318,126.8123,16시,908.0
0,20180505.0,토,오정로(부천시계),B-26,유출,외발산사거리->오쇠삼거리,9231.0,37.54318,126.8123,17시,1021.0
0,20180505.0,토,오정로(부천시계),B-26,유출,외발산사거리->오쇠삼거리,9231.0,37.54318,126.8123,18시,808.0
0,20180505.0,토,오정로(부천시계),B-26,유출,외발산사거리->오쇠삼거리,9231.0,37.54318,126.8123,19시,718.0
0,20180505.0,토,오정로(부천시계),B-26,유출,외발산사거리->오쇠삼거리,9231.0,37.54318,126.8123,20시,570.0
0,20180506.0,일,오정로(부천시계),B-26,유출,외발산사거리->오쇠삼거리,7265.0,37.54318,126.8123,8시,310.0
0,20180506.0,일,오정로(부천시계),B-26,유출,외발산사거리->오쇠삼거리,7265.0,37.54318,126.8123,9시,388.0
0,20180506.0,일,오정로(부천시계),B-26,유출,외발산사거리->오쇠삼거리,7265.0,37.54318,126.8123,10시,431.0
0,20180506.0,일,오정로(부천시계),B-26,유출,외발산사거리->오쇠삼거리,7265.0,37.54318,126.8123,11시,455.0
0,20180506.0,일,오정로(부천시계),B-26,유출,외발산사거리->오쇠삼거리,7265.0,37.54318,126.8123,12시,579.0
0,20180506.0,일,오정로(부천시계),B-26,유출,외발산사거리->오쇠삼거리,7265.0,37.54318,126.8123,13시,560.0
0,20180506.0,일,오정로(부천시계),B-26,유출,외발산사거리->오쇠삼거리,7265.0,37.54318,126.8123,14시,600.0
0,20180506.0,일,오정로(부천시계),B-26,유출,외발산사거리->오쇠삼거리,7265.0,37.54318,126.8123,15시,686.0
0,20180506.0,일,오정로(부천시계),B-26,유출,외발산사거리->오쇠삼거리,7265.0,37.54318,126.8123,16시,758.0
0,20180506.0,일,오정로(부천시계),B-26,유출,외발산사거리->오쇠삼거리,7265.0,37.54318,126.8123,17시,697.0
0,20180506.0,일,오정로(부천시계),B-26,유출,외발산사거리->오쇠삼거리,7265.0,37.54318,126.8123,18시,658.0
0,20180506.0,일,오정로(부천시계),B-26,유출,외발산사거리->오쇠삼거리,7265.0,37.54318,126.8123,19시,584.0
0,20180506.0,일,오정로(부천시계),B-26,유출,외발산사거리->오쇠삼거리,7265.0,37.54318,126.8123,20시,559.0
0,20180507.0,월,오정로(부천시계),B-26,유출,외발산사거리->오쇠삼거리,9423.0,37.54318,126.8123,8시,482.0
0,20180507.0,월,오정로(부천시계),B-26,유출,외발산사거리->오쇠삼거리,9423.0,37.54318,126.8123,9시,525.0
0,20180507.0,월,오정로(부천시계),B-26,유출,외발산사거리->오쇠삼거리,9423.0,37.54318,126.8123,10시,521.0
0,20180507.0,월,오정로(부천시계),B-26,유출,외발산사거리->오쇠삼거리,9423.0,37.54318,126.8123,11시,617.0
0,20180507.0,월,오정로(부천시계),B-26,유출,외발산사거리->오쇠삼거리,9423.0,37.54318,126.8123,12시,667.0
0,20180507.0,월,오정로(부천시계),B-26,유출,외발산사거리->오쇠삼거리,9423.0,37.54318,126.8123,13시,674.0
0,20180507.0,월,오정로(부천시계),B-26,유출,외발산사거리->오쇠삼거리,9423.0,37.54318,126.8123,14시,723.0
0,20180507.0,월,오정로(부천시계),B-26,유출,외발산사거리->오쇠삼거리,9423.0,37.54318,126.8123,15시,824.0
0,20180507.0,월,오정로(부천시계),B-26,유출,외발산사거리->오쇠삼거리,9423.0,37.54318,126.8123,16시,949.0
0,20180507.0,월,오정로(부천시계),B-26,유출,외발산사거리->오쇠삼거리,9423.0,37.54318,126.8123,17시,1047.0
0,20180507.0,월,오정로(부천시계),B-26,유출,외발산사거리->오쇠삼거리,9423.0,37.54318,126.8123,18시,952.0
0,20180507.0,월,오정로(부천시계),B-26,유출,외발산사거리->오쇠삼거리,9423.0,37.54318,126.8123,19시,734.0
0,20180507.0,월,오정로(부천시계),B-26,유출,외발산사거리->오쇠삼거리,9423.0,37.54318,126.8123,20시,708.0
0,20180508.0,화,오정로(부천시계),B-26,유출,외발산사거리->오쇠삼거리,11503.0,37.54318,126.8123,8시,967.0
0,20180508.0,화,오정로(부천시계),B-26,유출,외발산사거리->오쇠삼거리,11503.0,37.54318,126.8123,9시,726.0
0,20180508.0,화,오정로(부천시계),B-26,유출,외발산사거리->오쇠삼거리,11503.0,37.54318,126.8123,10시,735.0
0,20180508.0,화,오정로(부천시계),B-26,유출,외발산사거리->오쇠삼거리,11503.0,37.54318,126.8123,11시,748.0
0,20180508.0,화,오정로(부천시계),B-26,유출,외발산사거리->오쇠삼거리,11503.0,37.54318,126.8123,12시,660.0
0,20180508.0,화,오정로(부천시계),B-26,유출,외발산사거리->오쇠삼거리,11503.0,37.54318,126.8123,13시,723.0
0,20180508.0,화,오정로(부천시계),B-26,유출,외발산사거리->오쇠삼거리,11503.0,37.54318,126.8123,14시,802.0
0,20180508.0,화,오정로(부천시계),B-26,유출,외발산사거리->오쇠삼거리,11503.0,37.54318,126.8123,15시,845.0
0,20180508.0,화,오정로(부천시계),B-26,유출,외발산사거리->오쇠삼거리,11503.0,37.54318,126.8123,16시,928.0
0,20180508.0,화,오정로(부천시계),B-26,유출,외발산사거리->오쇠삼거리,11503.0,37.54318,126.8123,17시,1247.0
0,20180508.0,화,오정로(부천시계),B-26,유출,외발산사거리->오쇠삼거리,11503.0,37.54318,126.8123,18시,1329.0
0,20180508.0,화,오정로(부천시계),B-26,유출,외발산사거리->오쇠삼거리,11503.0,37.54318,126.8123,19시,1098.0
0,20180508.0,화,오정로(부천시계),B-26,유출,외발산사거리->오쇠삼거리,11503.0,37.54318,126.8123,20시,695.0
0,20180509.0,수,오정로(부천시계),B-26,유출,외발산사거리->오쇠삼거리,11494.0,37.54318,126.8123,8시,1025.0
0,20180509.0,수,오정로(부천시계),B-26,유출,외발산사거리->오쇠삼거리,11494.0,37.54318,126.8123,9시,814.0
0,20180509.0,수,오정로(부천시계),B-26,유출,외발산사거리->오쇠삼거리,11494.0,37.54318,126.8123,10시,746.0
0,20180509.0,수,오정로(부천시계),B-26,유출,외발산사거리->오쇠삼거리,11494.0,37.54318,126.8123,11시,787.0
0,20180509.0,수,오정로(부천시계),B-26,유출,외발산사거리->오쇠삼거리,11494.0,37.54318,126.8123,12시,612.0
0,20180509.0,수,오정로(부천시계),B-26,유출,외발산사거리->오쇠삼거리,11494.0,37.54318,126.8123,13시,700.0
0,20180509.0,수,오정로(부천시계),B-26,유출,외발산사거리->오쇠삼거리,11494.0,37.54318,126.8123,14시,714.0
0,20180509.0,수,오정로(부천시계),B-26,유출,외발산사거리->오쇠삼거리,11494.0,37.54318,126.8123,15시,838.0
0,20180509.0,수,오정로(부천시계),B-26,유출,외발산사거리->오쇠삼거리,11494.0,37.54318,126.8123,16시,973.0
0,20180509.0,수,오정로(부천시계),B-26,유출,외발산사거리->오쇠삼거리,11494.0,37.54318,126.8123,17시,1315.0
0,20180509.0,수,오정로(부천시계),B-26,유출,외발산사거리->오쇠삼거리,11494.0,37.54318,126.8123,18시,1225.0
0,20180509.0,수,오정로(부천시계),B-26,유출,외발산사거리->오쇠삼거리,11494.0,37.54318,126.8123,19시,1087.0
0,20180509.0,수,오정로(부천시계),B-26,유출,외발산사거리->오쇠삼거리,11494.0,37.54318,126.8123,20시,658.0
0,20180510.0,목,오정로(부천시계),B-26,유출,외발산사거리->오쇠삼거리,11232.0,37.54318,126.8123,8시,933.0
0,20180510.0,목,오정로(부천시계),B-26,유출,외발산사거리->오쇠삼거리,11232.0,37.54318,126.8123,9시,725.0
0,20180510.0,목,오정로(부천시계),B-26,유출,외발산사거리->오쇠삼거리,11232.0,37.54318,126.8123,10시,683.0
0,20180510.0,목,오정로(부천시계),B-26,유출,외발산사거리->오쇠삼거리,11232.0,37.54318,126.8123,11시,727.0
0,20180510.0,목,오정로(부천시계),B-26,유출,외발산사거리->오쇠삼거리,11232.0,37.54318,126.8123,12시,682.0
0,20180510.0,목,오정로(부천시계),B-26,유출,외발산사거리->오쇠삼거리,11232.0,37.54318,126.8123,13시,671.0
0,20180510.0,목,오정로(부천시계),B-26,유출,외발산사거리->오쇠삼거리,11232.0,37.54318,126.8123,14시,773.0
0,20180510.0,목,오정로(부천시계),B-26,유출,외발산사거리->오쇠삼거리,11232.0,37.54318,126.8123,15시,772.0
0,20180510.0,목,오정로(부천시계),B-26,유출,외발산사거리->오쇠삼거리,11232.0,37.54318,126.8123,16시,1006.0
0,20180510.0,목,오정로(부천시계),B-26,유출,외발산사거리->오쇠삼거리,11232.0,37.54318,126.8123,17시,1312.0
0,20180510.0,목,오정로(부천시계),B-26,유출,외발산사거리->오쇠삼거리,11232.0,37.54318,126.8123,18시,1254.0
0,20180510.0,목,오정로(부천시계),B-26,유출,외발산사거리->오쇠삼거리,11232.0,37.54318,126.8123,19시,976.0
0,20180510.0,목,오정로(부천시계),B-26,유출,외발산사거리->오쇠삼거리,11232.0,37.54318,126.8123,20시,718.0
0,20180511.0,금,오정로(부천시계),B-26,유출,외발산사거리->오쇠삼거리,11563.0,37.54318,126.8123,8시,960.0
0,20180511.0,금,오정로(부천시계),B-26,유출,외발산사거리->오쇠삼거리,11563.0,37.54318,126.8123,9시,692.0
0,20180511.0,금,오정로(부천시계),B-26,유출,외발산사거리->오쇠삼거리,11563.0,37.54318,126.8123,10시,725.0
0,20180511.0,금,오정로(부천시계),B-26,유출,외발산사거리->오쇠삼거리,11563.0,37.54318,126.8123,11시,761.0
0,20180511.0,금,오정로(부천시계),B-26,유출,외발산사거리->오쇠삼거리,11563.0,37.54318,126.8123,12시,689.0
0,20180511.0,금,오정로(부천시계),B-26,유출,외발산사거리->오쇠삼거리,11563.0,37.54318,126.8123,13시,750.0
0,20180511.0,금,오정로(부천시계),B-26,유출,외발산사거리->오쇠삼거리,11563.0,37.54318,126.8123,14시,783.0
0,20180511.0,금,오정로(부천시계),B-26,유출,외발산사거리->오쇠삼거리,11563.0,37.54318,126.8123,15시,817.0
0,20180511.0,금,오정로(부천시계),B-26,유출,외발산사거리->오쇠삼거리,11563.0,37.54318,126.8123,16시,1038.0
0,20180511.0,금,오정로(부천시계),B-26,유출,외발산사거리->오쇠삼거리,11563.0,37.54318,126.8123,17시,1237.0
0,20180511.0,금,오정로(부천시계),B-26,유출,외발산사거리->오쇠삼거리,11563.0,37.54318,126.8123,18시,1274.0
0,20180511.0,금,오정로(부천시계),B-26,유출,외발산사거리->오쇠삼거리,11563.0,37.54318,126.8123,19시,1127.0
0,20180511.0,금,오정로(부천시계),B-26,유출,외발산사거리->오쇠삼거리,11563.0,37.54318,126.8123,20시,710.0
0,20180512.0,토,오정로(부천시계),B-26,유출,외발산사거리->오쇠삼거리,9846.0,37.54318,126.8123,8시,571.0
0,20180512.0,토,오정로(부천시계),B-26,유출,외발산사거리->오쇠삼거리,9846.0,37.54318,126.8123,9시,633.0
0,20180512.0,토,오정로(부천시계),B-26,유출,외발산사거리->오쇠삼거리,9846.0,37.54318,126.8123,10시,633.0
0,20180512.0,토,오정로(부천시계),B-26,유출,외발산사거리->오쇠삼거리,9846.0,37.54318,126.8123,11시,733.0
0,20180512.0,토,오정로(부천시계),B-26,유출,외발산사거리->오쇠삼거리,9846.0,37.54318,126.8123,12시,708.0
0,20180512.0,토,오정로(부천시계),B-26,유출,외발산사거리->오쇠삼거리,9846.0,37.54318,126.8123,13시,776.0
0,20180512.0,토,오정로(부천시계),B-26,유출,외발산사거리->오쇠삼거리,9846.0,37.54318,126.8123,14시,794.0
0,20180512.0,토,오정로(부천시계),B-26,유출,외발산사거리->오쇠삼거리,9846.0,37.54318,126.8123,15시,855.0
0,20180512.0,토,오정로(부천시계),B-26,유출,외발산사거리->오쇠삼거리,9846.0,37.54318,126.8123,16시,985.0
0,20180512.0,토,오정로(부천시계),B-26,유출,외발산사거리->오쇠삼거리,9846.0,37.54318,126.8123,17시,1119.0
0,20180512.0,토,오정로(부천시계),B-26,유출,외발산사거리->오쇠삼거리,9846.0,37.54318,126.8123,18시,921.0
0,20180512.0,토,오정로(부천시계),B-26,유출,외발산사거리->오쇠삼거리,9846.0,37.54318,126.8123,19시,644.0
0,20180512.0,토,오정로(부천시계),B-26,유출,외발산사거리->오쇠삼거리,9846.0,37.54318,126.8123,20시,474.0
0,20180513.0,일,오정로(부천시계),B-26,유출,외발산사거리->오쇠삼거리,7842.0,37.54318,126.8123,8시,338.0
0,20180513.0,일,오정로(부천시계),B-26,유출,외발산사거리->오쇠삼거리,7842.0,37.54318,126.8123,9시,411.0
0,20180513.0,일,오정로(부천시계),B-26,유출,외발산사거리->오쇠삼거리,7842.0,37.54318,126.8123,10시,456.0
0,20180513.0,일,오정로(부천시계),B-26,유출,외발산사거리->오쇠삼거리,7842.0,37.54318,126.8123,11시,498.0
0,20180513.0,일,오정로(부천시계),B-26,유출,외발산사거리->오쇠삼거리,7842.0,37.54318,126.8123,12시,590.0
0,20180513.0,일,오정로(부천시계),B-26,유출,외발산사거리->오쇠삼거리,7842.0,37.54318,126.8123,13시,616.0
0,20180513.0,일,오정로(부천시계),B-26,유출,외발산사거리->오쇠삼거리,7842.0,37.54318,126.8123,14시,654.0
0,20180513.0,일,오정로(부천시계),B-26,유출,외발산사거리->오쇠삼거리,7842.0,37.54318,126.8123,15시,740.0
0,20180513.0,일,오정로(부천시계),B-26,유출,외발산사거리->오쇠삼거리,7842.0,37.54318,126.8123,16시,806.0
0,20180513.0,일,오정로(부천시계),B-26,유출,외발산사거리->오쇠삼거리,7842.0,37.54318,126.8123,17시,852.0
0,20180513.0,일,오정로(부천시계),B-26,유출,외발산사거리->오쇠삼거리,7842.0,37.54318,126.8123,18시,782.0
0,20180513.0,일,오정로(부천시계),B-26,유출,외발산사거리->오쇠삼거리,7842.0,37.54318,126.8123,19시,578.0
0,20180513.0,일,오정로(부천시계),B-26,유출,외발산사거리->오쇠삼거리,7842.0,37.54318,126.8123,20시,521.0
0,20180514.0,월,오정로(부천시계),B-26,유출,외발산사거리->오쇠삼거리,10883.0,37.54318,126.8123,8시,1040.0
0,20180514.0,월,오정로(부천시계),B-26,유출,외발산사거리->오쇠삼거리,10883.0,37.54318,126.8123,9시,731.0
0,20180514.0,월,오정로(부천시계),B-26,유출,외발산사거리->오쇠삼거리,10883.0,37.54318,126.8123,10시,683.0
0,20180514.0,월,오정로(부천시계),B-26,유출,외발산사거리->오쇠삼거리,10883.0,37.54318,126.8123,11시,650.0
0,20180514.0,월,오정로(부천시계),B-26,유출,외발산사거리->오쇠삼거리,10883.0,37.54318,126.8123,12시,649.0
0,20180514.0,월,오정로(부천시계),B-26,유출,외발산사거리->오쇠삼거리,10883.0,37.54318,126.8123,13시,688.0
0,20180514.0,월,오정로(부천시계),B-26,유출,외발산사거리->오쇠삼거리,10883.0,37.54318,126.8123,14시,690.0
0,20180514.0,월,오정로(부천시계),B-26,유출,외발산사거리->오쇠삼거리,10883.0,37.54318,126.8123,15시,758.0
0,20180514.0,월,오정로(부천시계),B-26,유출,외발산사거리->오쇠삼거리,10883.0,37.54318,126.8123,16시,906.0
0,20180514.0,월,오정로(부천시계),B-26,유출,외발산사거리->오쇠삼거리,10883.0,37.54318,126.8123,17시,1204.0
0,20180514.0,월,오정로(부천시계),B-26,유출,외발산사거리->오쇠삼거리,10883.0,37.54318,126.8123,18시,1257.0
0,20180514.0,월,오정로(부천시계),B-26,유출,외발산사거리->오쇠삼거리,10883.0,37.54318,126.8123,19시,990.0
0,20180514.0,월,오정로(부천시계),B-26,유출,외발산사거리->오쇠삼거리,10883.0,37.54318,126.8123,20시,637.0
0,20180515.0,화,오정로(부천시계),B-26,유출,외발산사거리->오쇠삼거리,10879.0,37.54318,126.8123,8시,950.0
0,20180515.0,화,오정로(부천시계),B-26,유출,외발산사거리->오쇠삼거리,10879.0,37.54318,126.8123,9시,730.0
0,20180515.0,화,오정로(부천시계),B-26,유출,외발산사거리->오쇠삼거리,10879.0,37.54318,126.8123,10시,684.0
0,20180515.0,화,오정로(부천시계),B-26,유출,외발산사거리->오쇠삼거리,10879.0,37.54318,126.8123,11시,704.0
0,20180515.0,화,오정로(부천시계),B-26,유출,외발산사거리->오쇠삼거리,10879.0,37.54318,126.8123,12시,630.0
0,20180515.0,화,오정로(부천시계),B-26,유출,외발산사거리->오쇠삼거리,10879.0,37.54318,126.8123,13시,691.0
0,20180515.0,화,오정로(부천시계),B-26,유출,외발산사거리->오쇠삼거리,10879.0,37.54318,126.8123,14시,748.0
0,20180515.0,화,오정로(부천시계),B-26,유출,외발산사거리->오쇠삼거리,10879.0,37.54318,126.8123,15시,826.0
0,20180515.0,화,오정로(부천시계),B-26,유출,외발산사거리->오쇠삼거리,10879.0,37.54318,126.8123,16시,938.0
0,20180515.0,화,오정로(부천시계),B-26,유출,외발산사거리->오쇠삼거리,10879.0,37.54318,126.8123,17시,1110.0
0,20180515.0,화,오정로(부천시계),B-26,유출,외발산사거리->오쇠삼거리,10879.0,37.54318,126.8123,18시,1222.0
0,20180515.0,화,오정로(부천시계),B-26,유출,외발산사거리->오쇠삼거리,10879.0,37.54318,126.8123,19시,1047.0
0,20180515.0,화,오정로(부천시계),B-26,유출,외발산사거리->오쇠삼거리,10879.0,37.54318,126.8123,20시,599.0
0,20180516.0,수,오정로(부천시계),B-26,유출,외발산사거리->오쇠삼거리,9988.0,37.54318,126.8123,8시,915.0
0,20180516.0,수,오정로(부천시계),B-26,유출,외발산사거리->오쇠삼거리,9988.0,37.54318,126.8123,9시,680.0
0,20180516.0,수,오정로(부천시계),B-26,유출,외발산사거리->오쇠삼거리,9988.0,37.54318,126.8123,10시,645.0
0,20180516.0,수,오정로(부천시계),B-26,유출,외발산사거리->오쇠삼거리,9988.0,37.54318,126.8123,11시,705.0
0,20180516.0,수,오정로(부천시계),B-26,유출,외발산사거리->오쇠삼거리,9988.0,37.54318,126.8123,12시,546.0
0,20180516.0,수,오정로(부천시계),B-26,유출,외발산사거리->오쇠삼거리,9988.0,37.54318,126.8123,13시,669.0
0,20180516.0,수,오정로(부천시계),B-26,유출,외발산사거리->오쇠삼거리,9988.0,37.54318,126.8123,14시,685.0
0,20180516.0,수,오정로(부천시계),B-26,유출,외발산사거리->오쇠삼거리,9988.0,37.54318,126.8123,15시,719.0
0,20180516.0,수,오정로(부천시계),B-26,유출,외발산사거리->오쇠삼거리,9988.0,37.54318,126.8123,16시,844.0
0,20180516.0,수,오정로(부천시계),B-26,유출,외발산사거리->오쇠삼거리,9988.0,37.54318,126.8123,17시,1072.0
0,20180516.0,수,오정로(부천시계),B-26,유출,외발산사거리->오쇠삼거리,9988.0,37.54318,126.8123,18시,1165.0
0,20180516.0,수,오정로(부천시계),B-26,유출,외발산사거리->오쇠삼거리,9988.0,37.54318,126.8123,19시,783.0
0,20180516.0,수,오정로(부천시계),B-26,유출,외발산사거리->오쇠삼거리,9988.0,37.54318,126.8123,20시,560.0
0,20180517.0,목,오정로(부천시계),B-26,유출,외발산사거리->오쇠삼거리,10013.0,37.54318,126.8123,8시,856.0
0,20180517.0,목,오정로(부천시계),B-26,유출,외발산사거리->오쇠삼거리,10013.0,37.54318,126.8123,9시,647.0
0,20180517.0,목,오정로(부천시계),B-26,유출,외발산사거리->오쇠삼거리,10013.0,37.54318,126.8123,10시,607.0
0,20180517.0,목,오정로(부천시계),B-26,유출,외발산사거리->오쇠삼거리,10013.0,37.54318,126.8123,11시,653.0
0,20180517.0,목,오정로(부천시계),B-26,유출,외발산사거리->오쇠삼거리,10013.0,37.54318,126.8123,12시,664.0
0,20180517.0,목,오정로(부천시계),B-26,유출,외발산사거리->오쇠삼거리,10013.0,37.54318,126.8123,13시,643.0
0,20180517.0,목,오정로(부천시계),B-26,유출,외발산사거리->오쇠삼거리,10013.0,37.54318,126.8123,14시,635.0
0,20180517.0,목,오정로(부천시계),B-26,유출,외발산사거리->오쇠삼거리,10013.0,37.54318,126.8123,15시,739.0
0,20180517.0,목,오정로(부천시계),B-26,유출,외발산사거리->오쇠삼거리,10013.0,37.54318,126.8123,16시,904.0
0,20180517.0,목,오정로(부천시계),B-26,유출,외발산사거리->오쇠삼거리,10013.0,37.54318,126.8123,17시,1086.0
0,20180517.0,목,오정로(부천시계),B-26,유출,외발산사거리->오쇠삼거리,10013.0,37.54318,126.8123,18시,1168.0
0,20180517.0,목,오정로(부천시계),B-26,유출,외발산사거리->오쇠삼거리,10013.0,37.54318,126.8123,19시,820.0
0,20180517.0,목,오정로(부천시계),B-26,유출,외발산사거리->오쇠삼거리,10013.0,37.54318,126.8123,20시,591.0
0,20180518.0,금,오정로(부천시계),B-26,유출,외발산사거리->오쇠삼거리,10815.0,37.54318,126.8123,8시,935.0
0,20180518.0,금,오정로(부천시계),B-26,유출,외발산사거리->오쇠삼거리,10815.0,37.54318,126.8123,9시,707.0
0,20180518.0,금,오정로(부천시계),B-26,유출,외발산사거리->오쇠삼거리,10815.0,37.54318,126.8123,10시,691.0
0,20180518.0,금,오정로(부천시계),B-26,유출,외발산사거리->오쇠삼거리,10815.0,37.54318,126.8123,11시,728.0
0,20180518.0,금,오정로(부천시계),B-26,유출,외발산사거리->오쇠삼거리,10815.0,37.54318,126.8123,12시,632.0
0,20180518.0,금,오정로(부천시계),B-26,유출,외발산사거리->오쇠삼거리,10815.0,37.54318,126.8123,13시,691.0
0,20180518.0,금,오정로(부천시계),B-26,유출,외발산사거리->오쇠삼거리,10815.0,37.54318,126.8123,14시,723.0
0,20180518.0,금,오정로(부천시계),B-26,유출,외발산사거리->오쇠삼거리,10815.0,37.54318,126.8123,15시,768.0
0,20180518.0,금,오정로(부천시계),B-26,유출,외발산사거리->오쇠삼거리,10815.0,37.54318,126.8123,16시,963.0
0,20180518.0,금,오정로(부천시계),B-26,유출,외발산사거리->오쇠삼거리,10815.0,37.54318,126.8123,17시,1222.0
0,20180518.0,금,오정로(부천시계),B-26,유출,외발산사거리->오쇠삼거리,10815.0,37.54318,126.8123,18시,1160.0
0,20180518.0,금,오정로(부천시계),B-26,유출,외발산사거리->오쇠삼거리,10815.0,37.54318,126.8123,19시,948.0
0,20180518.0,금,오정로(부천시계),B-26,유출,외발산사거리->오쇠삼거리,10815.0,37.54318,126.8123,20시,647.0
0,20180519.0,토,오정로(부천시계),B-26,유출,외발산사거리->오쇠삼거리,9568.0,37.54318,126.8123,8시,595.0
0,20180519.0,토,오정로(부천시계),B-26,유출,외발산사거리->오쇠삼거리,9568.0,37.54318,126.8123,9시,551.0
0,20180519.0,토,오정로(부천시계),B-26,유출,외발산사거리->오쇠삼거리,9568.0,37.54318,126.8123,10시,630.0
0,20180519.0,토,오정로(부천시계),B-26,유출,외발산사거리->오쇠삼거리,9568.0,37.54318,126.8123,11시,649.0
0,20180519.0,토,오정로(부천시계),B-26,유출,외발산사거리->오쇠삼거리,9568.0,37.54318,126.8123,12시,672.0
0,20180519.0,토,오정로(부천시계),B-26,유출,외발산사거리->오쇠삼거리,9568.0,37.54318,126.8123,13시,723.0
0,20180519.0,토,오정로(부천시계),B-26,유출,외발산사거리->오쇠삼거리,9568.0,37.54318,126.8123,14시,773.0
0,20180519.0,토,오정로(부천시계),B-26,유출,외발산사거리->오쇠삼거리,9568.0,37.54318,126.8123,15시,832.0
0,20180519.0,토,오정로(부천시계),B-26,유출,외발산사거리->오쇠삼거리,9568.0,37.54318,126.8123,16시,899.0
0,20180519.0,토,오정로(부천시계),B-26,유출,외발산사거리->오쇠삼거리,9568.0,37.54318,126.8123,17시,1113.0
0,20180519.0,토,오정로(부천시계),B-26,유출,외발산사거리->오쇠삼거리,9568.0,37.54318,126.8123,18시,866.0
0,20180519.0,토,오정로(부천시계),B-26,유출,외발산사거리->오쇠삼거리,9568.0,37.54318,126.8123,19시,705.0
0,20180519.0,토,오정로(부천시계),B-26,유출,외발산사거리->오쇠삼거리,9568.0,37.54318,126.8123,20시,560.0
0,20180520.0,일,오정로(부천시계),B-26,유출,외발산사거리->오쇠삼거리,7476.0,37.54318,126.8123,8시,373.0
0,20180520.0,일,오정로(부천시계),B-26,유출,외발산사거리->오쇠삼거리,7476.0,37.54318,126.8123,9시,432.0
0,20180520.0,일,오정로(부천시계),B-26,유출,외발산사거리->오쇠삼거리,7476.0,37.54318,126.8123,10시,455.0
0,20180520.0,일,오정로(부천시계),B-26,유출,외발산사거리->오쇠삼거리,7476.0,37.54318,126.8123,11시,483.0
0,20180520.0,일,오정로(부천시계),B-26,유출,외발산사거리->오쇠삼거리,7476.0,37.54318,126.8123,12시,537.0
0,20180520.0,일,오정로(부천시계),B-26,유출,외발산사거리->오쇠삼거리,7476.0,37.54318,126.8123,13시,575.0
0,20180520.0,일,오정로(부천시계),B-26,유출,외발산사거리->오쇠삼거리,7476.0,37.54318,126.8123,14시,649.0
0,20180520.0,일,오정로(부천시계),B-26,유출,외발산사거리->오쇠삼거리,7476.0,37.54318,126.8123,15시,698.0
0,20180520.0,일,오정로(부천시계),B-26,유출,외발산사거리->오쇠삼거리,7476.0,37.54318,126.8123,16시,715.0
0,20180520.0,일,오정로(부천시계),B-26,유출,외발산사거리->오쇠삼거리,7476.0,37.54318,126.8123,17시,813.0
0,20180520.0,일,오정로(부천시계),B-26,유출,외발산사거리->오쇠삼거리,7476.0,37.54318,126.8123,18시,712.0
0,20180520.0,일,오정로(부천시계),B-26,유출,외발산사거리->오쇠삼거리,7476.0,37.54318,126.8123,19시,518.0
0,20180520.0,일,오정로(부천시계),B-26,유출,외발산사거리->오쇠삼거리,7476.0,37.54318,126.8123,20시,516.0
0,20180521.0,월,오정로(부천시계),B-26,유출,외발산사거리->오쇠삼거리,10525.0,37.54318,126.8123,8시,793.0
0,20180521.0,월,오정로(부천시계),B-26,유출,외발산사거리->오쇠삼거리,10525.0,37.54318,126.8123,9시,623.0
0,20180521.0,월,오정로(부천시계),B-26,유출,외발산사거리->오쇠삼거리,10525.0,37.54318,126.8123,10시,631.0
0,20180521.0,월,오정로(부천시계),B-26,유출,외발산사거리->오쇠삼거리,10525.0,37.54318,126.8123,11시,717.0
0,20180521.0,월,오정로(부천시계),B-26,유출,외발산사거리->오쇠삼거리,10525.0,37.54318,126.8123,12시,633.0
0,20180521.0,월,오정로(부천시계),B-26,유출,외발산사거리->오쇠삼거리,10525.0,37.54318,126.8123,13시,642.0
0,20180521.0,월,오정로(부천시계),B-26,유출,외발산사거리->오쇠삼거리,10525.0,37.54318,126.8123,14시,677.0
0,20180521.0,월,오정로(부천시계),B-26,유출,외발산사거리->오쇠삼거리,10525.0,37.54318,126.8123,15시,838.0
0,20180521.0,월,오정로(부천시계),B-26,유출,외발산사거리->오쇠삼거리,10525.0,37.54318,126.8123,16시,938.0
0,20180521.0,월,오정로(부천시계),B-26,유출,외발산사거리->오쇠삼거리,10525.0,37.54318,126.8123,17시,1145.0
0,20180521.0,월,오정로(부천시계),B-26,유출,외발산사거리->오쇠삼거리,10525.0,37.54318,126.8123,18시,1261.0
0,20180521.0,월,오정로(부천시계),B-26,유출,외발산사거리->오쇠삼거리,10525.0,37.54318,126.8123,19시,954.0
0,20180521.0,월,오정로(부천시계),B-26,유출,외발산사거리->오쇠삼거리,10525.0,37.54318,126.8123,20시,673.0
0,20180522.0,화,오정로(부천시계),B-26,유출,외발산사거리->오쇠삼거리,8427.0,37.54318,126.8123,8시,476.0
0,20180522.0,화,오정로(부천시계),B-26,유출,외발산사거리->오쇠삼거리,8427.0,37.54318,126.8123,9시,459.0
0,20180522.0,화,오정로(부천시계),B-26,유출,외발산사거리->오쇠삼거리,8427.0,37.54318,126.8123,10시,557.0
0,20180522.0,화,오정로(부천시계),B-26,유출,외발산사거리->오쇠삼거리,8427.0,37.54318,126.8123,11시,574.0
0,20180522.0,화,오정로(부천시계),B-26,유출,외발산사거리->오쇠삼거리,8427.0,37.54318,126.8123,12시,592.0
0,20180522.0,화,오정로(부천시계),B-26,유출,외발산사거리->오쇠삼거리,8427.0,37.54318,126.8123,13시,645.0
0,20180522.0,화,오정로(부천시계),B-26,유출,외발산사거리->오쇠삼거리,8427.0,37.54318,126.8123,14시,718.0
0,20180522.0,화,오정로(부천시계),B-26,유출,외발산사거리->오쇠삼거리,8427.0,37.54318,126.8123,15시,739.0
0,20180522.0,화,오정로(부천시계),B-26,유출,외발산사거리->오쇠삼거리,8427.0,37.54318,126.8123,16시,838.0
0,20180522.0,화,오정로(부천시계),B-26,유출,외발산사거리->오쇠삼거리,8427.0,37.54318,126.8123,17시,916.0
0,20180522.0,화,오정로(부천시계),B-26,유출,외발산사거리->오쇠삼거리,8427.0,37.54318,126.8123,18시,795.0
0,20180522.0,화,오정로(부천시계),B-26,유출,외발산사거리->오쇠삼거리,8427.0,37.54318,126.8123,19시,617.0
0,20180522.0,화,오정로(부천시계),B-26,유출,외발산사거리->오쇠삼거리,8427.0,37.54318,126.8123,20시,501.0
0,20180523.0,수,오정로(부천시계),B-26,유출,외발산사거리->오쇠삼거리,10817.0,37.54318,126.8123,8시,900.0
0,20180523.0,수,오정로(부천시계),B-26,유출,외발산사거리->오쇠삼거리,10817.0,37.54318,126.8123,9시,685.0
0,20180523.0,수,오정로(부천시계),B-26,유출,외발산사거리->오쇠삼거리,10817.0,37.54318,126.8123,10시,667.0
0,20180523.0,수,오정로(부천시계),B-26,유출,외발산사거리->오쇠삼거리,10817.0,37.54318,126.8123,11시,667.0
0,20180523.0,수,오정로(부천시계),B-26,유출,외발산사거리->오쇠삼거리,10817.0,37.54318,126.8123,12시,625.0
0,20180523.0,수,오정로(부천시계),B-26,유출,외발산사거리->오쇠삼거리,10817.0,37.54318,126.8123,13시,637.0
0,20180523.0,수,오정로(부천시계),B-26,유출,외발산사거리->오쇠삼거리,10817.0,37.54318,126.8123,14시,732.0
0,20180523.0,수,오정로(부천시계),B-26,유출,외발산사거리->오쇠삼거리,10817.0,37.54318,126.8123,15시,777.0
0,20180523.0,수,오정로(부천시계),B-26,유출,외발산사거리->오쇠삼거리,10817.0,37.54318,126.8123,16시,998.0
0,20180523.0,수,오정로(부천시계),B-26,유출,외발산사거리->오쇠삼거리,10817.0,37.54318,126.8123,17시,1188.0
0,20180523.0,수,오정로(부천시계),B-26,유출,외발산사거리->오쇠삼거리,10817.0,37.54318,126.8123,18시,1265.0
0,20180523.0,수,오정로(부천시계),B-26,유출,외발산사거리->오쇠삼거리,10817.0,37.54318,126.8123,19시,1068.0
0,20180523.0,수,오정로(부천시계),B-26,유출,외발산사거리->오쇠삼거리,10817.0,37.54318,126.8123,20시,608.0
0,20180524.0,목,오정로(부천시계),B-26,유출,외발산사거리->오쇠삼거리,10623.0,37.54318,126.8123,8시,920.0
0,20180524.0,목,오정로(부천시계),B-26,유출,외발산사거리->오쇠삼거리,10623.0,37.54318,126.8123,9시,692.0
0,20180524.0,목,오정로(부천시계),B-26,유출,외발산사거리->오쇠삼거리,10623.0,37.54318,126.8123,10시,702.0
0,20180524.0,목,오정로(부천시계),B-26,유출,외발산사거리->오쇠삼거리,10623.0,37.54318,126.8123,11시,647.0
0,20180524.0,목,오정로(부천시계),B-26,유출,외발산사거리->오쇠삼거리,10623.0,37.54318,126.8123,12시,629.0
0,20180524.0,목,오정로(부천시계),B-26,유출,외발산사거리->오쇠삼거리,10623.0,37.54318,126.8123,13시,651.0
0,20180524.0,목,오정로(부천시계),B-26,유출,외발산사거리->오쇠삼거리,10623.0,37.54318,126.8123,14시,736.0
0,20180524.0,목,오정로(부천시계),B-26,유출,외발산사거리->오쇠삼거리,10623.0,37.54318,126.8123,15시,746.0
0,20180524.0,목,오정로(부천시계),B-26,유출,외발산사거리->오쇠삼거리,10623.0,37.54318,126.8123,16시,840.0
0,20180524.0,목,오정로(부천시계),B-26,유출,외발산사거리->오쇠삼거리,10623.0,37.54318,126.8123,17시,1153.0
0,20180524.0,목,오정로(부천시계),B-26,유출,외발산사거리->오쇠삼거리,10623.0,37.54318,126.8123,18시,1282.0
0,20180524.0,목,오정로(부천시계),B-26,유출,외발산사거리->오쇠삼거리,10623.0,37.54318,126.8123,19시,967.0
0,20180524.0,목,오정로(부천시계),B-26,유출,외발산사거리->오쇠삼거리,10623.0,37.54318,126.8123,20시,658.0
0,20180525.0,금,오정로(부천시계),B-26,유출,외발산사거리->오쇠삼거리,11085.0,37.54318,126.8123,8시,956.0
0,20180525.0,금,오정로(부천시계),B-26,유출,외발산사거리->오쇠삼거리,11085.0,37.54318,126.8123,9시,700.0
0,20180525.0,금,오정로(부천시계),B-26,유출,외발산사거리->오쇠삼거리,11085.0,37.54318,126.8123,10시,659.0
0,20180525.0,금,오정로(부천시계),B-26,유출,외발산사거리->오쇠삼거리,11085.0,37.54318,126.8123,11시,666.0
0,20180525.0,금,오정로(부천시계),B-26,유출,외발산사거리->오쇠삼거리,11085.0,37.54318,126.8123,12시,654.0
0,20180525.0,금,오정로(부천시계),B-26,유출,외발산사거리->오쇠삼거리,11085.0,37.54318,126.8123,13시,669.0
0,20180525.0,금,오정로(부천시계),B-26,유출,외발산사거리->오쇠삼거리,11085.0,37.54318,126.8123,14시,749.0
0,20180525.0,금,오정로(부천시계),B-26,유출,외발산사거리->오쇠삼거리,11085.0,37.54318,126.8123,15시,837.0
0,20180525.0,금,오정로(부천시계),B-26,유출,외발산사거리->오쇠삼거리,11085.0,37.54318,126.8123,16시,1026.0
0,20180525.0,금,오정로(부천시계),B-26,유출,외발산사거리->오쇠삼거리,11085.0,37.54318,126.8123,17시,1214.0
0,20180525.0,금,오정로(부천시계),B-26,유출,외발산사거리->오쇠삼거리,11085.0,37.54318,126.8123,18시,1257.0
0,20180525.0,금,오정로(부천시계),B-26,유출,외발산사거리->오쇠삼거리,11085.0,37.54318,126.8123,19시,1052.0
0,20180525.0,금,오정로(부천시계),B-26,유출,외발산사거리->오쇠삼거리,11085.0,37.54318,126.8123,20시,646.0
0,20180526.0,토,오정로(부천시계),B-26,유출,외발산사거리->오쇠삼거리,9620.0,37.54318,126.8123,8시,555.0
0,20180526.0,토,오정로(부천시계),B-26,유출,외발산사거리->오쇠삼거리,9620.0,37.54318,126.8123,9시,591.0
0,20180526.0,토,오정로(부천시계),B-26,유출,외발산사거리->오쇠삼거리,9620.0,37.54318,126.8123,10시,611.0
0,20180526.0,토,오정로(부천시계),B-26,유출,외발산사거리->오쇠삼거리,9620.0,37.54318,126.8123,11시,697.0
0,20180526.0,토,오정로(부천시계),B-26,유출,외발산사거리->오쇠삼거리,9620.0,37.54318,126.8123,12시,629.0
0,20180526.0,토,오정로(부천시계),B-26,유출,외발산사거리->오쇠삼거리,9620.0,37.54318,126.8123,13시,669.0
0,20180526.0,토,오정로(부천시계),B-26,유출,외발산사거리->오쇠삼거리,9620.0,37.54318,126.8123,14시,787.0
0,20180526.0,토,오정로(부천시계),B-26,유출,외발산사거리->오쇠삼거리,9620.0,37.54318,126.8123,15시,830.0
0,20180526.0,토,오정로(부천시계),B-26,유출,외발산사거리->오쇠삼거리,9620.0,37.54318,126.8123,16시,940.0
0,20180526.0,토,오정로(부천시계),B-26,유출,외발산사거리->오쇠삼거리,9620.0,37.54318,126.8123,17시,1107.0
0,20180526.0,토,오정로(부천시계),B-26,유출,외발산사거리->오쇠삼거리,9620.0,37.54318,126.8123,18시,960.0
0,20180526.0,토,오정로(부천시계),B-26,유출,외발산사거리->오쇠삼거리,9620.0,37.54318,126.8123,19시,697.0
0,20180526.0,토,오정로(부천시계),B-26,유출,외발산사거리->오쇠삼거리,9620.0,37.54318,126.8123,20시,547.0
0,20180527.0,일,오정로(부천시계),B-26,유출,외발산사거리->오쇠삼거리,7649.0,37.54318,126.8123,8시,375.0
0,20180527.0,일,오정로(부천시계),B-26,유출,외발산사거리->오쇠삼거리,7649.0,37.54318,126.8123,9시,440.0
0,20180527.0,일,오정로(부천시계),B-26,유출,외발산사거리->오쇠삼거리,7649.0,37.54318,126.8123,10시,493.0
0,20180527.0,일,오정로(부천시계),B-26,유출,외발산사거리->오쇠삼거리,7649.0,37.54318,126.8123,11시,525.0
0,20180527.0,일,오정로(부천시계),B-26,유출,외발산사거리->오쇠삼거리,7649.0,37.54318,126.8123,12시,523.0
0,20180527.0,일,오정로(부천시계),B-26,유출,외발산사거리->오쇠삼거리,7649.0,37.54318,126.8123,13시,641.0
0,20180527.0,일,오정로(부천시계),B-26,유출,외발산사거리->오쇠삼거리,7649.0,37.54318,126.8123,14시,645.0
0,20180527.0,일,오정로(부천시계),B-26,유출,외발산사거리->오쇠삼거리,7649.0,37.54318,126.8123,15시,688.0
0,20180527.0,일,오정로(부천시계),B-26,유출,외발산사거리->오쇠삼거리,7649.0,37.54318,126.8123,16시,781.0
0,20180527.0,일,오정로(부천시계),B-26,유출,외발산사거리->오쇠삼거리,7649.0,37.54318,126.8123,17시,809.0
0,20180527.0,일,오정로(부천시계),B-26,유출,외발산사거리->오쇠삼거리,7649.0,37.54318,126.8123,18시,687.0
0,20180527.0,일,오정로(부천시계),B-26,유출,외발산사거리->오쇠삼거리,7649.0,37.54318,126.8123,19시,520.0
0,20180527.0,일,오정로(부천시계),B-26,유출,외발산사거리->오쇠삼거리,7649.0,37.54318,126.8123,20시,522.0
0,20180528.0,월,오정로(부천시계),B-26,유출,외발산사거리->오쇠삼거리,10865.0,37.54318,126.8123,8시,953.0
0,20180528.0,월,오정로(부천시계),B-26,유출,외발산사거리->오쇠삼거리,10865.0,37.54318,126.8123,9시,727.0
0,20180528.0,월,오정로(부천시계),B-26,유출,외발산사거리->오쇠삼거리,10865.0,37.54318,126.8123,10시,658.0
0,20180528.0,월,오정로(부천시계),B-26,유출,외발산사거리->오쇠삼거리,10865.0,37.54318,126.8123,11시,672.0
0,20180528.0,월,오정로(부천시계),B-26,유출,외발산사거리->오쇠삼거리,10865.0,37.54318,126.8123,12시,603.0
0,20180528.0,월,오정로(부천시계),B-26,유출,외발산사거리->오쇠삼거리,10865.0,37.54318,126.8123,13시,689.0
0,20180528.0,월,오정로(부천시계),B-26,유출,외발산사거리->오쇠삼거리,10865.0,37.54318,126.8123,14시,685.0
0,20180528.0,월,오정로(부천시계),B-26,유출,외발산사거리->오쇠삼거리,10865.0,37.54318,126.8123,15시,784.0
0,20180528.0,월,오정로(부천시계),B-26,유출,외발산사거리->오쇠삼거리,10865.0,37.54318,126.8123,16시,977.0
0,20180528.0,월,오정로(부천시계),B-26,유출,외발산사거리->오쇠삼거리,10865.0,37.54318,126.8123,17시,1235.0
0,20180528.0,월,오정로(부천시계),B-26,유출,외발산사거리->오쇠삼거리,10865.0,37.54318,126.8123,18시,1265.0
0,20180528.0,월,오정로(부천시계),B-26,유출,외발산사거리->오쇠삼거리,10865.0,37.54318,126.8123,19시,983.0
0,20180528.0,월,오정로(부천시계),B-26,유출,외발산사거리->오쇠삼거리,10865.0,37.54318,126.8123,20시,634.0
0,20180529.0,화,오정로(부천시계),B-26,유출,외발산사거리->오쇠삼거리,10857.0,37.54318,126.8123,8시,978.0
0,20180529.0,화,오정로(부천시계),B-26,유출,외발산사거리->오쇠삼거리,10857.0,37.54318,126.8123,9시,702.0
0,20180529.0,화,오정로(부천시계),B-26,유출,외발산사거리->오쇠삼거리,10857.0,37.54318,126.8123,10시,675.0
0,20180529.0,화,오정로(부천시계),B-26,유출,외발산사거리->오쇠삼거리,10857.0,37.54318,126.8123,11시,701.0
0,20180529.0,화,오정로(부천시계),B-26,유출,외발산사거리->오쇠삼거리,10857.0,37.54318,126.8123,12시,613.0
0,20180529.0,화,오정로(부천시계),B-26,유출,외발산사거리->오쇠삼거리,10857.0,37.54318,126.8123,13시,619.0
0,20180529.0,화,오정로(부천시계),B-26,유출,외발산사거리->오쇠삼거리,10857.0,37.54318,126.8123,14시,712.0
0,20180529.0,화,오정로(부천시계),B-26,유출,외발산사거리->오쇠삼거리,10857.0,37.54318,126.8123,15시,756.0
0,20180529.0,화,오정로(부천시계),B-26,유출,외발산사거리->오쇠삼거리,10857.0,37.54318,126.8123,16시,938.0
0,20180529.0,화,오정로(부천시계),B-26,유출,외발산사거리->오쇠삼거리,10857.0,37.54318,126.8123,17시,1220.0
0,20180529.0,화,오정로(부천시계),B-26,유출,외발산사거리->오쇠삼거리,10857.0,37.54318,126.8123,18시,1294.0
0,20180529.0,화,오정로(부천시계),B-26,유출,외발산사거리->오쇠삼거리,10857.0,37.54318,126.8123,19시,1019.0
0,20180529.0,화,오정로(부천시계),B-26,유출,외발산사거리->오쇠삼거리,10857.0,37.54318,126.8123,20시,630.0
0,20180530.0,수,오정로(부천시계),B-26,유출,외발산사거리->오쇠삼거리,10667.0,37.54318,126.8123,8시,962.0
0,20180530.0,수,오정로(부천시계),B-26,유출,외발산사거리->오쇠삼거리,10667.0,37.54318,126.8123,9시,776.0
0,20180530.0,수,오정로(부천시계),B-26,유출,외발산사거리->오쇠삼거리,10667.0,37.54318,126.8123,10시,689.0
0,20180530.0,수,오정로(부천시계),B-26,유출,외발산사거리->오쇠삼거리,10667.0,37.54318,126.8123,11시,675.0
0,20180530.0,수,오정로(부천시계),B-26,유출,외발산사거리->오쇠삼거리,10667.0,37.54318,126.8123,12시,630.0
0,20180530.0,수,오정로(부천시계),B-26,유출,외발산사거리->오쇠삼거리,10667.0,37.54318,126.8123,13시,632.0
0,20180530.0,수,오정로(부천시계),B-26,유출,외발산사거리->오쇠삼거리,10667.0,37.54318,126.8123,14시,656.0
0,20180530.0,수,오정로(부천시계),B-26,유출,외발산사거리->오쇠삼거리,10667.0,37.54318,126.8123,15시,721.0
0,20180530.0,수,오정로(부천시계),B-26,유출,외발산사거리->오쇠삼거리,10667.0,37.54318,126.8123,16시,886.0
0,20180530.0,수,오정로(부천시계),B-26,유출,외발산사거리->오쇠삼거리,10667.0,37.54318,126.8123,17시,1191.0
0,20180530.0,수,오정로(부천시계),B-26,유출,외발산사거리->오쇠삼거리,10667.0,37.54318,126.8123,18시,1256.0
0,20180530.0,수,오정로(부천시계),B-26,유출,외발산사거리->오쇠삼거리,10667.0,37.54318,126.8123,19시,977.0
0,20180530.0,수,오정로(부천시계),B-26,유출,외발산사거리->오쇠삼거리,10667.0,37.54318,126.8123,20시,616.0
0,20180531.0,목,오정로(부천시계),B-26,유출,외발산사거리->오쇠삼거리,10616.0,37.54318,126.8123,8시,903.0
0,20180531.0,목,오정로(부천시계),B-26,유출,외발산사거리->오쇠삼거리,10616.0,37.54318,126.8123,9시,650.0
0,20180531.0,목,오정로(부천시계),B-26,유출,외발산사거리->오쇠삼거리,10616.0,37.54318,126.8123,10시,615.0
0,20180531.0,목,오정로(부천시계),B-26,유출,외발산사거리->오쇠삼거리,10616.0,37.54318,126.8123,11시,639.0
0,20180531.0,목,오정로(부천시계),B-26,유출,외발산사거리->오쇠삼거리,10616.0,37.54318,126.8123,12시,674.0
0,20180531.0,목,오정로(부천시계),B-26,유출,외발산사거리->오쇠삼거리,10616.0,37.54318,126.8123,13시,678.0
0,20180531.0,목,오정로(부천시계),B-26,유출,외발산사거리->오쇠삼거리,10616.0,37.54318,126.8123,14시,672.0
0,20180531.0,목,오정로(부천시계),B-26,유출,외발산사거리->오쇠삼거리,10616.0,37.54318,126.8123,15시,745.0
0,20180531.0,목,오정로(부천시계),B-26,유출,외발산사거리->오쇠삼거리,10616.0,37.54318,126.8123,16시,925.0
0,20180531.0,목,오정로(부천시계),B-26,유출,외발산사거리->오쇠삼거리,10616.0,37.54318,126.8123,17시,1250.0
0,20180531.0,목,오정로(부천시계),B-26,유출,외발산사거리->오쇠삼거리,10616.0,37.54318,126.8123,18시,1293.0
0,20180531.0,목,오정로(부천시계),B-26,유출,외발산사거리->오쇠삼거리,10616.0,37.54318,126.8123,19시,942.0
0,20180531.0,목,오정로(부천시계),B-26,유출,외발산사거리->오쇠삼거리,10616.0,37.54318,126.8123,20시,630.0
0,20180601.0,금,오정로(부천시계),B-26,유입,오쇠삼거리->외발산사거리,7574.0,37.54318,126.8123,8시,747.0
0,20180601.0,금,오정로(부천시계),B-26,유입,오쇠삼거리->외발산사거리,7574.0,37.54318,126.8123,9시,625.0
0,20180601.0,금,오정로(부천시계),B-26,유입,오쇠삼거리->외발산사거리,7574.0,37.54318,126.8123,10시,590.0
0,20180601.0,금,오정로(부천시계),B-26,유입,오쇠삼거리->외발산사거리,7574.0,37.54318,126.8123,11시,570.0
0,20180601.0,금,오정로(부천시계),B-26,유입,오쇠삼거리->외발산사거리,7574.0,37.54318,126.8123,12시,516.0
0,20180601.0,금,오정로(부천시계),B-26,유입,오쇠삼거리->외발산사거리,7574.0,37.54318,126.8123,13시,537.0
0,20180601.0,금,오정로(부천시계),B-26,유입,오쇠삼거리->외발산사거리,7574.0,37.54318,126.8123,14시,537.0
0,20180601.0,금,오정로(부천시계),B-26,유입,오쇠삼거리->외발산사거리,7574.0,37.54318,126.8123,15시,581.0
0,20180601.0,금,오정로(부천시계),B-26,유입,오쇠삼거리->외발산사거리,7574.0,37.54318,126.8123,16시,614.0
0,20180601.0,금,오정로(부천시계),B-26,유입,오쇠삼거리->외발산사거리,7574.0,37.54318,126.8123,17시,712.0
0,20180601.0,금,오정로(부천시계),B-26,유입,오쇠삼거리->외발산사거리,7574.0,37.54318,126.8123,18시,612.0
0,20180601.0,금,오정로(부천시계),B-26,유입,오쇠삼거리->외발산사거리,7574.0,37.54318,126.8123,19시,493.0
0,20180601.0,금,오정로(부천시계),B-26,유입,오쇠삼거리->외발산사거리,7574.0,37.54318,126.8123,20시,440.0
0,20180602.0,토,오정로(부천시계),B-26,유입,오쇠삼거리->외발산사거리,6994.0,37.54318,126.8123,8시,509.0
0,20180602.0,토,오정로(부천시계),B-26,유입,오쇠삼거리->외발산사거리,6994.0,37.54318,126.8123,9시,589.0
0,20180602.0,토,오정로(부천시계),B-26,유입,오쇠삼거리->외발산사거리,6994.0,37.54318,126.8123,10시,589.0
0,20180602.0,토,오정로(부천시계),B-26,유입,오쇠삼거리->외발산사거리,6994.0,37.54318,126.8123,11시,622.0
0,20180602.0,토,오정로(부천시계),B-26,유입,오쇠삼거리->외발산사거리,6994.0,37.54318,126.8123,12시,583.0
0,20180602.0,토,오정로(부천시계),B-26,유입,오쇠삼거리->외발산사거리,6994.0,37.54318,126.8123,13시,572.0
0,20180602.0,토,오정로(부천시계),B-26,유입,오쇠삼거리->외발산사거리,6994.0,37.54318,126.8123,14시,588.0
0,20180602.0,토,오정로(부천시계),B-26,유입,오쇠삼거리->외발산사거리,6994.0,37.54318,126.8123,15시,603.0
0,20180602.0,토,오정로(부천시계),B-26,유입,오쇠삼거리->외발산사거리,6994.0,37.54318,126.8123,16시,554.0
0,20180602.0,토,오정로(부천시계),B-26,유입,오쇠삼거리->외발산사거리,6994.0,37.54318,126.8123,17시,559.0
0,20180602.0,토,오정로(부천시계),B-26,유입,오쇠삼거리->외발산사거리,6994.0,37.54318,126.8123,18시,514.0
0,20180602.0,토,오정로(부천시계),B-26,유입,오쇠삼거리->외발산사거리,6994.0,37.54318,126.8123,19시,396.0
0,20180602.0,토,오정로(부천시계),B-26,유입,오쇠삼거리->외발산사거리,6994.0,37.54318,126.8123,20시,316.0
0,20180603.0,일,오정로(부천시계),B-26,유입,오쇠삼거리->외발산사거리,5911.0,37.54318,126.8123,8시,347.0
0,20180603.0,일,오정로(부천시계),B-26,유입,오쇠삼거리->외발산사거리,5911.0,37.54318,126.8123,9시,421.0
0,20180603.0,일,오정로(부천시계),B-26,유입,오쇠삼거리->외발산사거리,5911.0,37.54318,126.8123,10시,484.0
0,20180603.0,일,오정로(부천시계),B-26,유입,오쇠삼거리->외발산사거리,5911.0,37.54318,126.8123,11시,450.0
0,20180603.0,일,오정로(부천시계),B-26,유입,오쇠삼거리->외발산사거리,5911.0,37.54318,126.8123,12시,533.0
0,20180603.0,일,오정로(부천시계),B-26,유입,오쇠삼거리->외발산사거리,5911.0,37.54318,126.8123,13시,533.0
0,20180603.0,일,오정로(부천시계),B-26,유입,오쇠삼거리->외발산사거리,5911.0,37.54318,126.8123,14시,499.0
0,20180603.0,일,오정로(부천시계),B-26,유입,오쇠삼거리->외발산사거리,5911.0,37.54318,126.8123,15시,516.0
0,20180603.0,일,오정로(부천시계),B-26,유입,오쇠삼거리->외발산사거리,5911.0,37.54318,126.8123,16시,468.0
0,20180603.0,일,오정로(부천시계),B-26,유입,오쇠삼거리->외발산사거리,5911.0,37.54318,126.8123,17시,509.0
0,20180603.0,일,오정로(부천시계),B-26,유입,오쇠삼거리->외발산사거리,5911.0,37.54318,126.8123,18시,440.0
0,20180603.0,일,오정로(부천시계),B-26,유입,오쇠삼거리->외발산사거리,5911.0,37.54318,126.8123,19시,376.0
0,20180603.0,일,오정로(부천시계),B-26,유입,오쇠삼거리->외발산사거리,5911.0,37.54318,126.8123,20시,335.0
0,20180604.0,월,오정로(부천시계),B-26,유입,오쇠삼거리->외발산사거리,7497.0,37.54318,126.8123,8시,801.0
0,20180604.0,월,오정로(부천시계),B-26,유입,오쇠삼거리->외발산사거리,7497.0,37.54318,126.8123,9시,620.0
0,20180604.0,월,오정로(부천시계),B-26,유입,오쇠삼거리->외발산사거리,7497.0,37.54318,126.8123,10시,597.0
0,20180604.0,월,오정로(부천시계),B-26,유입,오쇠삼거리->외발산사거리,7497.0,37.54318,126.8123,11시,616.0
0,20180604.0,월,오정로(부천시계),B-26,유입,오쇠삼거리->외발산사거리,7497.0,37.54318,126.8123,12시,527.0
0,20180604.0,월,오정로(부천시계),B-26,유입,오쇠삼거리->외발산사거리,7497.0,37.54318,126.8123,13시,503.0
0,20180604.0,월,오정로(부천시계),B-26,유입,오쇠삼거리->외발산사거리,7497.0,37.54318,126.8123,14시,565.0
0,20180604.0,월,오정로(부천시계),B-26,유입,오쇠삼거리->외발산사거리,7497.0,37.54318,126.8123,15시,538.0
0,20180604.0,월,오정로(부천시계),B-26,유입,오쇠삼거리->외발산사거리,7497.0,37.54318,126.8123,16시,543.0
0,20180604.0,월,오정로(부천시계),B-26,유입,오쇠삼거리->외발산사거리,7497.0,37.54318,126.8123,17시,701.0
0,20180604.0,월,오정로(부천시계),B-26,유입,오쇠삼거리->외발산사거리,7497.0,37.54318,126.8123,18시,593.0
0,20180604.0,월,오정로(부천시계),B-26,유입,오쇠삼거리->외발산사거리,7497.0,37.54318,126.8123,19시,494.0
0,20180604.0,월,오정로(부천시계),B-26,유입,오쇠삼거리->외발산사거리,7497.0,37.54318,126.8123,20시,399.0
0,20180605.0,화,오정로(부천시계),B-26,유입,오쇠삼거리->외발산사거리,7627.0,37.54318,126.8123,8시,796.0
0,20180605.0,화,오정로(부천시계),B-26,유입,오쇠삼거리->외발산사거리,7627.0,37.54318,126.8123,9시,674.0
0,20180605.0,화,오정로(부천시계),B-26,유입,오쇠삼거리->외발산사거리,7627.0,37.54318,126.8123,10시,641.0
0,20180605.0,화,오정로(부천시계),B-26,유입,오쇠삼거리->외발산사거리,7627.0,37.54318,126.8123,11시,611.0
0,20180605.0,화,오정로(부천시계),B-26,유입,오쇠삼거리->외발산사거리,7627.0,37.54318,126.8123,12시,488.0
0,20180605.0,화,오정로(부천시계),B-26,유입,오쇠삼거리->외발산사거리,7627.0,37.54318,126.8123,13시,563.0
0,20180605.0,화,오정로(부천시계),B-26,유입,오쇠삼거리->외발산사거리,7627.0,37.54318,126.8123,14시,528.0
0,20180605.0,화,오정로(부천시계),B-26,유입,오쇠삼거리->외발산사거리,7627.0,37.54318,126.8123,15시,521.0
0,20180605.0,화,오정로(부천시계),B-26,유입,오쇠삼거리->외발산사거리,7627.0,37.54318,126.8123,16시,602.0
0,20180605.0,화,오정로(부천시계),B-26,유입,오쇠삼거리->외발산사거리,7627.0,37.54318,126.8123,17시,680.0
0,20180605.0,화,오정로(부천시계),B-26,유입,오쇠삼거리->외발산사거리,7627.0,37.54318,126.8123,18시,628.0
0,20180605.0,화,오정로(부천시계),B-26,유입,오쇠삼거리->외발산사거리,7627.0,37.54318,126.8123,19시,477.0
0,20180605.0,화,오정로(부천시계),B-26,유입,오쇠삼거리->외발산사거리,7627.0,37.54318,126.8123,20시,418.0
0,20180606.0,수,오정로(부천시계),B-26,유입,오쇠삼거리->외발산사거리,6256.0,37.54318,126.8123,8시,453.0
0,20180606.0,수,오정로(부천시계),B-26,유입,오쇠삼거리->외발산사거리,6256.0,37.54318,126.8123,9시,566.0
0,20180606.0,수,오정로(부천시계),B-26,유입,오쇠삼거리->외발산사거리,6256.0,37.54318,126.8123,10시,493.0
0,20180606.0,수,오정로(부천시계),B-26,유입,오쇠삼거리->외발산사거리,6256.0,37.54318,126.8123,11시,558.0
0,20180606.0,수,오정로(부천시계),B-26,유입,오쇠삼거리->외발산사거리,6256.0,37.54318,126.8123,12시,497.0
0,20180606.0,수,오정로(부천시계),B-26,유입,오쇠삼거리->외발산사거리,6256.0,37.54318,126.8123,13시,524.0
0,20180606.0,수,오정로(부천시계),B-26,유입,오쇠삼거리->외발산사거리,6256.0,37.54318,126.8123,14시,509.0
0,20180606.0,수,오정로(부천시계),B-26,유입,오쇠삼거리->외발산사거리,6256.0,37.54318,126.8123,15시,476.0
0,20180606.0,수,오정로(부천시계),B-26,유입,오쇠삼거리->외발산사거리,6256.0,37.54318,126.8123,16시,493.0
0,20180606.0,수,오정로(부천시계),B-26,유입,오쇠삼거리->외발산사거리,6256.0,37.54318,126.8123,17시,521.0
0,20180606.0,수,오정로(부천시계),B-26,유입,오쇠삼거리->외발산사거리,6256.0,37.54318,126.8123,18시,419.0
0,20180606.0,수,오정로(부천시계),B-26,유입,오쇠삼거리->외발산사거리,6256.0,37.54318,126.8123,19시,406.0
0,20180606.0,수,오정로(부천시계),B-26,유입,오쇠삼거리->외발산사거리,6256.0,37.54318,126.8123,20시,341.0
0,20180607.0,목,오정로(부천시계),B-26,유입,오쇠삼거리->외발산사거리,7599.0,37.54318,126.8123,8시,816.0
0,20180607.0,목,오정로(부천시계),B-26,유입,오쇠삼거리->외발산사거리,7599.0,37.54318,126.8123,9시,705.0
0,20180607.0,목,오정로(부천시계),B-26,유입,오쇠삼거리->외발산사거리,7599.0,37.54318,126.8123,10시,646.0
0,20180607.0,목,오정로(부천시계),B-26,유입,오쇠삼거리->외발산사거리,7599.0,37.54318,126.8123,11시,632.0
0,20180607.0,목,오정로(부천시계),B-26,유입,오쇠삼거리->외발산사거리,7599.0,37.54318,126.8123,12시,513.0
0,20180607.0,목,오정로(부천시계),B-26,유입,오쇠삼거리->외발산사거리,7599.0,37.54318,126.8123,13시,489.0
0,20180607.0,목,오정로(부천시계),B-26,유입,오쇠삼거리->외발산사거리,7599.0,37.54318,126.8123,14시,506.0
0,20180607.0,목,오정로(부천시계),B-26,유입,오쇠삼거리->외발산사거리,7599.0,37.54318,126.8123,15시,548.0
0,20180607.0,목,오정로(부천시계),B-26,유입,오쇠삼거리->외발산사거리,7599.0,37.54318,126.8123,16시,585.0
0,20180607.0,목,오정로(부천시계),B-26,유입,오쇠삼거리->외발산사거리,7599.0,37.54318,126.8123,17시,684.0
0,20180607.0,목,오정로(부천시계),B-26,유입,오쇠삼거리->외발산사거리,7599.0,37.54318,126.8123,18시,587.0
0,20180607.0,목,오정로(부천시계),B-26,유입,오쇠삼거리->외발산사거리,7599.0,37.54318,126.8123,19시,498.0
0,20180607.0,목,오정로(부천시계),B-26,유입,오쇠삼거리->외발산사거리,7599.0,37.54318,126.8123,20시,390.0
0,20180608.0,금,오정로(부천시계),B-26,유입,오쇠삼거리->외발산사거리,7800.0,37.54318,126.8123,8시,760.0
0,20180608.0,금,오정로(부천시계),B-26,유입,오쇠삼거리->외발산사거리,7800.0,37.54318,126.8123,9시,695.0
0,20180608.0,금,오정로(부천시계),B-26,유입,오쇠삼거리->외발산사거리,7800.0,37.54318,126.8123,10시,616.0
0,20180608.0,금,오정로(부천시계),B-26,유입,오쇠삼거리->외발산사거리,7800.0,37.54318,126.8123,11시,648.0
0,20180608.0,금,오정로(부천시계),B-26,유입,오쇠삼거리->외발산사거리,7800.0,37.54318,126.8123,12시,537.0
0,20180608.0,금,오정로(부천시계),B-26,유입,오쇠삼거리->외발산사거리,7800.0,37.54318,126.8123,13시,528.0
0,20180608.0,금,오정로(부천시계),B-26,유입,오쇠삼거리->외발산사거리,7800.0,37.54318,126.8123,14시,547.0
0,20180608.0,금,오정로(부천시계),B-26,유입,오쇠삼거리->외발산사거리,7800.0,37.54318,126.8123,15시,603.0
0,20180608.0,금,오정로(부천시계),B-26,유입,오쇠삼거리->외발산사거리,7800.0,37.54318,126.8123,16시,631.0
0,20180608.0,금,오정로(부천시계),B-26,유입,오쇠삼거리->외발산사거리,7800.0,37.54318,126.8123,17시,724.0
0,20180608.0,금,오정로(부천시계),B-26,유입,오쇠삼거리->외발산사거리,7800.0,37.54318,126.8123,18시,567.0
0,20180608.0,금,오정로(부천시계),B-26,유입,오쇠삼거리->외발산사거리,7800.0,37.54318,126.8123,19시,497.0
0,20180608.0,금,오정로(부천시계),B-26,유입,오쇠삼거리->외발산사거리,7800.0,37.54318,126.8123,20시,447.0
0,20180609.0,토,오정로(부천시계),B-26,유입,오쇠삼거리->외발산사거리,6925.0,37.54318,126.8123,8시,561.0
0,20180609.0,토,오정로(부천시계),B-26,유입,오쇠삼거리->외발산사거리,6925.0,37.54318,126.8123,9시,563.0
0,20180609.0,토,오정로(부천시계),B-26,유입,오쇠삼거리->외발산사거리,6925.0,37.54318,126.8123,10시,615.0
0,20180609.0,토,오정로(부천시계),B-26,유입,오쇠삼거리->외발산사거리,6925.0,37.54318,126.8123,11시,589.0
0,20180609.0,토,오정로(부천시계),B-26,유입,오쇠삼거리->외발산사거리,6925.0,37.54318,126.8123,12시,634.0
0,20180609.0,토,오정로(부천시계),B-26,유입,오쇠삼거리->외발산사거리,6925.0,37.54318,126.8123,13시,594.0
0,20180609.0,토,오정로(부천시계),B-26,유입,오쇠삼거리->외발산사거리,6925.0,37.54318,126.8123,14시,568.0
0,20180609.0,토,오정로(부천시계),B-26,유입,오쇠삼거리->외발산사거리,6925.0,37.54318,126.8123,15시,603.0
0,20180609.0,토,오정로(부천시계),B-26,유입,오쇠삼거리->외발산사거리,6925.0,37.54318,126.8123,16시,532.0
0,20180609.0,토,오정로(부천시계),B-26,유입,오쇠삼거리->외발산사거리,6925.0,37.54318,126.8123,17시,519.0
0,20180609.0,토,오정로(부천시계),B-26,유입,오쇠삼거리->외발산사거리,6925.0,37.54318,126.8123,18시,474.0
0,20180609.0,토,오정로(부천시계),B-26,유입,오쇠삼거리->외발산사거리,6925.0,37.54318,126.8123,19시,367.0
0,20180609.0,토,오정로(부천시계),B-26,유입,오쇠삼거리->외발산사거리,6925.0,37.54318,126.8123,20시,306.0
0,20180610.0,일,오정로(부천시계),B-26,유입,오쇠삼거리->외발산사거리,5759.0,37.54318,126.8123,8시,305.0
0,20180610.0,일,오정로(부천시계),B-26,유입,오쇠삼거리->외발산사거리,5759.0,37.54318,126.8123,9시,453.0
0,20180610.0,일,오정로(부천시계),B-26,유입,오쇠삼거리->외발산사거리,5759.0,37.54318,126.8123,10시,450.0
0,20180610.0,일,오정로(부천시계),B-26,유입,오쇠삼거리->외발산사거리,5759.0,37.54318,126.8123,11시,464.0
0,20180610.0,일,오정로(부천시계),B-26,유입,오쇠삼거리->외발산사거리,5759.0,37.54318,126.8123,12시,491.0
0,20180610.0,일,오정로(부천시계),B-26,유입,오쇠삼거리->외발산사거리,5759.0,37.54318,126.8123,13시,505.0
0,20180610.0,일,오정로(부천시계),B-26,유입,오쇠삼거리->외발산사거리,5759.0,37.54318,126.8123,14시,479.0
0,20180610.0,일,오정로(부천시계),B-26,유입,오쇠삼거리->외발산사거리,5759.0,37.54318,126.8123,15시,467.0
0,20180610.0,일,오정로(부천시계),B-26,유입,오쇠삼거리->외발산사거리,5759.0,37.54318,126.8123,16시,478.0
0,20180610.0,일,오정로(부천시계),B-26,유입,오쇠삼거리->외발산사거리,5759.0,37.54318,126.8123,17시,511.0
0,20180610.0,일,오정로(부천시계),B-26,유입,오쇠삼거리->외발산사거리,5759.0,37.54318,126.8123,18시,471.0
0,20180610.0,일,오정로(부천시계),B-26,유입,오쇠삼거리->외발산사거리,5759.0,37.54318,126.8123,19시,367.0
0,20180610.0,일,오정로(부천시계),B-26,유입,오쇠삼거리->외발산사거리,5759.0,37.54318,126.8123,20시,318.0
0,20180611.0,월,오정로(부천시계),B-26,유입,오쇠삼거리->외발산사거리,7464.0,37.54318,126.8123,8시,804.0
0,20180611.0,월,오정로(부천시계),B-26,유입,오쇠삼거리->외발산사거리,7464.0,37.54318,126.8123,9시,680.0
0,20180611.0,월,오정로(부천시계),B-26,유입,오쇠삼거리->외발산사거리,7464.0,37.54318,126.8123,10시,589.0
0,20180611.0,월,오정로(부천시계),B-26,유입,오쇠삼거리->외발산사거리,7464.0,37.54318,126.8123,11시,627.0
0,20180611.0,월,오정로(부천시계),B-26,유입,오쇠삼거리->외발산사거리,7464.0,37.54318,126.8123,12시,535.0
0,20180611.0,월,오정로(부천시계),B-26,유입,오쇠삼거리->외발산사거리,7464.0,37.54318,126.8123,13시,519.0
0,20180611.0,월,오정로(부천시계),B-26,유입,오쇠삼거리->외발산사거리,7464.0,37.54318,126.8123,14시,509.0
0,20180611.0,월,오정로(부천시계),B-26,유입,오쇠삼거리->외발산사거리,7464.0,37.54318,126.8123,15시,546.0
0,20180611.0,월,오정로(부천시계),B-26,유입,오쇠삼거리->외발산사거리,7464.0,37.54318,126.8123,16시,547.0
0,20180611.0,월,오정로(부천시계),B-26,유입,오쇠삼거리->외발산사거리,7464.0,37.54318,126.8123,17시,690.0
0,20180611.0,월,오정로(부천시계),B-26,유입,오쇠삼거리->외발산사거리,7464.0,37.54318,126.8123,18시,561.0
0,20180611.0,월,오정로(부천시계),B-26,유입,오쇠삼거리->외발산사거리,7464.0,37.54318,126.8123,19시,464.0
0,20180611.0,월,오정로(부천시계),B-26,유입,오쇠삼거리->외발산사거리,7464.0,37.54318,126.8123,20시,393.0
0,20180612.0,화,오정로(부천시계),B-26,유입,오쇠삼거리->외발산사거리,7435.0,37.54318,126.8123,8시,789.0
0,20180612.0,화,오정로(부천시계),B-26,유입,오쇠삼거리->외발산사거리,7435.0,37.54318,126.8123,9시,688.0
0,20180612.0,화,오정로(부천시계),B-26,유입,오쇠삼거리->외발산사거리,7435.0,37.54318,126.8123,10시,603.0
0,20180612.0,화,오정로(부천시계),B-26,유입,오쇠삼거리->외발산사거리,7435.0,37.54318,126.8123,11시,583.0
0,20180612.0,화,오정로(부천시계),B-26,유입,오쇠삼거리->외발산사거리,7435.0,37.54318,126.8123,12시,493.0
0,20180612.0,화,오정로(부천시계),B-26,유입,오쇠삼거리->외발산사거리,7435.0,37.54318,126.8123,13시,512.0
0,20180612.0,화,오정로(부천시계),B-26,유입,오쇠삼거리->외발산사거리,7435.0,37.54318,126.8123,14시,523.0
0,20180612.0,화,오정로(부천시계),B-26,유입,오쇠삼거리->외발산사거리,7435.0,37.54318,126.8123,15시,527.0
0,20180612.0,화,오정로(부천시계),B-26,유입,오쇠삼거리->외발산사거리,7435.0,37.54318,126.8123,16시,562.0
0,20180612.0,화,오정로(부천시계),B-26,유입,오쇠삼거리->외발산사거리,7435.0,37.54318,126.8123,17시,709.0
0,20180612.0,화,오정로(부천시계),B-26,유입,오쇠삼거리->외발산사거리,7435.0,37.54318,126.8123,18시,567.0
0,20180612.0,화,오정로(부천시계),B-26,유입,오쇠삼거리->외발산사거리,7435.0,37.54318,126.8123,19시,474.0
0,20180612.0,화,오정로(부천시계),B-26,유입,오쇠삼거리->외발산사거리,7435.0,37.54318,126.8123,20시,405.0
0,20180613.0,수,오정로(부천시계),B-26,유입,오쇠삼거리->외발산사거리,6314.0,37.54318,126.8123,8시,471.0
0,20180613.0,수,오정로(부천시계),B-26,유입,오쇠삼거리->외발산사거리,6314.0,37.54318,126.8123,9시,554.0
0,20180613.0,수,오정로(부천시계),B-26,유입,오쇠삼거리->외발산사거리,6314.0,37.54318,126.8123,10시,501.0
0,20180613.0,수,오정로(부천시계),B-26,유입,오쇠삼거리->외발산사거리,6314.0,37.54318,126.8123,11시,553.0
0,20180613.0,수,오정로(부천시계),B-26,유입,오쇠삼거리->외발산사거리,6314.0,37.54318,126.8123,12시,516.0
0,20180613.0,수,오정로(부천시계),B-26,유입,오쇠삼거리->외발산사거리,6314.0,37.54318,126.8123,13시,527.0
0,20180613.0,수,오정로(부천시계),B-26,유입,오쇠삼거리->외발산사거리,6314.0,37.54318,126.8123,14시,519.0
0,20180613.0,수,오정로(부천시계),B-26,유입,오쇠삼거리->외발산사거리,6314.0,37.54318,126.8123,15시,508.0
0,20180613.0,수,오정로(부천시계),B-26,유입,오쇠삼거리->외발산사거리,6314.0,37.54318,126.8123,16시,483.0
0,20180613.0,수,오정로(부천시계),B-26,유입,오쇠삼거리->외발산사거리,6314.0,37.54318,126.8123,17시,509.0
0,20180613.0,수,오정로(부천시계),B-26,유입,오쇠삼거리->외발산사거리,6314.0,37.54318,126.8123,18시,442.0
0,20180613.0,수,오정로(부천시계),B-26,유입,오쇠삼거리->외발산사거리,6314.0,37.54318,126.8123,19시,412.0
0,20180613.0,수,오정로(부천시계),B-26,유입,오쇠삼거리->외발산사거리,6314.0,37.54318,126.8123,20시,319.0
0,20180614.0,목,오정로(부천시계),B-26,유입,오쇠삼거리->외발산사거리,7594.0,37.54318,126.8123,8시,779.0
0,20180614.0,목,오정로(부천시계),B-26,유입,오쇠삼거리->외발산사거리,7594.0,37.54318,126.8123,9시,754.0
0,20180614.0,목,오정로(부천시계),B-26,유입,오쇠삼거리->외발산사거리,7594.0,37.54318,126.8123,10시,679.0
0,20180614.0,목,오정로(부천시계),B-26,유입,오쇠삼거리->외발산사거리,7594.0,37.54318,126.8123,11시,631.0
0,20180614.0,목,오정로(부천시계),B-26,유입,오쇠삼거리->외발산사거리,7594.0,37.54318,126.8123,12시,558.0
0,20180614.0,목,오정로(부천시계),B-26,유입,오쇠삼거리->외발산사거리,7594.0,37.54318,126.8123,13시,519.0
0,20180614.0,목,오정로(부천시계),B-26,유입,오쇠삼거리->외발산사거리,7594.0,37.54318,126.8123,14시,525.0
0,20180614.0,목,오정로(부천시계),B-26,유입,오쇠삼거리->외발산사거리,7594.0,37.54318,126.8123,15시,509.0
0,20180614.0,목,오정로(부천시계),B-26,유입,오쇠삼거리->외발산사거리,7594.0,37.54318,126.8123,16시,546.0
0,20180614.0,목,오정로(부천시계),B-26,유입,오쇠삼거리->외발산사거리,7594.0,37.54318,126.8123,17시,680.0
0,20180614.0,목,오정로(부천시계),B-26,유입,오쇠삼거리->외발산사거리,7594.0,37.54318,126.8123,18시,573.0
0,20180614.0,목,오정로(부천시계),B-26,유입,오쇠삼거리->외발산사거리,7594.0,37.54318,126.8123,19시,476.0
0,20180614.0,목,오정로(부천시계),B-26,유입,오쇠삼거리->외발산사거리,7594.0,37.54318,126.8123,20시,365.0
0,20180615.0,금,오정로(부천시계),B-26,유입,오쇠삼거리->외발산사거리,7445.0,37.54318,126.8123,8시,786.0
0,20180615.0,금,오정로(부천시계),B-26,유입,오쇠삼거리->외발산사거리,7445.0,37.54318,126.8123,9시,646.0
0,20180615.0,금,오정로(부천시계),B-26,유입,오쇠삼거리->외발산사거리,7445.0,37.54318,126.8123,10시,601.0
0,20180615.0,금,오정로(부천시계),B-26,유입,오쇠삼거리->외발산사거리,7445.0,37.54318,126.8123,11시,565.0
0,20180615.0,금,오정로(부천시계),B-26,유입,오쇠삼거리->외발산사거리,7445.0,37.54318,126.8123,12시,516.0
0,20180615.0,금,오정로(부천시계),B-26,유입,오쇠삼거리->외발산사거리,7445.0,37.54318,126.8123,13시,506.0
0,20180615.0,금,오정로(부천시계),B-26,유입,오쇠삼거리->외발산사거리,7445.0,37.54318,126.8123,14시,550.0
0,20180615.0,금,오정로(부천시계),B-26,유입,오쇠삼거리->외발산사거리,7445.0,37.54318,126.8123,15시,555.0
0,20180615.0,금,오정로(부천시계),B-26,유입,오쇠삼거리->외발산사거리,7445.0,37.54318,126.8123,16시,607.0
0,20180615.0,금,오정로(부천시계),B-26,유입,오쇠삼거리->외발산사거리,7445.0,37.54318,126.8123,17시,709.0
0,20180615.0,금,오정로(부천시계),B-26,유입,오쇠삼거리->외발산사거리,7445.0,37.54318,126.8123,18시,586.0
0,20180615.0,금,오정로(부천시계),B-26,유입,오쇠삼거리->외발산사거리,7445.0,37.54318,126.8123,19시,455.0
0,20180615.0,금,오정로(부천시계),B-26,유입,오쇠삼거리->외발산사거리,7445.0,37.54318,126.8123,20시,363.0
0,20180616.0,토,오정로(부천시계),B-26,유입,오쇠삼거리->외발산사거리,6851.0,37.54318,126.8123,8시,538.0
0,20180616.0,토,오정로(부천시계),B-26,유입,오쇠삼거리->외발산사거리,6851.0,37.54318,126.8123,9시,599.0
0,20180616.0,토,오정로(부천시계),B-26,유입,오쇠삼거리->외발산사거리,6851.0,37.54318,126.8123,10시,568.0
0,20180616.0,토,오정로(부천시계),B-26,유입,오쇠삼거리->외발산사거리,6851.0,37.54318,126.8123,11시,591.0
0,20180616.0,토,오정로(부천시계),B-26,유입,오쇠삼거리->외발산사거리,6851.0,37.54318,126.8123,12시,608.0
0,20180616.0,토,오정로(부천시계),B-26,유입,오쇠삼거리->외발산사거리,6851.0,37.54318,126.8123,13시,564.0
0,20180616.0,토,오정로(부천시계),B-26,유입,오쇠삼거리->외발산사거리,6851.0,37.54318,126.8123,14시,568.0
0,20180616.0,토,오정로(부천시계),B-26,유입,오쇠삼거리->외발산사거리,6851.0,37.54318,126.8123,15시,519.0
0,20180616.0,토,오정로(부천시계),B-26,유입,오쇠삼거리->외발산사거리,6851.0,37.54318,126.8123,16시,543.0
0,20180616.0,토,오정로(부천시계),B-26,유입,오쇠삼거리->외발산사거리,6851.0,37.54318,126.8123,17시,583.0
0,20180616.0,토,오정로(부천시계),B-26,유입,오쇠삼거리->외발산사거리,6851.0,37.54318,126.8123,18시,487.0
0,20180616.0,토,오정로(부천시계),B-26,유입,오쇠삼거리->외발산사거리,6851.0,37.54318,126.8123,19시,403.0
0,20180616.0,토,오정로(부천시계),B-26,유입,오쇠삼거리->외발산사거리,6851.0,37.54318,126.8123,20시,280.0
0,20180617.0,일,오정로(부천시계),B-26,유입,오쇠삼거리->외발산사거리,5784.0,37.54318,126.8123,8시,378.0
0,20180617.0,일,오정로(부천시계),B-26,유입,오쇠삼거리->외발산사거리,5784.0,37.54318,126.8123,9시,425.0
0,20180617.0,일,오정로(부천시계),B-26,유입,오쇠삼거리->외발산사거리,5784.0,37.54318,126.8123,10시,453.0
0,20180617.0,일,오정로(부천시계),B-26,유입,오쇠삼거리->외발산사거리,5784.0,37.54318,126.8123,11시,443.0
0,20180617.0,일,오정로(부천시계),B-26,유입,오쇠삼거리->외발산사거리,5784.0,37.54318,126.8123,12시,478.0
0,20180617.0,일,오정로(부천시계),B-26,유입,오쇠삼거리->외발산사거리,5784.0,37.54318,126.8123,13시,494.0
0,20180617.0,일,오정로(부천시계),B-26,유입,오쇠삼거리->외발산사거리,5784.0,37.54318,126.8123,14시,523.0
0,20180617.0,일,오정로(부천시계),B-26,유입,오쇠삼거리->외발산사거리,5784.0,37.54318,126.8123,15시,455.0
0,20180617.0,일,오정로(부천시계),B-26,유입,오쇠삼거리->외발산사거리,5784.0,37.54318,126.8123,16시,479.0
0,20180617.0,일,오정로(부천시계),B-26,유입,오쇠삼거리->외발산사거리,5784.0,37.54318,126.8123,17시,503.0
0,20180617.0,일,오정로(부천시계),B-26,유입,오쇠삼거리->외발산사거리,5784.0,37.54318,126.8123,18시,457.0
0,20180617.0,일,오정로(부천시계),B-26,유입,오쇠삼거리->외발산사거리,5784.0,37.54318,126.8123,19시,377.0
0,20180617.0,일,오정로(부천시계),B-26,유입,오쇠삼거리->외발산사거리,5784.0,37.54318,126.8123,20시,319.0
0,20180618.0,월,오정로(부천시계),B-26,유입,오쇠삼거리->외발산사거리,7345.0,37.54318,126.8123,8시,744.0
0,20180618.0,월,오정로(부천시계),B-26,유입,오쇠삼거리->외발산사거리,7345.0,37.54318,126.8123,9시,654.0
0,20180618.0,월,오정로(부천시계),B-26,유입,오쇠삼거리->외발산사거리,7345.0,37.54318,126.8123,10시,585.0
0,20180618.0,월,오정로(부천시계),B-26,유입,오쇠삼거리->외발산사거리,7345.0,37.54318,126.8123,11시,601.0
0,20180618.0,월,오정로(부천시계),B-26,유입,오쇠삼거리->외발산사거리,7345.0,37.54318,126.8123,12시,532.0
0,20180618.0,월,오정로(부천시계),B-26,유입,오쇠삼거리->외발산사거리,7345.0,37.54318,126.8123,13시,512.0
0,20180618.0,월,오정로(부천시계),B-26,유입,오쇠삼거리->외발산사거리,7345.0,37.54318,126.8123,14시,524.0
0,20180618.0,월,오정로(부천시계),B-26,유입,오쇠삼거리->외발산사거리,7345.0,37.54318,126.8123,15시,510.0
0,20180618.0,월,오정로(부천시계),B-26,유입,오쇠삼거리->외발산사거리,7345.0,37.54318,126.8123,16시,563.0
0,20180618.0,월,오정로(부천시계),B-26,유입,오쇠삼거리->외발산사거리,7345.0,37.54318,126.8123,17시,689.0
0,20180618.0,월,오정로(부천시계),B-26,유입,오쇠삼거리->외발산사거리,7345.0,37.54318,126.8123,18시,589.0
0,20180618.0,월,오정로(부천시계),B-26,유입,오쇠삼거리->외발산사거리,7345.0,37.54318,126.8123,19시,452.0
0,20180618.0,월,오정로(부천시계),B-26,유입,오쇠삼거리->외발산사거리,7345.0,37.54318,126.8123,20시,390.0
0,20180619.0,화,오정로(부천시계),B-26,유입,오쇠삼거리->외발산사거리,7435.0,37.54318,126.8123,8시,780.0
0,20180619.0,화,오정로(부천시계),B-26,유입,오쇠삼거리->외발산사거리,7435.0,37.54318,126.8123,9시,643.0
0,20180619.0,화,오정로(부천시계),B-26,유입,오쇠삼거리->외발산사거리,7435.0,37.54318,126.8123,10시,639.0
0,20180619.0,화,오정로(부천시계),B-26,유입,오쇠삼거리->외발산사거리,7435.0,37.54318,126.8123,11시,551.0
0,20180619.0,화,오정로(부천시계),B-26,유입,오쇠삼거리->외발산사거리,7435.0,37.54318,126.8123,12시,510.0
0,20180619.0,화,오정로(부천시계),B-26,유입,오쇠삼거리->외발산사거리,7435.0,37.54318,126.8123,13시,540.0
0,20180619.0,화,오정로(부천시계),B-26,유입,오쇠삼거리->외발산사거리,7435.0,37.54318,126.8123,14시,542.0
0,20180619.0,화,오정로(부천시계),B-26,유입,오쇠삼거리->외발산사거리,7435.0,37.54318,126.8123,15시,522.0
0,20180619.0,화,오정로(부천시계),B-26,유입,오쇠삼거리->외발산사거리,7435.0,37.54318,126.8123,16시,534.0
0,20180619.0,화,오정로(부천시계),B-26,유입,오쇠삼거리->외발산사거리,7435.0,37.54318,126.8123,17시,758.0
0,20180619.0,화,오정로(부천시계),B-26,유입,오쇠삼거리->외발산사거리,7435.0,37.54318,126.8123,18시,548.0
0,20180619.0,화,오정로(부천시계),B-26,유입,오쇠삼거리->외발산사거리,7435.0,37.54318,126.8123,19시,467.0
0,20180619.0,화,오정로(부천시계),B-26,유입,오쇠삼거리->외발산사거리,7435.0,37.54318,126.8123,20시,401.0
0,20180620.0,수,오정로(부천시계),B-26,유입,오쇠삼거리->외발산사거리,7489.0,37.54318,126.8123,8시,808.0
0,20180620.0,수,오정로(부천시계),B-26,유입,오쇠삼거리->외발산사거리,7489.0,37.54318,126.8123,9시,648.0
0,20180620.0,수,오정로(부천시계),B-26,유입,오쇠삼거리->외발산사거리,7489.0,37.54318,126.8123,10시,630.0
0,20180620.0,수,오정로(부천시계),B-26,유입,오쇠삼거리->외발산사거리,7489.0,37.54318,126.8123,11시,611.0
0,20180620.0,수,오정로(부천시계),B-26,유입,오쇠삼거리->외발산사거리,7489.0,37.54318,126.8123,12시,553.0
0,20180620.0,수,오정로(부천시계),B-26,유입,오쇠삼거리->외발산사거리,7489.0,37.54318,126.8123,13시,480.0
0,20180620.0,수,오정로(부천시계),B-26,유입,오쇠삼거리->외발산사거리,7489.0,37.54318,126.8123,14시,565.0
0,20180620.0,수,오정로(부천시계),B-26,유입,오쇠삼거리->외발산사거리,7489.0,37.54318,126.8123,15시,526.0
0,20180620.0,수,오정로(부천시계),B-26,유입,오쇠삼거리->외발산사거리,7489.0,37.54318,126.8123,16시,535.0
0,20180620.0,수,오정로(부천시계),B-26,유입,오쇠삼거리->외발산사거리,7489.0,37.54318,126.8123,17시,675.0
0,20180620.0,수,오정로(부천시계),B-26,유입,오쇠삼거리->외발산사거리,7489.0,37.54318,126.8123,18시,597.0
0,20180620.0,수,오정로(부천시계),B-26,유입,오쇠삼거리->외발산사거리,7489.0,37.54318,126.8123,19시,483.0
0,20180620.0,수,오정로(부천시계),B-26,유입,오쇠삼거리->외발산사거리,7489.0,37.54318,126.8123,20시,378.0
0,20180621.0,목,오정로(부천시계),B-26,유입,오쇠삼거리->외발산사거리,7518.0,37.54318,126.8123,8시,784.0
0,20180621.0,목,오정로(부천시계),B-26,유입,오쇠삼거리->외발산사거리,7518.0,37.54318,126.8123,9시,714.0
0,20180621.0,목,오정로(부천시계),B-26,유입,오쇠삼거리->외발산사거리,7518.0,37.54318,126.8123,10시,596.0
0,20180621.0,목,오정로(부천시계),B-26,유입,오쇠삼거리->외발산사거리,7518.0,37.54318,126.8123,11시,611.0
0,20180621.0,목,오정로(부천시계),B-26,유입,오쇠삼거리->외발산사거리,7518.0,37.54318,126.8123,12시,511.0
0,20180621.0,목,오정로(부천시계),B-26,유입,오쇠삼거리->외발산사거리,7518.0,37.54318,126.8123,13시,526.0
0,20180621.0,목,오정로(부천시계),B-26,유입,오쇠삼거리->외발산사거리,7518.0,37.54318,126.8123,14시,561.0
0,20180621.0,목,오정로(부천시계),B-26,유입,오쇠삼거리->외발산사거리,7518.0,37.54318,126.8123,15시,534.0
0,20180621.0,목,오정로(부천시계),B-26,유입,오쇠삼거리->외발산사거리,7518.0,37.54318,126.8123,16시,513.0
0,20180621.0,목,오정로(부천시계),B-26,유입,오쇠삼거리->외발산사거리,7518.0,37.54318,126.8123,17시,714.0
0,20180621.0,목,오정로(부천시계),B-26,유입,오쇠삼거리->외발산사거리,7518.0,37.54318,126.8123,18시,572.0
0,20180621.0,목,오정로(부천시계),B-26,유입,오쇠삼거리->외발산사거리,7518.0,37.54318,126.8123,19시,469.0
0,20180621.0,목,오정로(부천시계),B-26,유입,오쇠삼거리->외발산사거리,7518.0,37.54318,126.8123,20시,413.0
0,20180622.0,금,오정로(부천시계),B-26,유입,오쇠삼거리->외발산사거리,7611.0,37.54318,126.8123,8시,786.0
0,20180622.0,금,오정로(부천시계),B-26,유입,오쇠삼거리->외발산사거리,7611.0,37.54318,126.8123,9시,702.0
0,20180622.0,금,오정로(부천시계),B-26,유입,오쇠삼거리->외발산사거리,7611.0,37.54318,126.8123,10시,603.0
0,20180622.0,금,오정로(부천시계),B-26,유입,오쇠삼거리->외발산사거리,7611.0,37.54318,126.8123,11시,612.0
0,20180622.0,금,오정로(부천시계),B-26,유입,오쇠삼거리->외발산사거리,7611.0,37.54318,126.8123,12시,524.0
0,20180622.0,금,오정로(부천시계),B-26,유입,오쇠삼거리->외발산사거리,7611.0,37.54318,126.8123,13시,539.0
0,20180622.0,금,오정로(부천시계),B-26,유입,오쇠삼거리->외발산사거리,7611.0,37.54318,126.8123,14시,534.0
0,20180622.0,금,오정로(부천시계),B-26,유입,오쇠삼거리->외발산사거리,7611.0,37.54318,126.8123,15시,574.0
0,20180622.0,금,오정로(부천시계),B-26,유입,오쇠삼거리->외발산사거리,7611.0,37.54318,126.8123,16시,533.0
0,20180622.0,금,오정로(부천시계),B-26,유입,오쇠삼거리->외발산사거리,7611.0,37.54318,126.8123,17시,671.0
0,20180622.0,금,오정로(부천시계),B-26,유입,오쇠삼거리->외발산사거리,7611.0,37.54318,126.8123,18시,600.0
0,20180622.0,금,오정로(부천시계),B-26,유입,오쇠삼거리->외발산사거리,7611.0,37.54318,126.8123,19시,528.0
0,20180622.0,금,오정로(부천시계),B-26,유입,오쇠삼거리->외발산사거리,7611.0,37.54318,126.8123,20시,405.0
0,20180623.0,토,오정로(부천시계),B-26,유입,오쇠삼거리->외발산사거리,7360.0,37.54318,126.8123,8시,596.0
0,20180623.0,토,오정로(부천시계),B-26,유입,오쇠삼거리->외발산사거리,7360.0,37.54318,126.8123,9시,648.0
0,20180623.0,토,오정로(부천시계),B-26,유입,오쇠삼거리->외발산사거리,7360.0,37.54318,126.8123,10시,583.0
0,20180623.0,토,오정로(부천시계),B-26,유입,오쇠삼거리->외발산사거리,7360.0,37.54318,126.8123,11시,643.0
0,20180623.0,토,오정로(부천시계),B-26,유입,오쇠삼거리->외발산사거리,7360.0,37.54318,126.8123,12시,628.0
0,20180623.0,토,오정로(부천시계),B-26,유입,오쇠삼거리->외발산사거리,7360.0,37.54318,126.8123,13시,643.0
0,20180623.0,토,오정로(부천시계),B-26,유입,오쇠삼거리->외발산사거리,7360.0,37.54318,126.8123,14시,581.0
0,20180623.0,토,오정로(부천시계),B-26,유입,오쇠삼거리->외발산사거리,7360.0,37.54318,126.8123,15시,599.0
0,20180623.0,토,오정로(부천시계),B-26,유입,오쇠삼거리->외발산사거리,7360.0,37.54318,126.8123,16시,587.0
0,20180623.0,토,오정로(부천시계),B-26,유입,오쇠삼거리->외발산사거리,7360.0,37.54318,126.8123,17시,605.0
0,20180623.0,토,오정로(부천시계),B-26,유입,오쇠삼거리->외발산사거리,7360.0,37.54318,126.8123,18시,498.0
0,20180623.0,토,오정로(부천시계),B-26,유입,오쇠삼거리->외발산사거리,7360.0,37.54318,126.8123,19시,418.0
0,20180623.0,토,오정로(부천시계),B-26,유입,오쇠삼거리->외발산사거리,7360.0,37.54318,126.8123,20시,331.0
0,20180624.0,일,오정로(부천시계),B-26,유입,오쇠삼거리->외발산사거리,5811.0,37.54318,126.8123,8시,384.0
0,20180624.0,일,오정로(부천시계),B-26,유입,오쇠삼거리->외발산사거리,5811.0,37.54318,126.8123,9시,461.0
0,20180624.0,일,오정로(부천시계),B-26,유입,오쇠삼거리->외발산사거리,5811.0,37.54318,126.8123,10시,465.0
0,20180624.0,일,오정로(부천시계),B-26,유입,오쇠삼거리->외발산사거리,5811.0,37.54318,126.8123,11시,466.0
0,20180624.0,일,오정로(부천시계),B-26,유입,오쇠삼거리->외발산사거리,5811.0,37.54318,126.8123,12시,479.0
0,20180624.0,일,오정로(부천시계),B-26,유입,오쇠삼거리->외발산사거리,5811.0,37.54318,126.8123,13시,507.0
0,20180624.0,일,오정로(부천시계),B-26,유입,오쇠삼거리->외발산사거리,5811.0,37.54318,126.8123,14시,498.0
0,20180624.0,일,오정로(부천시계),B-26,유입,오쇠삼거리->외발산사거리,5811.0,37.54318,126.8123,15시,499.0
0,20180624.0,일,오정로(부천시계),B-26,유입,오쇠삼거리->외발산사거리,5811.0,37.54318,126.8123,16시,450.0
0,20180624.0,일,오정로(부천시계),B-26,유입,오쇠삼거리->외발산사거리,5811.0,37.54318,126.8123,17시,452.0
0,20180624.0,일,오정로(부천시계),B-26,유입,오쇠삼거리->외발산사거리,5811.0,37.54318,126.8123,18시,449.0
0,20180624.0,일,오정로(부천시계),B-26,유입,오쇠삼거리->외발산사거리,5811.0,37.54318,126.8123,19시,346.0
0,20180624.0,일,오정로(부천시계),B-26,유입,오쇠삼거리->외발산사거리,5811.0,37.54318,126.8123,20시,355.0
0,20180625.0,월,오정로(부천시계),B-26,유입,오쇠삼거리->외발산사거리,7510.0,37.54318,126.8123,8시,656.0
0,20180625.0,월,오정로(부천시계),B-26,유입,오쇠삼거리->외발산사거리,7510.0,37.54318,126.8123,9시,763.0
0,20180625.0,월,오정로(부천시계),B-26,유입,오쇠삼거리->외발산사거리,7510.0,37.54318,126.8123,10시,576.0
0,20180625.0,월,오정로(부천시계),B-26,유입,오쇠삼거리->외발산사거리,7510.0,37.54318,126.8123,11시,598.0
0,20180625.0,월,오정로(부천시계),B-26,유입,오쇠삼거리->외발산사거리,7510.0,37.54318,126.8123,12시,496.0
0,20180625.0,월,오정로(부천시계),B-26,유입,오쇠삼거리->외발산사거리,7510.0,37.54318,126.8123,13시,536.0
0,20180625.0,월,오정로(부천시계),B-26,유입,오쇠삼거리->외발산사거리,7510.0,37.54318,126.8123,14시,546.0
0,20180625.0,월,오정로(부천시계),B-26,유입,오쇠삼거리->외발산사거리,7510.0,37.54318,126.8123,15시,598.0
0,20180625.0,월,오정로(부천시계),B-26,유입,오쇠삼거리->외발산사거리,7510.0,37.54318,126.8123,16시,581.0
0,20180625.0,월,오정로(부천시계),B-26,유입,오쇠삼거리->외발산사거리,7510.0,37.54318,126.8123,17시,674.0
0,20180625.0,월,오정로(부천시계),B-26,유입,오쇠삼거리->외발산사거리,7510.0,37.54318,126.8123,18시,561.0
0,20180625.0,월,오정로(부천시계),B-26,유입,오쇠삼거리->외발산사거리,7510.0,37.54318,126.8123,19시,516.0
0,20180625.0,월,오정로(부천시계),B-26,유입,오쇠삼거리->외발산사거리,7510.0,37.54318,126.8123,20시,409.0
0,20180626.0,화,오정로(부천시계),B-26,유입,오쇠삼거리->외발산사거리,6841.0,37.54318,126.8123,8시,739.0
0,20180626.0,화,오정로(부천시계),B-26,유입,오쇠삼거리->외발산사거리,6841.0,37.54318,126.8123,9시,664.0
0,20180626.0,화,오정로(부천시계),B-26,유입,오쇠삼거리->외발산사거리,6841.0,37.54318,126.8123,10시,539.0
0,20180626.0,화,오정로(부천시계),B-26,유입,오쇠삼거리->외발산사거리,6841.0,37.54318,126.8123,11시,544.0
0,20180626.0,화,오정로(부천시계),B-26,유입,오쇠삼거리->외발산사거리,6841.0,37.54318,126.8123,12시,475.0
0,20180626.0,화,오정로(부천시계),B-26,유입,오쇠삼거리->외발산사거리,6841.0,37.54318,126.8123,13시,456.0
0,20180626.0,화,오정로(부천시계),B-26,유입,오쇠삼거리->외발산사거리,6841.0,37.54318,126.8123,14시,414.0
0,20180626.0,화,오정로(부천시계),B-26,유입,오쇠삼거리->외발산사거리,6841.0,37.54318,126.8123,15시,486.0
0,20180626.0,화,오정로(부천시계),B-26,유입,오쇠삼거리->외발산사거리,6841.0,37.54318,126.8123,16시,518.0
0,20180626.0,화,오정로(부천시계),B-26,유입,오쇠삼거리->외발산사거리,6841.0,37.54318,126.8123,17시,658.0
0,20180626.0,화,오정로(부천시계),B-26,유입,오쇠삼거리->외발산사거리,6841.0,37.54318,126.8123,18시,537.0
0,20180626.0,화,오정로(부천시계),B-26,유입,오쇠삼거리->외발산사거리,6841.0,37.54318,126.8123,19시,446.0
0,20180626.0,화,오정로(부천시계),B-26,유입,오쇠삼거리->외발산사거리,6841.0,37.54318,126.8123,20시,365.0
0,20180627.0,수,오정로(부천시계),B-26,유입,오쇠삼거리->외발산사거리,7461.0,37.54318,126.8123,8시,758.0
0,20180627.0,수,오정로(부천시계),B-26,유입,오쇠삼거리->외발산사거리,7461.0,37.54318,126.8123,9시,705.0
0,20180627.0,수,오정로(부천시계),B-26,유입,오쇠삼거리->외발산사거리,7461.0,37.54318,126.8123,10시,598.0
0,20180627.0,수,오정로(부천시계),B-26,유입,오쇠삼거리->외발산사거리,7461.0,37.54318,126.8123,11시,564.0
0,20180627.0,수,오정로(부천시계),B-26,유입,오쇠삼거리->외발산사거리,7461.0,37.54318,126.8123,12시,500.0
0,20180627.0,수,오정로(부천시계),B-26,유입,오쇠삼거리->외발산사거리,7461.0,37.54318,126.8123,13시,533.0
0,20180627.0,수,오정로(부천시계),B-26,유입,오쇠삼거리->외발산사거리,7461.0,37.54318,126.8123,14시,556.0
0,20180627.0,수,오정로(부천시계),B-26,유입,오쇠삼거리->외발산사거리,7461.0,37.54318,126.8123,15시,553.0
0,20180627.0,수,오정로(부천시계),B-26,유입,오쇠삼거리->외발산사거리,7461.0,37.54318,126.8123,16시,547.0
0,20180627.0,수,오정로(부천시계),B-26,유입,오쇠삼거리->외발산사거리,7461.0,37.54318,126.8123,17시,677.0
0,20180627.0,수,오정로(부천시계),B-26,유입,오쇠삼거리->외발산사거리,7461.0,37.54318,126.8123,18시,552.0
0,20180627.0,수,오정로(부천시계),B-26,유입,오쇠삼거리->외발산사거리,7461.0,37.54318,126.8123,19시,520.0
0,20180627.0,수,오정로(부천시계),B-26,유입,오쇠삼거리->외발산사거리,7461.0,37.54318,126.8123,20시,398.0
0,20180628.0,목,오정로(부천시계),B-26,유입,오쇠삼거리->외발산사거리,7585.0,37.54318,126.8123,8시,773.0
0,20180628.0,목,오정로(부천시계),B-26,유입,오쇠삼거리->외발산사거리,7585.0,37.54318,126.8123,9시,713.0
0,20180628.0,목,오정로(부천시계),B-26,유입,오쇠삼거리->외발산사거리,7585.0,37.54318,126.8123,10시,596.0
0,20180628.0,목,오정로(부천시계),B-26,유입,오쇠삼거리->외발산사거리,7585.0,37.54318,126.8123,11시,615.0
0,20180628.0,목,오정로(부천시계),B-26,유입,오쇠삼거리->외발산사거리,7585.0,37.54318,126.8123,12시,527.0
0,20180628.0,목,오정로(부천시계),B-26,유입,오쇠삼거리->외발산사거리,7585.0,37.54318,126.8123,13시,515.0
0,20180628.0,목,오정로(부천시계),B-26,유입,오쇠삼거리->외발산사거리,7585.0,37.54318,126.8123,14시,593.0
0,20180628.0,목,오정로(부천시계),B-26,유입,오쇠삼거리->외발산사거리,7585.0,37.54318,126.8123,15시,557.0
0,20180628.0,목,오정로(부천시계),B-26,유입,오쇠삼거리->외발산사거리,7585.0,37.54318,126.8123,16시,571.0
0,20180628.0,목,오정로(부천시계),B-26,유입,오쇠삼거리->외발산사거리,7585.0,37.54318,126.8123,17시,691.0
0,20180628.0,목,오정로(부천시계),B-26,유입,오쇠삼거리->외발산사거리,7585.0,37.54318,126.8123,18시,584.0
0,20180628.0,목,오정로(부천시계),B-26,유입,오쇠삼거리->외발산사거리,7585.0,37.54318,126.8123,19시,449.0
0,20180628.0,목,오정로(부천시계),B-26,유입,오쇠삼거리->외발산사거리,7585.0,37.54318,126.8123,20시,401.0
0,20180629.0,금,오정로(부천시계),B-26,유입,오쇠삼거리->외발산사거리,7808.0,37.54318,126.8123,8시,805.0
0,20180629.0,금,오정로(부천시계),B-26,유입,오쇠삼거리->외발산사거리,7808.0,37.54318,126.8123,9시,681.0
0,20180629.0,금,오정로(부천시계),B-26,유입,오쇠삼거리->외발산사거리,7808.0,37.54318,126.8123,10시,559.0
0,20180629.0,금,오정로(부천시계),B-26,유입,오쇠삼거리->외발산사거리,7808.0,37.54318,126.8123,11시,597.0
0,20180629.0,금,오정로(부천시계),B-26,유입,오쇠삼거리->외발산사거리,7808.0,37.54318,126.8123,12시,542.0
0,20180629.0,금,오정로(부천시계),B-26,유입,오쇠삼거리->외발산사거리,7808.0,37.54318,126.8123,13시,570.0
0,20180629.0,금,오정로(부천시계),B-26,유입,오쇠삼거리->외발산사거리,7808.0,37.54318,126.8123,14시,543.0
0,20180629.0,금,오정로(부천시계),B-26,유입,오쇠삼거리->외발산사거리,7808.0,37.54318,126.8123,15시,570.0
0,20180629.0,금,오정로(부천시계),B-26,유입,오쇠삼거리->외발산사거리,7808.0,37.54318,126.8123,16시,602.0
0,20180629.0,금,오정로(부천시계),B-26,유입,오쇠삼거리->외발산사거리,7808.0,37.54318,126.8123,17시,706.0
0,20180629.0,금,오정로(부천시계),B-26,유입,오쇠삼거리->외발산사거리,7808.0,37.54318,126.8123,18시,594.0
0,20180629.0,금,오정로(부천시계),B-26,유입,오쇠삼거리->외발산사거리,7808.0,37.54318,126.8123,19시,583.0
0,20180629.0,금,오정로(부천시계),B-26,유입,오쇠삼거리->외발산사거리,7808.0,37.54318,126.8123,20시,456.0
0,20180630.0,토,오정로(부천시계),B-26,유입,오쇠삼거리->외발산사거리,7164.0,37.54318,126.8123,8시,536.0
0,20180630.0,토,오정로(부천시계),B-26,유입,오쇠삼거리->외발산사거리,7164.0,37.54318,126.8123,9시,622.0
0,20180630.0,토,오정로(부천시계),B-26,유입,오쇠삼거리->외발산사거리,7164.0,37.54318,126.8123,10시,585.0
0,20180630.0,토,오정로(부천시계),B-26,유입,오쇠삼거리->외발산사거리,7164.0,37.54318,126.8123,11시,593.0
0,20180630.0,토,오정로(부천시계),B-26,유입,오쇠삼거리->외발산사거리,7164.0,37.54318,126.8123,12시,614.0
0,20180630.0,토,오정로(부천시계),B-26,유입,오쇠삼거리->외발산사거리,7164.0,37.54318,126.8123,13시,636.0
0,20180630.0,토,오정로(부천시계),B-26,유입,오쇠삼거리->외발산사거리,7164.0,37.54318,126.8123,14시,617.0
0,20180630.0,토,오정로(부천시계),B-26,유입,오쇠삼거리->외발산사거리,7164.0,37.54318,126.8123,15시,561.0
0,20180630.0,토,오정로(부천시계),B-26,유입,오쇠삼거리->외발산사거리,7164.0,37.54318,126.8123,16시,585.0
0,20180630.0,토,오정로(부천시계),B-26,유입,오쇠삼거리->외발산사거리,7164.0,37.54318,126.8123,17시,552.0
0,20180630.0,토,오정로(부천시계),B-26,유입,오쇠삼거리->외발산사거리,7164.0,37.54318,126.8123,18시,524.0
0,20180630.0,토,오정로(부천시계),B-26,유입,오쇠삼거리->외발산사거리,7164.0,37.54318,126.8123,19시,403.0
0,20180630.0,토,오정로(부천시계),B-26,유입,오쇠삼거리->외발산사거리,7164.0,37.54318,126.8123,20시,336.0
0,20180601.0,금,오정로(부천시계),B-26,유출,외발산사거리->오쇠삼거리,11148.0,37.54318,126.8123,8시,975.0
0,20180601.0,금,오정로(부천시계),B-26,유출,외발산사거리->오쇠삼거리,11148.0,37.54318,126.8123,9시,680.0
0,20180601.0,금,오정로(부천시계),B-26,유출,외발산사거리->오쇠삼거리,11148.0,37.54318,126.8123,10시,631.0
0,20180601.0,금,오정로(부천시계),B-26,유출,외발산사거리->오쇠삼거리,11148.0,37.54318,126.8123,11시,620.0
0,20180601.0,금,오정로(부천시계),B-26,유출,외발산사거리->오쇠삼거리,11148.0,37.54318,126.8123,12시,631.0
0,20180601.0,금,오정로(부천시계),B-26,유출,외발산사거리->오쇠삼거리,11148.0,37.54318,126.8123,13시,656.0
0,20180601.0,금,오정로(부천시계),B-26,유출,외발산사거리->오쇠삼거리,11148.0,37.54318,126.8123,14시,723.0
0,20180601.0,금,오정로(부천시계),B-26,유출,외발산사거리->오쇠삼거리,11148.0,37.54318,126.8123,15시,789.0
0,20180601.0,금,오정로(부천시계),B-26,유출,외발산사거리->오쇠삼거리,11148.0,37.54318,126.8123,16시,962.0
0,20180601.0,금,오정로(부천시계),B-26,유출,외발산사거리->오쇠삼거리,11148.0,37.54318,126.8123,17시,1278.0
0,20180601.0,금,오정로(부천시계),B-26,유출,외발산사거리->오쇠삼거리,11148.0,37.54318,126.8123,18시,1335.0
0,20180601.0,금,오정로(부천시계),B-26,유출,외발산사거리->오쇠삼거리,11148.0,37.54318,126.8123,19시,1141.0
0,20180601.0,금,오정로(부천시계),B-26,유출,외발산사거리->오쇠삼거리,11148.0,37.54318,126.8123,20시,727.0
0,20180602.0,토,오정로(부천시계),B-26,유출,외발산사거리->오쇠삼거리,9978.0,37.54318,126.8123,8시,573.0
0,20180602.0,토,오정로(부천시계),B-26,유출,외발산사거리->오쇠삼거리,9978.0,37.54318,126.8123,9시,626.0
0,20180602.0,토,오정로(부천시계),B-26,유출,외발산사거리->오쇠삼거리,9978.0,37.54318,126.8123,10시,686.0
0,20180602.0,토,오정로(부천시계),B-26,유출,외발산사거리->오쇠삼거리,9978.0,37.54318,126.8123,11시,745.0
0,20180602.0,토,오정로(부천시계),B-26,유출,외발산사거리->오쇠삼거리,9978.0,37.54318,126.8123,12시,638.0
0,20180602.0,토,오정로(부천시계),B-26,유출,외발산사거리->오쇠삼거리,9978.0,37.54318,126.8123,13시,708.0
0,20180602.0,토,오정로(부천시계),B-26,유출,외발산사거리->오쇠삼거리,9978.0,37.54318,126.8123,14시,805.0
0,20180602.0,토,오정로(부천시계),B-26,유출,외발산사거리->오쇠삼거리,9978.0,37.54318,126.8123,15시,874.0
0,20180602.0,토,오정로(부천시계),B-26,유출,외발산사거리->오쇠삼거리,9978.0,37.54318,126.8123,16시,981.0
0,20180602.0,토,오정로(부천시계),B-26,유출,외발산사거리->오쇠삼거리,9978.0,37.54318,126.8123,17시,1187.0
0,20180602.0,토,오정로(부천시계),B-26,유출,외발산사거리->오쇠삼거리,9978.0,37.54318,126.8123,18시,981.0
0,20180602.0,토,오정로(부천시계),B-26,유출,외발산사거리->오쇠삼거리,9978.0,37.54318,126.8123,19시,678.0
0,20180602.0,토,오정로(부천시계),B-26,유출,외발산사거리->오쇠삼거리,9978.0,37.54318,126.8123,20시,496.0
0,20180603.0,일,오정로(부천시계),B-26,유출,외발산사거리->오쇠삼거리,7523.0,37.54318,126.8123,8시,368.0
0,20180603.0,일,오정로(부천시계),B-26,유출,외발산사거리->오쇠삼거리,7523.0,37.54318,126.8123,9시,426.0
0,20180603.0,일,오정로(부천시계),B-26,유출,외발산사거리->오쇠삼거리,7523.0,37.54318,126.8123,10시,474.0
0,20180603.0,일,오정로(부천시계),B-26,유출,외발산사거리->오쇠삼거리,7523.0,37.54318,126.8123,11시,477.0
0,20180603.0,일,오정로(부천시계),B-26,유출,외발산사거리->오쇠삼거리,7523.0,37.54318,126.8123,12시,484.0
0,20180603.0,일,오정로(부천시계),B-26,유출,외발산사거리->오쇠삼거리,7523.0,37.54318,126.8123,13시,633.0
0,20180603.0,일,오정로(부천시계),B-26,유출,외발산사거리->오쇠삼거리,7523.0,37.54318,126.8123,14시,619.0
0,20180603.0,일,오정로(부천시계),B-26,유출,외발산사거리->오쇠삼거리,7523.0,37.54318,126.8123,15시,682.0
0,20180603.0,일,오정로(부천시계),B-26,유출,외발산사거리->오쇠삼거리,7523.0,37.54318,126.8123,16시,748.0
0,20180603.0,일,오정로(부천시계),B-26,유출,외발산사거리->오쇠삼거리,7523.0,37.54318,126.8123,17시,838.0
0,20180603.0,일,오정로(부천시계),B-26,유출,외발산사거리->오쇠삼거리,7523.0,37.54318,126.8123,18시,740.0
0,20180603.0,일,오정로(부천시계),B-26,유출,외발산사거리->오쇠삼거리,7523.0,37.54318,126.8123,19시,537.0
0,20180603.0,일,오정로(부천시계),B-26,유출,외발산사거리->오쇠삼거리,7523.0,37.54318,126.8123,20시,497.0
0,20180604.0,월,오정로(부천시계),B-26,유출,외발산사거리->오쇠삼거리,10542.0,37.54318,126.8123,8시,972.0
0,20180604.0,월,오정로(부천시계),B-26,유출,외발산사거리->오쇠삼거리,10542.0,37.54318,126.8123,9시,665.0
0,20180604.0,월,오정로(부천시계),B-26,유출,외발산사거리->오쇠삼거리,10542.0,37.54318,126.8123,10시,679.0
0,20180604.0,월,오정로(부천시계),B-26,유출,외발산사거리->오쇠삼거리,10542.0,37.54318,126.8123,11시,694.0
0,20180604.0,월,오정로(부천시계),B-26,유출,외발산사거리->오쇠삼거리,10542.0,37.54318,126.8123,12시,589.0
0,20180604.0,월,오정로(부천시계),B-26,유출,외발산사거리->오쇠삼거리,10542.0,37.54318,126.8123,13시,635.0
0,20180604.0,월,오정로(부천시계),B-26,유출,외발산사거리->오쇠삼거리,10542.0,37.54318,126.8123,14시,712.0
0,20180604.0,월,오정로(부천시계),B-26,유출,외발산사거리->오쇠삼거리,10542.0,37.54318,126.8123,15시,749.0
0,20180604.0,월,오정로(부천시계),B-26,유출,외발산사거리->오쇠삼거리,10542.0,37.54318,126.8123,16시,881.0
0,20180604.0,월,오정로(부천시계),B-26,유출,외발산사거리->오쇠삼거리,10542.0,37.54318,126.8123,17시,1188.0
0,20180604.0,월,오정로(부천시계),B-26,유출,외발산사거리->오쇠삼거리,10542.0,37.54318,126.8123,18시,1245.0
0,20180604.0,월,오정로(부천시계),B-26,유출,외발산사거리->오쇠삼거리,10542.0,37.54318,126.8123,19시,932.0
0,20180604.0,월,오정로(부천시계),B-26,유출,외발산사거리->오쇠삼거리,10542.0,37.54318,126.8123,20시,601.0
0,20180605.0,화,오정로(부천시계),B-26,유출,외발산사거리->오쇠삼거리,11127.0,37.54318,126.8123,8시,978.0
0,20180605.0,화,오정로(부천시계),B-26,유출,외발산사거리->오쇠삼거리,11127.0,37.54318,126.8123,9시,639.0
0,20180605.0,화,오정로(부천시계),B-26,유출,외발산사거리->오쇠삼거리,11127.0,37.54318,126.8123,10시,684.0
0,20180605.0,화,오정로(부천시계),B-26,유출,외발산사거리->오쇠삼거리,11127.0,37.54318,126.8123,11시,653.0
0,20180605.0,화,오정로(부천시계),B-26,유출,외발산사거리->오쇠삼거리,11127.0,37.54318,126.8123,12시,609.0
0,20180605.0,화,오정로(부천시계),B-26,유출,외발산사거리->오쇠삼거리,11127.0,37.54318,126.8123,13시,655.0
0,20180605.0,화,오정로(부천시계),B-26,유출,외발산사거리->오쇠삼거리,11127.0,37.54318,126.8123,14시,757.0
0,20180605.0,화,오정로(부천시계),B-26,유출,외발산사거리->오쇠삼거리,11127.0,37.54318,126.8123,15시,816.0
0,20180605.0,화,오정로(부천시계),B-26,유출,외발산사거리->오쇠삼거리,11127.0,37.54318,126.8123,16시,918.0
0,20180605.0,화,오정로(부천시계),B-26,유출,외발산사거리->오쇠삼거리,11127.0,37.54318,126.8123,17시,1253.0
0,20180605.0,화,오정로(부천시계),B-26,유출,외발산사거리->오쇠삼거리,11127.0,37.54318,126.8123,18시,1330.0
0,20180605.0,화,오정로(부천시계),B-26,유출,외발산사거리->오쇠삼거리,11127.0,37.54318,126.8123,19시,1107.0
0,20180605.0,화,오정로(부천시계),B-26,유출,외발산사거리->오쇠삼거리,11127.0,37.54318,126.8123,20시,728.0
0,20180606.0,수,오정로(부천시계),B-26,유출,외발산사거리->오쇠삼거리,8497.0,37.54318,126.8123,8시,456.0
0,20180606.0,수,오정로(부천시계),B-26,유출,외발산사거리->오쇠삼거리,8497.0,37.54318,126.8123,9시,521.0
0,20180606.0,수,오정로(부천시계),B-26,유출,외발산사거리->오쇠삼거리,8497.0,37.54318,126.8123,10시,512.0
0,20180606.0,수,오정로(부천시계),B-26,유출,외발산사거리->오쇠삼거리,8497.0,37.54318,126.8123,11시,593.0
0,20180606.0,수,오정로(부천시계),B-26,유출,외발산사거리->오쇠삼거리,8497.0,37.54318,126.8123,12시,543.0
0,20180606.0,수,오정로(부천시계),B-26,유출,외발산사거리->오쇠삼거리,8497.0,37.54318,126.8123,13시,582.0
0,20180606.0,수,오정로(부천시계),B-26,유출,외발산사거리->오쇠삼거리,8497.0,37.54318,126.8123,14시,659.0
0,20180606.0,수,오정로(부천시계),B-26,유출,외발산사거리->오쇠삼거리,8497.0,37.54318,126.8123,15시,715.0
0,20180606.0,수,오정로(부천시계),B-26,유출,외발산사거리->오쇠삼거리,8497.0,37.54318,126.8123,16시,865.0
0,20180606.0,수,오정로(부천시계),B-26,유출,외발산사거리->오쇠삼거리,8497.0,37.54318,126.8123,17시,1012.0
0,20180606.0,수,오정로(부천시계),B-26,유출,외발산사거리->오쇠삼거리,8497.0,37.54318,126.8123,18시,864.0
0,20180606.0,수,오정로(부천시계),B-26,유출,외발산사거리->오쇠삼거리,8497.0,37.54318,126.8123,19시,644.0
0,20180606.0,수,오정로(부천시계),B-26,유출,외발산사거리->오쇠삼거리,8497.0,37.54318,126.8123,20시,531.0
0,20180607.0,목,오정로(부천시계),B-26,유출,외발산사거리->오쇠삼거리,11080.0,37.54318,126.8123,8시,993.0
0,20180607.0,목,오정로(부천시계),B-26,유출,외발산사거리->오쇠삼거리,11080.0,37.54318,126.8123,9시,726.0
0,20180607.0,목,오정로(부천시계),B-26,유출,외발산사거리->오쇠삼거리,11080.0,37.54318,126.8123,10시,679.0
0,20180607.0,목,오정로(부천시계),B-26,유출,외발산사거리->오쇠삼거리,11080.0,37.54318,126.8123,11시,707.0
0,20180607.0,목,오정로(부천시계),B-26,유출,외발산사거리->오쇠삼거리,11080.0,37.54318,126.8123,12시,659.0
0,20180607.0,목,오정로(부천시계),B-26,유출,외발산사거리->오쇠삼거리,11080.0,37.54318,126.8123,13시,709.0
0,20180607.0,목,오정로(부천시계),B-26,유출,외발산사거리->오쇠삼거리,11080.0,37.54318,126.8123,14시,707.0
0,20180607.0,목,오정로(부천시계),B-26,유출,외발산사거리->오쇠삼거리,11080.0,37.54318,126.8123,15시,763.0
0,20180607.0,목,오정로(부천시계),B-26,유출,외발산사거리->오쇠삼거리,11080.0,37.54318,126.8123,16시,955.0
0,20180607.0,목,오정로(부천시계),B-26,유출,외발산사거리->오쇠삼거리,11080.0,37.54318,126.8123,17시,1192.0
0,20180607.0,목,오정로(부천시계),B-26,유출,외발산사거리->오쇠삼거리,11080.0,37.54318,126.8123,18시,1337.0
0,20180607.0,목,오정로(부천시계),B-26,유출,외발산사거리->오쇠삼거리,11080.0,37.54318,126.8123,19시,1013.0
0,20180607.0,목,오정로(부천시계),B-26,유출,외발산사거리->오쇠삼거리,11080.0,37.54318,126.8123,20시,640.0
0,20180608.0,금,오정로(부천시계),B-26,유출,외발산사거리->오쇠삼거리,11328.0,37.54318,126.8123,8시,973.0
0,20180608.0,금,오정로(부천시계),B-26,유출,외발산사거리->오쇠삼거리,11328.0,37.54318,126.8123,9시,701.0
0,20180608.0,금,오정로(부천시계),B-26,유출,외발산사거리->오쇠삼거리,11328.0,37.54318,126.8123,10시,703.0
0,20180608.0,금,오정로(부천시계),B-26,유출,외발산사거리->오쇠삼거리,11328.0,37.54318,126.8123,11시,699.0
0,20180608.0,금,오정로(부천시계),B-26,유출,외발산사거리->오쇠삼거리,11328.0,37.54318,126.8123,12시,651.0
0,20180608.0,금,오정로(부천시계),B-26,유출,외발산사거리->오쇠삼거리,11328.0,37.54318,126.8123,13시,707.0
0,20180608.0,금,오정로(부천시계),B-26,유출,외발산사거리->오쇠삼거리,11328.0,37.54318,126.8123,14시,699.0
0,20180608.0,금,오정로(부천시계),B-26,유출,외발산사거리->오쇠삼거리,11328.0,37.54318,126.8123,15시,789.0
0,20180608.0,금,오정로(부천시계),B-26,유출,외발산사거리->오쇠삼거리,11328.0,37.54318,126.8123,16시,953.0
0,20180608.0,금,오정로(부천시계),B-26,유출,외발산사거리->오쇠삼거리,11328.0,37.54318,126.8123,17시,1183.0
0,20180608.0,금,오정로(부천시계),B-26,유출,외발산사거리->오쇠삼거리,11328.0,37.54318,126.8123,18시,1319.0
0,20180608.0,금,오정로(부천시계),B-26,유출,외발산사거리->오쇠삼거리,11328.0,37.54318,126.8123,19시,1237.0
0,20180608.0,금,오정로(부천시계),B-26,유출,외발산사거리->오쇠삼거리,11328.0,37.54318,126.8123,20시,714.0
0,20180609.0,토,오정로(부천시계),B-26,유출,외발산사거리->오쇠삼거리,9495.0,37.54318,126.8123,8시,533.0
0,20180609.0,토,오정로(부천시계),B-26,유출,외발산사거리->오쇠삼거리,9495.0,37.54318,126.8123,9시,610.0
0,20180609.0,토,오정로(부천시계),B-26,유출,외발산사거리->오쇠삼거리,9495.0,37.54318,126.8123,10시,630.0
0,20180609.0,토,오정로(부천시계),B-26,유출,외발산사거리->오쇠삼거리,9495.0,37.54318,126.8123,11시,639.0
0,20180609.0,토,오정로(부천시계),B-26,유출,외발산사거리->오쇠삼거리,9495.0,37.54318,126.8123,12시,684.0
0,20180609.0,토,오정로(부천시계),B-26,유출,외발산사거리->오쇠삼거리,9495.0,37.54318,126.8123,13시,676.0
0,20180609.0,토,오정로(부천시계),B-26,유출,외발산사거리->오쇠삼거리,9495.0,37.54318,126.8123,14시,756.0
0,20180609.0,토,오정로(부천시계),B-26,유출,외발산사거리->오쇠삼거리,9495.0,37.54318,126.8123,15시,874.0
0,20180609.0,토,오정로(부천시계),B-26,유출,외발산사거리->오쇠삼거리,9495.0,37.54318,126.8123,16시,896.0
0,20180609.0,토,오정로(부천시계),B-26,유출,외발산사거리->오쇠삼거리,9495.0,37.54318,126.8123,17시,1108.0
0,20180609.0,토,오정로(부천시계),B-26,유출,외발산사거리->오쇠삼거리,9495.0,37.54318,126.8123,18시,893.0
0,20180609.0,토,오정로(부천시계),B-26,유출,외발산사거리->오쇠삼거리,9495.0,37.54318,126.8123,19시,666.0
0,20180609.0,토,오정로(부천시계),B-26,유출,외발산사거리->오쇠삼거리,9495.0,37.54318,126.8123,20시,530.0
0,20180610.0,일,오정로(부천시계),B-26,유출,외발산사거리->오쇠삼거리,7341.0,37.54318,126.8123,8시,345.0
0,20180610.0,일,오정로(부천시계),B-26,유출,외발산사거리->오쇠삼거리,7341.0,37.54318,126.8123,9시,386.0
0,20180610.0,일,오정로(부천시계),B-26,유출,외발산사거리->오쇠삼거리,7341.0,37.54318,126.8123,10시,459.0
0,20180610.0,일,오정로(부천시계),B-26,유출,외발산사거리->오쇠삼거리,7341.0,37.54318,126.8123,11시,491.0
0,20180610.0,일,오정로(부천시계),B-26,유출,외발산사거리->오쇠삼거리,7341.0,37.54318,126.8123,12시,553.0
0,20180610.0,일,오정로(부천시계),B-26,유출,외발산사거리->오쇠삼거리,7341.0,37.54318,126.8123,13시,555.0
0,20180610.0,일,오정로(부천시계),B-26,유출,외발산사거리->오쇠삼거리,7341.0,37.54318,126.8123,14시,601.0
0,20180610.0,일,오정로(부천시계),B-26,유출,외발산사거리->오쇠삼거리,7341.0,37.54318,126.8123,15시,655.0
0,20180610.0,일,오정로(부천시계),B-26,유출,외발산사거리->오쇠삼거리,7341.0,37.54318,126.8123,16시,753.0
0,20180610.0,일,오정로(부천시계),B-26,유출,외발산사거리->오쇠삼거리,7341.0,37.54318,126.8123,17시,750.0
0,20180610.0,일,오정로(부천시계),B-26,유출,외발산사거리->오쇠삼거리,7341.0,37.54318,126.8123,18시,689.0
0,20180610.0,일,오정로(부천시계),B-26,유출,외발산사거리->오쇠삼거리,7341.0,37.54318,126.8123,19시,564.0
0,20180610.0,일,오정로(부천시계),B-26,유출,외발산사거리->오쇠삼거리,7341.0,37.54318,126.8123,20시,540.0
0,20180611.0,월,오정로(부천시계),B-26,유출,외발산사거리->오쇠삼거리,10914.0,37.54318,126.8123,8시,974.0
0,20180611.0,월,오정로(부천시계),B-26,유출,외발산사거리->오쇠삼거리,10914.0,37.54318,126.8123,9시,753.0
0,20180611.0,월,오정로(부천시계),B-26,유출,외발산사거리->오쇠삼거리,10914.0,37.54318,126.8123,10시,666.0
0,20180611.0,월,오정로(부천시계),B-26,유출,외발산사거리->오쇠삼거리,10914.0,37.54318,126.8123,11시,708.0
0,20180611.0,월,오정로(부천시계),B-26,유출,외발산사거리->오쇠삼거리,10914.0,37.54318,126.8123,12시,597.0
0,20180611.0,월,오정로(부천시계),B-26,유출,외발산사거리->오쇠삼거리,10914.0,37.54318,126.8123,13시,701.0
0,20180611.0,월,오정로(부천시계),B-26,유출,외발산사거리->오쇠삼거리,10914.0,37.54318,126.8123,14시,705.0
0,20180611.0,월,오정로(부천시계),B-26,유출,외발산사거리->오쇠삼거리,10914.0,37.54318,126.8123,15시,764.0
0,20180611.0,월,오정로(부천시계),B-26,유출,외발산사거리->오쇠삼거리,10914.0,37.54318,126.8123,16시,1001.0
0,20180611.0,월,오정로(부천시계),B-26,유출,외발산사거리->오쇠삼거리,10914.0,37.54318,126.8123,17시,1167.0
0,20180611.0,월,오정로(부천시계),B-26,유출,외발산사거리->오쇠삼거리,10914.0,37.54318,126.8123,18시,1275.0
0,20180611.0,월,오정로(부천시계),B-26,유출,외발산사거리->오쇠삼거리,10914.0,37.54318,126.8123,19시,987.0
0,20180611.0,월,오정로(부천시계),B-26,유출,외발산사거리->오쇠삼거리,10914.0,37.54318,126.8123,20시,616.0
0,20180612.0,화,오정로(부천시계),B-26,유출,외발산사거리->오쇠삼거리,11021.0,37.54318,126.8123,8시,924.0
0,20180612.0,화,오정로(부천시계),B-26,유출,외발산사거리->오쇠삼거리,11021.0,37.54318,126.8123,9시,700.0
0,20180612.0,화,오정로(부천시계),B-26,유출,외발산사거리->오쇠삼거리,11021.0,37.54318,126.8123,10시,624.0
0,20180612.0,화,오정로(부천시계),B-26,유출,외발산사거리->오쇠삼거리,11021.0,37.54318,126.8123,11시,677.0
0,20180612.0,화,오정로(부천시계),B-26,유출,외발산사거리->오쇠삼거리,11021.0,37.54318,126.8123,12시,620.0
0,20180612.0,화,오정로(부천시계),B-26,유출,외발산사거리->오쇠삼거리,11021.0,37.54318,126.8123,13시,696.0
0,20180612.0,화,오정로(부천시계),B-26,유출,외발산사거리->오쇠삼거리,11021.0,37.54318,126.8123,14시,748.0
0,20180612.0,화,오정로(부천시계),B-26,유출,외발산사거리->오쇠삼거리,11021.0,37.54318,126.8123,15시,781.0
0,20180612.0,화,오정로(부천시계),B-26,유출,외발산사거리->오쇠삼거리,11021.0,37.54318,126.8123,16시,942.0
0,20180612.0,화,오정로(부천시계),B-26,유출,외발산사거리->오쇠삼거리,11021.0,37.54318,126.8123,17시,1276.0
0,20180612.0,화,오정로(부천시계),B-26,유출,외발산사거리->오쇠삼거리,11021.0,37.54318,126.8123,18시,1285.0
0,20180612.0,화,오정로(부천시계),B-26,유출,외발산사거리->오쇠삼거리,11021.0,37.54318,126.8123,19시,1047.0
0,20180612.0,화,오정로(부천시계),B-26,유출,외발산사거리->오쇠삼거리,11021.0,37.54318,126.8123,20시,701.0
0,20180613.0,수,오정로(부천시계),B-26,유출,외발산사거리->오쇠삼거리,8602.0,37.54318,126.8123,8시,472.0
0,20180613.0,수,오정로(부천시계),B-26,유출,외발산사거리->오쇠삼거리,8602.0,37.54318,126.8123,9시,582.0
0,20180613.0,수,오정로(부천시계),B-26,유출,외발산사거리->오쇠삼거리,8602.0,37.54318,126.8123,10시,548.0
0,20180613.0,수,오정로(부천시계),B-26,유출,외발산사거리->오쇠삼거리,8602.0,37.54318,126.8123,11시,570.0
0,20180613.0,수,오정로(부천시계),B-26,유출,외발산사거리->오쇠삼거리,8602.0,37.54318,126.8123,12시,558.0
0,20180613.0,수,오정로(부천시계),B-26,유출,외발산사거리->오쇠삼거리,8602.0,37.54318,126.8123,13시,603.0
0,20180613.0,수,오정로(부천시계),B-26,유출,외발산사거리->오쇠삼거리,8602.0,37.54318,126.8123,14시,663.0
0,20180613.0,수,오정로(부천시계),B-26,유출,외발산사거리->오쇠삼거리,8602.0,37.54318,126.8123,15시,775.0
0,20180613.0,수,오정로(부천시계),B-26,유출,외발산사거리->오쇠삼거리,8602.0,37.54318,126.8123,16시,940.0
0,20180613.0,수,오정로(부천시계),B-26,유출,외발산사거리->오쇠삼거리,8602.0,37.54318,126.8123,17시,949.0
0,20180613.0,수,오정로(부천시계),B-26,유출,외발산사거리->오쇠삼거리,8602.0,37.54318,126.8123,18시,813.0
0,20180613.0,수,오정로(부천시계),B-26,유출,외발산사거리->오쇠삼거리,8602.0,37.54318,126.8123,19시,614.0
0,20180613.0,수,오정로(부천시계),B-26,유출,외발산사거리->오쇠삼거리,8602.0,37.54318,126.8123,20시,515.0
0,20180614.0,목,오정로(부천시계),B-26,유출,외발산사거리->오쇠삼거리,10546.0,37.54318,126.8123,8시,940.0
0,20180614.0,목,오정로(부천시계),B-26,유출,외발산사거리->오쇠삼거리,10546.0,37.54318,126.8123,9시,686.0
0,20180614.0,목,오정로(부천시계),B-26,유출,외발산사거리->오쇠삼거리,10546.0,37.54318,126.8123,10시,682.0
0,20180614.0,목,오정로(부천시계),B-26,유출,외발산사거리->오쇠삼거리,10546.0,37.54318,126.8123,11시,672.0
0,20180614.0,목,오정로(부천시계),B-26,유출,외발산사거리->오쇠삼거리,10546.0,37.54318,126.8123,12시,687.0
0,20180614.0,목,오정로(부천시계),B-26,유출,외발산사거리->오쇠삼거리,10546.0,37.54318,126.8123,13시,696.0
0,20180614.0,목,오정로(부천시계),B-26,유출,외발산사거리->오쇠삼거리,10546.0,37.54318,126.8123,14시,738.0
0,20180614.0,목,오정로(부천시계),B-26,유출,외발산사거리->오쇠삼거리,10546.0,37.54318,126.8123,15시,743.0
0,20180614.0,목,오정로(부천시계),B-26,유출,외발산사거리->오쇠삼거리,10546.0,37.54318,126.8123,16시,913.0
0,20180614.0,목,오정로(부천시계),B-26,유출,외발산사거리->오쇠삼거리,10546.0,37.54318,126.8123,17시,1069.0
0,20180614.0,목,오정로(부천시계),B-26,유출,외발산사거리->오쇠삼거리,10546.0,37.54318,126.8123,18시,1226.0
0,20180614.0,목,오정로(부천시계),B-26,유출,외발산사거리->오쇠삼거리,10546.0,37.54318,126.8123,19시,909.0
0,20180614.0,목,오정로(부천시계),B-26,유출,외발산사거리->오쇠삼거리,10546.0,37.54318,126.8123,20시,585.0
0,20180615.0,금,오정로(부천시계),B-26,유출,외발산사거리->오쇠삼거리,11253.0,37.54318,126.8123,8시,941.0
0,20180615.0,금,오정로(부천시계),B-26,유출,외발산사거리->오쇠삼거리,11253.0,37.54318,126.8123,9시,661.0
0,20180615.0,금,오정로(부천시계),B-26,유출,외발산사거리->오쇠삼거리,11253.0,37.54318,126.8123,10시,706.0
0,20180615.0,금,오정로(부천시계),B-26,유출,외발산사거리->오쇠삼거리,11253.0,37.54318,126.8123,11시,665.0
0,20180615.0,금,오정로(부천시계),B-26,유출,외발산사거리->오쇠삼거리,11253.0,37.54318,126.8123,12시,655.0
0,20180615.0,금,오정로(부천시계),B-26,유출,외발산사거리->오쇠삼거리,11253.0,37.54318,126.8123,13시,684.0
0,20180615.0,금,오정로(부천시계),B-26,유출,외발산사거리->오쇠삼거리,11253.0,37.54318,126.8123,14시,675.0
0,20180615.0,금,오정로(부천시계),B-26,유출,외발산사거리->오쇠삼거리,11253.0,37.54318,126.8123,15시,818.0
0,20180615.0,금,오정로(부천시계),B-26,유출,외발산사거리->오쇠삼거리,11253.0,37.54318,126.8123,16시,1018.0
0,20180615.0,금,오정로(부천시계),B-26,유출,외발산사거리->오쇠삼거리,11253.0,37.54318,126.8123,17시,1270.0
0,20180615.0,금,오정로(부천시계),B-26,유출,외발산사거리->오쇠삼거리,11253.0,37.54318,126.8123,18시,1328.0
0,20180615.0,금,오정로(부천시계),B-26,유출,외발산사거리->오쇠삼거리,11253.0,37.54318,126.8123,19시,1179.0
0,20180615.0,금,오정로(부천시계),B-26,유출,외발산사거리->오쇠삼거리,11253.0,37.54318,126.8123,20시,653.0
0,20180616.0,토,오정로(부천시계),B-26,유출,외발산사거리->오쇠삼거리,9367.0,37.54318,126.8123,8시,513.0
0,20180616.0,토,오정로(부천시계),B-26,유출,외발산사거리->오쇠삼거리,9367.0,37.54318,126.8123,9시,607.0
0,20180616.0,토,오정로(부천시계),B-26,유출,외발산사거리->오쇠삼거리,9367.0,37.54318,126.8123,10시,598.0
0,20180616.0,토,오정로(부천시계),B-26,유출,외발산사거리->오쇠삼거리,9367.0,37.54318,126.8123,11시,673.0
0,20180616.0,토,오정로(부천시계),B-26,유출,외발산사거리->오쇠삼거리,9367.0,37.54318,126.8123,12시,640.0
0,20180616.0,토,오정로(부천시계),B-26,유출,외발산사거리->오쇠삼거리,9367.0,37.54318,126.8123,13시,652.0
0,20180616.0,토,오정로(부천시계),B-26,유출,외발산사거리->오쇠삼거리,9367.0,37.54318,126.8123,14시,767.0
0,20180616.0,토,오정로(부천시계),B-26,유출,외발산사거리->오쇠삼거리,9367.0,37.54318,126.8123,15시,761.0
0,20180616.0,토,오정로(부천시계),B-26,유출,외발산사거리->오쇠삼거리,9367.0,37.54318,126.8123,16시,928.0
0,20180616.0,토,오정로(부천시계),B-26,유출,외발산사거리->오쇠삼거리,9367.0,37.54318,126.8123,17시,1087.0
0,20180616.0,토,오정로(부천시계),B-26,유출,외발산사거리->오쇠삼거리,9367.0,37.54318,126.8123,18시,972.0
0,20180616.0,토,오정로(부천시계),B-26,유출,외발산사거리->오쇠삼거리,9367.0,37.54318,126.8123,19시,673.0
0,20180616.0,토,오정로(부천시계),B-26,유출,외발산사거리->오쇠삼거리,9367.0,37.54318,126.8123,20시,496.0
0,20180617.0,일,오정로(부천시계),B-26,유출,외발산사거리->오쇠삼거리,7372.0,37.54318,126.8123,8시,367.0
0,20180617.0,일,오정로(부천시계),B-26,유출,외발산사거리->오쇠삼거리,7372.0,37.54318,126.8123,9시,411.0
0,20180617.0,일,오정로(부천시계),B-26,유출,외발산사거리->오쇠삼거리,7372.0,37.54318,126.8123,10시,461.0
0,20180617.0,일,오정로(부천시계),B-26,유출,외발산사거리->오쇠삼거리,7372.0,37.54318,126.8123,11시,486.0
0,20180617.0,일,오정로(부천시계),B-26,유출,외발산사거리->오쇠삼거리,7372.0,37.54318,126.8123,12시,530.0
0,20180617.0,일,오정로(부천시계),B-26,유출,외발산사거리->오쇠삼거리,7372.0,37.54318,126.8123,13시,559.0
0,20180617.0,일,오정로(부천시계),B-26,유출,외발산사거리->오쇠삼거리,7372.0,37.54318,126.8123,14시,598.0
0,20180617.0,일,오정로(부천시계),B-26,유출,외발산사거리->오쇠삼거리,7372.0,37.54318,126.8123,15시,735.0
0,20180617.0,일,오정로(부천시계),B-26,유출,외발산사거리->오쇠삼거리,7372.0,37.54318,126.8123,16시,693.0
0,20180617.0,일,오정로(부천시계),B-26,유출,외발산사거리->오쇠삼거리,7372.0,37.54318,126.8123,17시,806.0
0,20180617.0,일,오정로(부천시계),B-26,유출,외발산사거리->오쇠삼거리,7372.0,37.54318,126.8123,18시,696.0
0,20180617.0,일,오정로(부천시계),B-26,유출,외발산사거리->오쇠삼거리,7372.0,37.54318,126.8123,19시,542.0
0,20180617.0,일,오정로(부천시계),B-26,유출,외발산사거리->오쇠삼거리,7372.0,37.54318,126.8123,20시,488.0
0,20180618.0,월,오정로(부천시계),B-26,유출,외발산사거리->오쇠삼거리,11005.0,37.54318,126.8123,8시,957.0
0,20180618.0,월,오정로(부천시계),B-26,유출,외발산사거리->오쇠삼거리,11005.0,37.54318,126.8123,9시,645.0
0,20180618.0,월,오정로(부천시계),B-26,유출,외발산사거리->오쇠삼거리,11005.0,37.54318,126.8123,10시,715.0
0,20180618.0,월,오정로(부천시계),B-26,유출,외발산사거리->오쇠삼거리,11005.0,37.54318,126.8123,11시,691.0
0,20180618.0,월,오정로(부천시계),B-26,유출,외발산사거리->오쇠삼거리,11005.0,37.54318,126.8123,12시,601.0
0,20180618.0,월,오정로(부천시계),B-26,유출,외발산사거리->오쇠삼거리,11005.0,37.54318,126.8123,13시,690.0
0,20180618.0,월,오정로(부천시계),B-26,유출,외발산사거리->오쇠삼거리,11005.0,37.54318,126.8123,14시,700.0
0,20180618.0,월,오정로(부천시계),B-26,유출,외발산사거리->오쇠삼거리,11005.0,37.54318,126.8123,15시,788.0
0,20180618.0,월,오정로(부천시계),B-26,유출,외발산사거리->오쇠삼거리,11005.0,37.54318,126.8123,16시,926.0
0,20180618.0,월,오정로(부천시계),B-26,유출,외발산사거리->오쇠삼거리,11005.0,37.54318,126.8123,17시,1278.0
0,20180618.0,월,오정로(부천시계),B-26,유출,외발산사거리->오쇠삼거리,11005.0,37.54318,126.8123,18시,1294.0
0,20180618.0,월,오정로(부천시계),B-26,유출,외발산사거리->오쇠삼거리,11005.0,37.54318,126.8123,19시,1051.0
0,20180618.0,월,오정로(부천시계),B-26,유출,외발산사거리->오쇠삼거리,11005.0,37.54318,126.8123,20시,669.0
0,20180619.0,화,오정로(부천시계),B-26,유출,외발산사거리->오쇠삼거리,10774.0,37.54318,126.8123,8시,968.0
0,20180619.0,화,오정로(부천시계),B-26,유출,외발산사거리->오쇠삼거리,10774.0,37.54318,126.8123,9시,649.0
0,20180619.0,화,오정로(부천시계),B-26,유출,외발산사거리->오쇠삼거리,10774.0,37.54318,126.8123,10시,614.0
0,20180619.0,화,오정로(부천시계),B-26,유출,외발산사거리->오쇠삼거리,10774.0,37.54318,126.8123,11시,721.0
0,20180619.0,화,오정로(부천시계),B-26,유출,외발산사거리->오쇠삼거리,10774.0,37.54318,126.8123,12시,647.0
0,20180619.0,화,오정로(부천시계),B-26,유출,외발산사거리->오쇠삼거리,10774.0,37.54318,126.8123,13시,654.0
0,20180619.0,화,오정로(부천시계),B-26,유출,외발산사거리->오쇠삼거리,10774.0,37.54318,126.8123,14시,713.0
0,20180619.0,화,오정로(부천시계),B-26,유출,외발산사거리->오쇠삼거리,10774.0,37.54318,126.8123,15시,809.0
0,20180619.0,화,오정로(부천시계),B-26,유출,외발산사거리->오쇠삼거리,10774.0,37.54318,126.8123,16시,949.0
0,20180619.0,화,오정로(부천시계),B-26,유출,외발산사거리->오쇠삼거리,10774.0,37.54318,126.8123,17시,1259.0
0,20180619.0,화,오정로(부천시계),B-26,유출,외발산사거리->오쇠삼거리,10774.0,37.54318,126.8123,18시,1271.0
0,20180619.0,화,오정로(부천시계),B-26,유출,외발산사거리->오쇠삼거리,10774.0,37.54318,126.8123,19시,931.0
0,20180619.0,화,오정로(부천시계),B-26,유출,외발산사거리->오쇠삼거리,10774.0,37.54318,126.8123,20시,589.0
0,20180620.0,수,오정로(부천시계),B-26,유출,외발산사거리->오쇠삼거리,10765.0,37.54318,126.8123,8시,967.0
0,20180620.0,수,오정로(부천시계),B-26,유출,외발산사거리->오쇠삼거리,10765.0,37.54318,126.8123,9시,689.0
0,20180620.0,수,오정로(부천시계),B-26,유출,외발산사거리->오쇠삼거리,10765.0,37.54318,126.8123,10시,650.0
0,20180620.0,수,오정로(부천시계),B-26,유출,외발산사거리->오쇠삼거리,10765.0,37.54318,126.8123,11시,694.0
0,20180620.0,수,오정로(부천시계),B-26,유출,외발산사거리->오쇠삼거리,10765.0,37.54318,126.8123,12시,651.0
0,20180620.0,수,오정로(부천시계),B-26,유출,외발산사거리->오쇠삼거리,10765.0,37.54318,126.8123,13시,667.0
0,20180620.0,수,오정로(부천시계),B-26,유출,외발산사거리->오쇠삼거리,10765.0,37.54318,126.8123,14시,704.0
0,20180620.0,수,오정로(부천시계),B-26,유출,외발산사거리->오쇠삼거리,10765.0,37.54318,126.8123,15시,732.0
0,20180620.0,수,오정로(부천시계),B-26,유출,외발산사거리->오쇠삼거리,10765.0,37.54318,126.8123,16시,859.0
0,20180620.0,수,오정로(부천시계),B-26,유출,외발산사거리->오쇠삼거리,10765.0,37.54318,126.8123,17시,1239.0
0,20180620.0,수,오정로(부천시계),B-26,유출,외발산사거리->오쇠삼거리,10765.0,37.54318,126.8123,18시,1341.0
0,20180620.0,수,오정로(부천시계),B-26,유출,외발산사거리->오쇠삼거리,10765.0,37.54318,126.8123,19시,923.0
0,20180620.0,수,오정로(부천시계),B-26,유출,외발산사거리->오쇠삼거리,10765.0,37.54318,126.8123,20시,649.0
0,20180621.0,목,오정로(부천시계),B-26,유출,외발산사거리->오쇠삼거리,11128.0,37.54318,126.8123,8시,976.0
0,20180621.0,목,오정로(부천시계),B-26,유출,외발산사거리->오쇠삼거리,11128.0,37.54318,126.8123,9시,699.0
0,20180621.0,목,오정로(부천시계),B-26,유출,외발산사거리->오쇠삼거리,11128.0,37.54318,126.8123,10시,679.0
0,20180621.0,목,오정로(부천시계),B-26,유출,외발산사거리->오쇠삼거리,11128.0,37.54318,126.8123,11시,702.0
0,20180621.0,목,오정로(부천시계),B-26,유출,외발산사거리->오쇠삼거리,11128.0,37.54318,126.8123,12시,639.0
0,20180621.0,목,오정로(부천시계),B-26,유출,외발산사거리->오쇠삼거리,11128.0,37.54318,126.8123,13시,701.0
0,20180621.0,목,오정로(부천시계),B-26,유출,외발산사거리->오쇠삼거리,11128.0,37.54318,126.8123,14시,734.0
0,20180621.0,목,오정로(부천시계),B-26,유출,외발산사거리->오쇠삼거리,11128.0,37.54318,126.8123,15시,775.0
0,20180621.0,목,오정로(부천시계),B-26,유출,외발산사거리->오쇠삼거리,11128.0,37.54318,126.8123,16시,975.0
0,20180621.0,목,오정로(부천시계),B-26,유출,외발산사거리->오쇠삼거리,11128.0,37.54318,126.8123,17시,1270.0
0,20180621.0,목,오정로(부천시계),B-26,유출,외발산사거리->오쇠삼거리,11128.0,37.54318,126.8123,18시,1315.0
0,20180621.0,목,오정로(부천시계),B-26,유출,외발산사거리->오쇠삼거리,11128.0,37.54318,126.8123,19시,1050.0
0,20180621.0,목,오정로(부천시계),B-26,유출,외발산사거리->오쇠삼거리,11128.0,37.54318,126.8123,20시,613.0
0,20180622.0,금,오정로(부천시계),B-26,유출,외발산사거리->오쇠삼거리,11494.0,37.54318,126.8123,8시,930.0
0,20180622.0,금,오정로(부천시계),B-26,유출,외발산사거리->오쇠삼거리,11494.0,37.54318,126.8123,9시,679.0
0,20180622.0,금,오정로(부천시계),B-26,유출,외발산사거리->오쇠삼거리,11494.0,37.54318,126.8123,10시,714.0
0,20180622.0,금,오정로(부천시계),B-26,유출,외발산사거리->오쇠삼거리,11494.0,37.54318,126.8123,11시,701.0
0,20180622.0,금,오정로(부천시계),B-26,유출,외발산사거리->오쇠삼거리,11494.0,37.54318,126.8123,12시,648.0
0,20180622.0,금,오정로(부천시계),B-26,유출,외발산사거리->오쇠삼거리,11494.0,37.54318,126.8123,13시,717.0
0,20180622.0,금,오정로(부천시계),B-26,유출,외발산사거리->오쇠삼거리,11494.0,37.54318,126.8123,14시,766.0
0,20180622.0,금,오정로(부천시계),B-26,유출,외발산사거리->오쇠삼거리,11494.0,37.54318,126.8123,15시,807.0
0,20180622.0,금,오정로(부천시계),B-26,유출,외발산사거리->오쇠삼거리,11494.0,37.54318,126.8123,16시,1013.0
0,20180622.0,금,오정로(부천시계),B-26,유출,외발산사거리->오쇠삼거리,11494.0,37.54318,126.8123,17시,1210.0
0,20180622.0,금,오정로(부천시계),B-26,유출,외발산사거리->오쇠삼거리,11494.0,37.54318,126.8123,18시,1362.0
0,20180622.0,금,오정로(부천시계),B-26,유출,외발산사거리->오쇠삼거리,11494.0,37.54318,126.8123,19시,1194.0
0,20180622.0,금,오정로(부천시계),B-26,유출,외발산사거리->오쇠삼거리,11494.0,37.54318,126.8123,20시,753.0
0,20180623.0,토,오정로(부천시계),B-26,유출,외발산사거리->오쇠삼거리,10034.0,37.54318,126.8123,8시,538.0
0,20180623.0,토,오정로(부천시계),B-26,유출,외발산사거리->오쇠삼거리,10034.0,37.54318,126.8123,9시,606.0
0,20180623.0,토,오정로(부천시계),B-26,유출,외발산사거리->오쇠삼거리,10034.0,37.54318,126.8123,10시,591.0
0,20180623.0,토,오정로(부천시계),B-26,유출,외발산사거리->오쇠삼거리,10034.0,37.54318,126.8123,11시,730.0
0,20180623.0,토,오정로(부천시계),B-26,유출,외발산사거리->오쇠삼거리,10034.0,37.54318,126.8123,12시,693.0
0,20180623.0,토,오정로(부천시계),B-26,유출,외발산사거리->오쇠삼거리,10034.0,37.54318,126.8123,13시,744.0
0,20180623.0,토,오정로(부천시계),B-26,유출,외발산사거리->오쇠삼거리,10034.0,37.54318,126.8123,14시,773.0
0,20180623.0,토,오정로(부천시계),B-26,유출,외발산사거리->오쇠삼거리,10034.0,37.54318,126.8123,15시,894.0
0,20180623.0,토,오정로(부천시계),B-26,유출,외발산사거리->오쇠삼거리,10034.0,37.54318,126.8123,16시,1041.0
0,20180623.0,토,오정로(부천시계),B-26,유출,외발산사거리->오쇠삼거리,10034.0,37.54318,126.8123,17시,1194.0
0,20180623.0,토,오정로(부천시계),B-26,유출,외발산사거리->오쇠삼거리,10034.0,37.54318,126.8123,18시,989.0
0,20180623.0,토,오정로(부천시계),B-26,유출,외발산사거리->오쇠삼거리,10034.0,37.54318,126.8123,19시,752.0
0,20180623.0,토,오정로(부천시계),B-26,유출,외발산사거리->오쇠삼거리,10034.0,37.54318,126.8123,20시,489.0
0,20180624.0,일,오정로(부천시계),B-26,유출,외발산사거리->오쇠삼거리,7663.0,37.54318,126.8123,8시,350.0
0,20180624.0,일,오정로(부천시계),B-26,유출,외발산사거리->오쇠삼거리,7663.0,37.54318,126.8123,9시,425.0
0,20180624.0,일,오정로(부천시계),B-26,유출,외발산사거리->오쇠삼거리,7663.0,37.54318,126.8123,10시,447.0
0,20180624.0,일,오정로(부천시계),B-26,유출,외발산사거리->오쇠삼거리,7663.0,37.54318,126.8123,11시,468.0
0,20180624.0,일,오정로(부천시계),B-26,유출,외발산사거리->오쇠삼거리,7663.0,37.54318,126.8123,12시,562.0
0,20180624.0,일,오정로(부천시계),B-26,유출,외발산사거리->오쇠삼거리,7663.0,37.54318,126.8123,13시,610.0
0,20180624.0,일,오정로(부천시계),B-26,유출,외발산사거리->오쇠삼거리,7663.0,37.54318,126.8123,14시,640.0
0,20180624.0,일,오정로(부천시계),B-26,유출,외발산사거리->오쇠삼거리,7663.0,37.54318,126.8123,15시,690.0
0,20180624.0,일,오정로(부천시계),B-26,유출,외발산사거리->오쇠삼거리,7663.0,37.54318,126.8123,16시,765.0
0,20180624.0,일,오정로(부천시계),B-26,유출,외발산사거리->오쇠삼거리,7663.0,37.54318,126.8123,17시,897.0
0,20180624.0,일,오정로(부천시계),B-26,유출,외발산사거리->오쇠삼거리,7663.0,37.54318,126.8123,18시,739.0
0,20180624.0,일,오정로(부천시계),B-26,유출,외발산사거리->오쇠삼거리,7663.0,37.54318,126.8123,19시,546.0
0,20180624.0,일,오정로(부천시계),B-26,유출,외발산사거리->오쇠삼거리,7663.0,37.54318,126.8123,20시,524.0
0,20180625.0,월,오정로(부천시계),B-26,유출,외발산사거리->오쇠삼거리,10812.0,37.54318,126.8123,8시,831.0
0,20180625.0,월,오정로(부천시계),B-26,유출,외발산사거리->오쇠삼거리,10812.0,37.54318,126.8123,9시,663.0
0,20180625.0,월,오정로(부천시계),B-26,유출,외발산사거리->오쇠삼거리,10812.0,37.54318,126.8123,10시,639.0
0,20180625.0,월,오정로(부천시계),B-26,유출,외발산사거리->오쇠삼거리,10812.0,37.54318,126.8123,11시,682.0
0,20180625.0,월,오정로(부천시계),B-26,유출,외발산사거리->오쇠삼거리,10812.0,37.54318,126.8123,12시,629.0
0,20180625.0,월,오정로(부천시계),B-26,유출,외발산사거리->오쇠삼거리,10812.0,37.54318,126.8123,13시,691.0
0,20180625.0,월,오정로(부천시계),B-26,유출,외발산사거리->오쇠삼거리,10812.0,37.54318,126.8123,14시,691.0
0,20180625.0,월,오정로(부천시계),B-26,유출,외발산사거리->오쇠삼거리,10812.0,37.54318,126.8123,15시,816.0
0,20180625.0,월,오정로(부천시계),B-26,유출,외발산사거리->오쇠삼거리,10812.0,37.54318,126.8123,16시,925.0
0,20180625.0,월,오정로(부천시계),B-26,유출,외발산사거리->오쇠삼거리,10812.0,37.54318,126.8123,17시,1232.0
0,20180625.0,월,오정로(부천시계),B-26,유출,외발산사거리->오쇠삼거리,10812.0,37.54318,126.8123,18시,1264.0
0,20180625.0,월,오정로(부천시계),B-26,유출,외발산사거리->오쇠삼거리,10812.0,37.54318,126.8123,19시,1091.0
0,20180625.0,월,오정로(부천시계),B-26,유출,외발산사거리->오쇠삼거리,10812.0,37.54318,126.8123,20시,658.0
0,20180626.0,화,오정로(부천시계),B-26,유출,외발산사거리->오쇠삼거리,9839.0,37.54318,126.8123,8시,872.0
0,20180626.0,화,오정로(부천시계),B-26,유출,외발산사거리->오쇠삼거리,9839.0,37.54318,126.8123,9시,594.0
0,20180626.0,화,오정로(부천시계),B-26,유출,외발산사거리->오쇠삼거리,9839.0,37.54318,126.8123,10시,599.0
0,20180626.0,화,오정로(부천시계),B-26,유출,외발산사거리->오쇠삼거리,9839.0,37.54318,126.8123,11시,698.0
0,20180626.0,화,오정로(부천시계),B-26,유출,외발산사거리->오쇠삼거리,9839.0,37.54318,126.8123,12시,605.0
0,20180626.0,화,오정로(부천시계),B-26,유출,외발산사거리->오쇠삼거리,9839.0,37.54318,126.8123,13시,601.0
0,20180626.0,화,오정로(부천시계),B-26,유출,외발산사거리->오쇠삼거리,9839.0,37.54318,126.8123,14시,571.0
0,20180626.0,화,오정로(부천시계),B-26,유출,외발산사거리->오쇠삼거리,9839.0,37.54318,126.8123,15시,703.0
0,20180626.0,화,오정로(부천시계),B-26,유출,외발산사거리->오쇠삼거리,9839.0,37.54318,126.8123,16시,916.0
0,20180626.0,화,오정로(부천시계),B-26,유출,외발산사거리->오쇠삼거리,9839.0,37.54318,126.8123,17시,1066.0
0,20180626.0,화,오정로(부천시계),B-26,유출,외발산사거리->오쇠삼거리,9839.0,37.54318,126.8123,18시,1182.0
0,20180626.0,화,오정로(부천시계),B-26,유출,외발산사거리->오쇠삼거리,9839.0,37.54318,126.8123,19시,868.0
0,20180626.0,화,오정로(부천시계),B-26,유출,외발산사거리->오쇠삼거리,9839.0,37.54318,126.8123,20시,564.0
0,20180627.0,수,오정로(부천시계),B-26,유출,외발산사거리->오쇠삼거리,10746.0,37.54318,126.8123,8시,906.0
0,20180627.0,수,오정로(부천시계),B-26,유출,외발산사거리->오쇠삼거리,10746.0,37.54318,126.8123,9시,674.0
0,20180627.0,수,오정로(부천시계),B-26,유출,외발산사거리->오쇠삼거리,10746.0,37.54318,126.8123,10시,634.0
0,20180627.0,수,오정로(부천시계),B-26,유출,외발산사거리->오쇠삼거리,10746.0,37.54318,126.8123,11시,595.0
0,20180627.0,수,오정로(부천시계),B-26,유출,외발산사거리->오쇠삼거리,10746.0,37.54318,126.8123,12시,622.0
0,20180627.0,수,오정로(부천시계),B-26,유출,외발산사거리->오쇠삼거리,10746.0,37.54318,126.8123,13시,670.0
0,20180627.0,수,오정로(부천시계),B-26,유출,외발산사거리->오쇠삼거리,10746.0,37.54318,126.8123,14시,712.0
0,20180627.0,수,오정로(부천시계),B-26,유출,외발산사거리->오쇠삼거리,10746.0,37.54318,126.8123,15시,745.0
0,20180627.0,수,오정로(부천시계),B-26,유출,외발산사거리->오쇠삼거리,10746.0,37.54318,126.8123,16시,982.0
0,20180627.0,수,오정로(부천시계),B-26,유출,외발산사거리->오쇠삼거리,10746.0,37.54318,126.8123,17시,1241.0
0,20180627.0,수,오정로(부천시계),B-26,유출,외발산사거리->오쇠삼거리,10746.0,37.54318,126.8123,18시,1290.0
0,20180627.0,수,오정로(부천시계),B-26,유출,외발산사거리->오쇠삼거리,10746.0,37.54318,126.8123,19시,1031.0
0,20180627.0,수,오정로(부천시계),B-26,유출,외발산사거리->오쇠삼거리,10746.0,37.54318,126.8123,20시,644.0
0,20180628.0,목,오정로(부천시계),B-26,유출,외발산사거리->오쇠삼거리,10835.0,37.54318,126.8123,8시,945.0
0,20180628.0,목,오정로(부천시계),B-26,유출,외발산사거리->오쇠삼거리,10835.0,37.54318,126.8123,9시,648.0
0,20180628.0,목,오정로(부천시계),B-26,유출,외발산사거리->오쇠삼거리,10835.0,37.54318,126.8123,10시,690.0
0,20180628.0,목,오정로(부천시계),B-26,유출,외발산사거리->오쇠삼거리,10835.0,37.54318,126.8123,11시,663.0
0,20180628.0,목,오정로(부천시계),B-26,유출,외발산사거리->오쇠삼거리,10835.0,37.54318,126.8123,12시,624.0
0,20180628.0,목,오정로(부천시계),B-26,유출,외발산사거리->오쇠삼거리,10835.0,37.54318,126.8123,13시,630.0
0,20180628.0,목,오정로(부천시계),B-26,유출,외발산사거리->오쇠삼거리,10835.0,37.54318,126.8123,14시,695.0
0,20180628.0,목,오정로(부천시계),B-26,유출,외발산사거리->오쇠삼거리,10835.0,37.54318,126.8123,15시,756.0
0,20180628.0,목,오정로(부천시계),B-26,유출,외발산사거리->오쇠삼거리,10835.0,37.54318,126.8123,16시,957.0
0,20180628.0,목,오정로(부천시계),B-26,유출,외발산사거리->오쇠삼거리,10835.0,37.54318,126.8123,17시,1174.0
0,20180628.0,목,오정로(부천시계),B-26,유출,외발산사거리->오쇠삼거리,10835.0,37.54318,126.8123,18시,1277.0
0,20180628.0,목,오정로(부천시계),B-26,유출,외발산사거리->오쇠삼거리,10835.0,37.54318,126.8123,19시,1106.0
0,20180628.0,목,오정로(부천시계),B-26,유출,외발산사거리->오쇠삼거리,10835.0,37.54318,126.8123,20시,670.0
0,20180629.0,금,오정로(부천시계),B-26,유출,외발산사거리->오쇠삼거리,11366.0,37.54318,126.8123,8시,935.0
0,20180629.0,금,오정로(부천시계),B-26,유출,외발산사거리->오쇠삼거리,11366.0,37.54318,126.8123,9시,680.0
0,20180629.0,금,오정로(부천시계),B-26,유출,외발산사거리->오쇠삼거리,11366.0,37.54318,126.8123,10시,667.0
0,20180629.0,금,오정로(부천시계),B-26,유출,외발산사거리->오쇠삼거리,11366.0,37.54318,126.8123,11시,721.0
0,20180629.0,금,오정로(부천시계),B-26,유출,외발산사거리->오쇠삼거리,11366.0,37.54318,126.8123,12시,612.0
0,20180629.0,금,오정로(부천시계),B-26,유출,외발산사거리->오쇠삼거리,11366.0,37.54318,126.8123,13시,668.0
0,20180629.0,금,오정로(부천시계),B-26,유출,외발산사거리->오쇠삼거리,11366.0,37.54318,126.8123,14시,698.0
0,20180629.0,금,오정로(부천시계),B-26,유출,외발산사거리->오쇠삼거리,11366.0,37.54318,126.8123,15시,821.0
0,20180629.0,금,오정로(부천시계),B-26,유출,외발산사거리->오쇠삼거리,11366.0,37.54318,126.8123,16시,1051.0
0,20180629.0,금,오정로(부천시계),B-26,유출,외발산사거리->오쇠삼거리,11366.0,37.54318,126.8123,17시,1317.0
0,20180629.0,금,오정로(부천시계),B-26,유출,외발산사거리->오쇠삼거리,11366.0,37.54318,126.8123,18시,1280.0
0,20180629.0,금,오정로(부천시계),B-26,유출,외발산사거리->오쇠삼거리,11366.0,37.54318,126.8123,19시,1166.0
0,20180629.0,금,오정로(부천시계),B-26,유출,외발산사거리->오쇠삼거리,11366.0,37.54318,126.8123,20시,750.0
0,20180630.0,토,오정로(부천시계),B-26,유출,외발산사거리->오쇠삼거리,9805.0,37.54318,126.8123,8시,516.0
0,20180630.0,토,오정로(부천시계),B-26,유출,외발산사거리->오쇠삼거리,9805.0,37.54318,126.8123,9시,586.0
0,20180630.0,토,오정로(부천시계),B-26,유출,외발산사거리->오쇠삼거리,9805.0,37.54318,126.8123,10시,617.0
0,20180630.0,토,오정로(부천시계),B-26,유출,외발산사거리->오쇠삼거리,9805.0,37.54318,126.8123,11시,729.0
0,20180630.0,토,오정로(부천시계),B-26,유출,외발산사거리->오쇠삼거리,9805.0,37.54318,126.8123,12시,722.0
0,20180630.0,토,오정로(부천시계),B-26,유출,외발산사거리->오쇠삼거리,9805.0,37.54318,126.8123,13시,777.0
0,20180630.0,토,오정로(부천시계),B-26,유출,외발산사거리->오쇠삼거리,9805.0,37.54318,126.8123,14시,788.0
0,20180630.0,토,오정로(부천시계),B-26,유출,외발산사거리->오쇠삼거리,9805.0,37.54318,126.8123,15시,820.0
0,20180630.0,토,오정로(부천시계),B-26,유출,외발산사거리->오쇠삼거리,9805.0,37.54318,126.8123,16시,1025.0
0,20180630.0,토,오정로(부천시계),B-26,유출,외발산사거리->오쇠삼거리,9805.0,37.54318,126.8123,17시,1108.0
0,20180630.0,토,오정로(부천시계),B-26,유출,외발산사거리->오쇠삼거리,9805.0,37.54318,126.8123,18시,946.0
0,20180630.0,토,오정로(부천시계),B-26,유출,외발산사거리->오쇠삼거리,9805.0,37.54318,126.8123,19시,659.0
0,20180630.0,토,오정로(부천시계),B-26,유출,외발산사거리->오쇠삼거리,9805.0,37.54318,126.8123,20시,512.0
0,20180701.0,일,오정로(부천시계),B-26,유입,오쇠삼거리->외발산사거리,5119.0,37.54318,126.8123,8시,310.0
0,20180701.0,일,오정로(부천시계),B-26,유입,오쇠삼거리->외발산사거리,5119.0,37.54318,126.8123,9시,390.0
0,20180701.0,일,오정로(부천시계),B-26,유입,오쇠삼거리->외발산사거리,5119.0,37.54318,126.8123,10시,396.0
0,20180701.0,일,오정로(부천시계),B-26,유입,오쇠삼거리->외발산사거리,5119.0,37.54318,126.8123,11시,390.0
0,20180701.0,일,오정로(부천시계),B-26,유입,오쇠삼거리->외발산사거리,5119.0,37.54318,126.8123,12시,444.0
0,20180701.0,일,오정로(부천시계),B-26,유입,오쇠삼거리->외발산사거리,5119.0,37.54318,126.8123,13시,458.0
0,20180701.0,일,오정로(부천시계),B-26,유입,오쇠삼거리->외발산사거리,5119.0,37.54318,126.8123,14시,485.0
0,20180701.0,일,오정로(부천시계),B-26,유입,오쇠삼거리->외발산사거리,5119.0,37.54318,126.8123,15시,487.0
0,20180701.0,일,오정로(부천시계),B-26,유입,오쇠삼거리->외발산사거리,5119.0,37.54318,126.8123,16시,421.0
0,20180701.0,일,오정로(부천시계),B-26,유입,오쇠삼거리->외발산사거리,5119.0,37.54318,126.8123,17시,439.0
0,20180701.0,일,오정로(부천시계),B-26,유입,오쇠삼거리->외발산사거리,5119.0,37.54318,126.8123,18시,373.0
0,20180701.0,일,오정로(부천시계),B-26,유입,오쇠삼거리->외발산사거리,5119.0,37.54318,126.8123,19시,275.0
0,20180701.0,일,오정로(부천시계),B-26,유입,오쇠삼거리->외발산사거리,5119.0,37.54318,126.8123,20시,251.0
0,20180702.0,월,오정로(부천시계),B-26,유입,오쇠삼거리->외발산사거리,7012.0,37.54318,126.8123,8시,765.0
0,20180702.0,월,오정로(부천시계),B-26,유입,오쇠삼거리->외발산사거리,7012.0,37.54318,126.8123,9시,649.0
0,20180702.0,월,오정로(부천시계),B-26,유입,오쇠삼거리->외발산사거리,7012.0,37.54318,126.8123,10시,571.0
0,20180702.0,월,오정로(부천시계),B-26,유입,오쇠삼거리->외발산사거리,7012.0,37.54318,126.8123,11시,530.0
0,20180702.0,월,오정로(부천시계),B-26,유입,오쇠삼거리->외발산사거리,7012.0,37.54318,126.8123,12시,498.0
0,20180702.0,월,오정로(부천시계),B-26,유입,오쇠삼거리->외발산사거리,7012.0,37.54318,126.8123,13시,495.0
0,20180702.0,월,오정로(부천시계),B-26,유입,오쇠삼거리->외발산사거리,7012.0,37.54318,126.8123,14시,485.0
0,20180702.0,월,오정로(부천시계),B-26,유입,오쇠삼거리->외발산사거리,7012.0,37.54318,126.8123,15시,509.0
0,20180702.0,월,오정로(부천시계),B-26,유입,오쇠삼거리->외발산사거리,7012.0,37.54318,126.8123,16시,531.0
0,20180702.0,월,오정로(부천시계),B-26,유입,오쇠삼거리->외발산사거리,7012.0,37.54318,126.8123,17시,643.0
0,20180702.0,월,오정로(부천시계),B-26,유입,오쇠삼거리->외발산사거리,7012.0,37.54318,126.8123,18시,537.0
0,20180702.0,월,오정로(부천시계),B-26,유입,오쇠삼거리->외발산사거리,7012.0,37.54318,126.8123,19시,453.0
0,20180702.0,월,오정로(부천시계),B-26,유입,오쇠삼거리->외발산사거리,7012.0,37.54318,126.8123,20시,346.0
0,20180703.0,화,오정로(부천시계),B-26,유입,오쇠삼거리->외발산사거리,7157.0,37.54318,126.8123,8시,753.0
0,20180703.0,화,오정로(부천시계),B-26,유입,오쇠삼거리->외발산사거리,7157.0,37.54318,126.8123,9시,668.0
0,20180703.0,화,오정로(부천시계),B-26,유입,오쇠삼거리->외발산사거리,7157.0,37.54318,126.8123,10시,561.0
0,20180703.0,화,오정로(부천시계),B-26,유입,오쇠삼거리->외발산사거리,7157.0,37.54318,126.8123,11시,554.0
0,20180703.0,화,오정로(부천시계),B-26,유입,오쇠삼거리->외발산사거리,7157.0,37.54318,126.8123,12시,483.0
0,20180703.0,화,오정로(부천시계),B-26,유입,오쇠삼거리->외발산사거리,7157.0,37.54318,126.8123,13시,504.0
0,20180703.0,화,오정로(부천시계),B-26,유입,오쇠삼거리->외발산사거리,7157.0,37.54318,126.8123,14시,484.0
0,20180703.0,화,오정로(부천시계),B-26,유입,오쇠삼거리->외발산사거리,7157.0,37.54318,126.8123,15시,511.0
0,20180703.0,화,오정로(부천시계),B-26,유입,오쇠삼거리->외발산사거리,7157.0,37.54318,126.8123,16시,515.0
0,20180703.0,화,오정로(부천시계),B-26,유입,오쇠삼거리->외발산사거리,7157.0,37.54318,126.8123,17시,644.0
0,20180703.0,화,오정로(부천시계),B-26,유입,오쇠삼거리->외발산사거리,7157.0,37.54318,126.8123,18시,562.0
0,20180703.0,화,오정로(부천시계),B-26,유입,오쇠삼거리->외발산사거리,7157.0,37.54318,126.8123,19시,505.0
0,20180703.0,화,오정로(부천시계),B-26,유입,오쇠삼거리->외발산사거리,7157.0,37.54318,126.8123,20시,413.0
0,20180704.0,수,오정로(부천시계),B-26,유입,오쇠삼거리->외발산사거리,7346.0,37.54318,126.8123,8시,735.0
0,20180704.0,수,오정로(부천시계),B-26,유입,오쇠삼거리->외발산사거리,7346.0,37.54318,126.8123,9시,719.0
0,20180704.0,수,오정로(부천시계),B-26,유입,오쇠삼거리->외발산사거리,7346.0,37.54318,126.8123,10시,553.0
0,20180704.0,수,오정로(부천시계),B-26,유입,오쇠삼거리->외발산사거리,7346.0,37.54318,126.8123,11시,584.0
0,20180704.0,수,오정로(부천시계),B-26,유입,오쇠삼거리->외발산사거리,7346.0,37.54318,126.8123,12시,532.0
0,20180704.0,수,오정로(부천시계),B-26,유입,오쇠삼거리->외발산사거리,7346.0,37.54318,126.8123,13시,502.0
0,20180704.0,수,오정로(부천시계),B-26,유입,오쇠삼거리->외발산사거리,7346.0,37.54318,126.8123,14시,489.0
0,20180704.0,수,오정로(부천시계),B-26,유입,오쇠삼거리->외발산사거리,7346.0,37.54318,126.8123,15시,541.0
0,20180704.0,수,오정로(부천시계),B-26,유입,오쇠삼거리->외발산사거리,7346.0,37.54318,126.8123,16시,536.0
0,20180704.0,수,오정로(부천시계),B-26,유입,오쇠삼거리->외발산사거리,7346.0,37.54318,126.8123,17시,644.0
0,20180704.0,수,오정로(부천시계),B-26,유입,오쇠삼거리->외발산사거리,7346.0,37.54318,126.8123,18시,576.0
0,20180704.0,수,오정로(부천시계),B-26,유입,오쇠삼거리->외발산사거리,7346.0,37.54318,126.8123,19시,525.0
0,20180704.0,수,오정로(부천시계),B-26,유입,오쇠삼거리->외발산사거리,7346.0,37.54318,126.8123,20시,410.0
0,20180705.0,목,오정로(부천시계),B-26,유입,오쇠삼거리->외발산사거리,7490.0,37.54318,126.8123,8시,775.0
0,20180705.0,목,오정로(부천시계),B-26,유입,오쇠삼거리->외발산사거리,7490.0,37.54318,126.8123,9시,719.0
0,20180705.0,목,오정로(부천시계),B-26,유입,오쇠삼거리->외발산사거리,7490.0,37.54318,126.8123,10시,603.0
0,20180705.0,목,오정로(부천시계),B-26,유입,오쇠삼거리->외발산사거리,7490.0,37.54318,126.8123,11시,592.0
0,20180705.0,목,오정로(부천시계),B-26,유입,오쇠삼거리->외발산사거리,7490.0,37.54318,126.8123,12시,577.0
0,20180705.0,목,오정로(부천시계),B-26,유입,오쇠삼거리->외발산사거리,7490.0,37.54318,126.8123,13시,550.0
0,20180705.0,목,오정로(부천시계),B-26,유입,오쇠삼거리->외발산사거리,7490.0,37.54318,126.8123,14시,507.0
0,20180705.0,목,오정로(부천시계),B-26,유입,오쇠삼거리->외발산사거리,7490.0,37.54318,126.8123,15시,486.0
0,20180705.0,목,오정로(부천시계),B-26,유입,오쇠삼거리->외발산사거리,7490.0,37.54318,126.8123,16시,558.0
0,20180705.0,목,오정로(부천시계),B-26,유입,오쇠삼거리->외발산사거리,7490.0,37.54318,126.8123,17시,711.0
0,20180705.0,목,오정로(부천시계),B-26,유입,오쇠삼거리->외발산사거리,7490.0,37.54318,126.8123,18시,586.0
0,20180705.0,목,오정로(부천시계),B-26,유입,오쇠삼거리->외발산사거리,7490.0,37.54318,126.8123,19시,462.0
0,20180705.0,목,오정로(부천시계),B-26,유입,오쇠삼거리->외발산사거리,7490.0,37.54318,126.8123,20시,364.0
0,20180706.0,금,오정로(부천시계),B-26,유입,오쇠삼거리->외발산사거리,7784.0,37.54318,126.8123,8시,790.0
0,20180706.0,금,오정로(부천시계),B-26,유입,오쇠삼거리->외발산사거리,7784.0,37.54318,126.8123,9시,715.0
0,20180706.0,금,오정로(부천시계),B-26,유입,오쇠삼거리->외발산사거리,7784.0,37.54318,126.8123,10시,586.0
0,20180706.0,금,오정로(부천시계),B-26,유입,오쇠삼거리->외발산사거리,7784.0,37.54318,126.8123,11시,629.0
0,20180706.0,금,오정로(부천시계),B-26,유입,오쇠삼거리->외발산사거리,7784.0,37.54318,126.8123,12시,521.0
0,20180706.0,금,오정로(부천시계),B-26,유입,오쇠삼거리->외발산사거리,7784.0,37.54318,126.8123,13시,551.0
0,20180706.0,금,오정로(부천시계),B-26,유입,오쇠삼거리->외발산사거리,7784.0,37.54318,126.8123,14시,547.0
0,20180706.0,금,오정로(부천시계),B-26,유입,오쇠삼거리->외발산사거리,7784.0,37.54318,126.8123,15시,574.0
0,20180706.0,금,오정로(부천시계),B-26,유입,오쇠삼거리->외발산사거리,7784.0,37.54318,126.8123,16시,642.0
0,20180706.0,금,오정로(부천시계),B-26,유입,오쇠삼거리->외발산사거리,7784.0,37.54318,126.8123,17시,700.0
0,20180706.0,금,오정로(부천시계),B-26,유입,오쇠삼거리->외발산사거리,7784.0,37.54318,126.8123,18시,631.0
0,20180706.0,금,오정로(부천시계),B-26,유입,오쇠삼거리->외발산사거리,7784.0,37.54318,126.8123,19시,477.0
0,20180706.0,금,오정로(부천시계),B-26,유입,오쇠삼거리->외발산사거리,7784.0,37.54318,126.8123,20시,421.0
0,20180707.0,토,오정로(부천시계),B-26,유입,오쇠삼거리->외발산사거리,7421.0,37.54318,126.8123,8시,573.0
0,20180707.0,토,오정로(부천시계),B-26,유입,오쇠삼거리->외발산사거리,7421.0,37.54318,126.8123,9시,563.0
0,20180707.0,토,오정로(부천시계),B-26,유입,오쇠삼거리->외발산사거리,7421.0,37.54318,126.8123,10시,588.0
0,20180707.0,토,오정로(부천시계),B-26,유입,오쇠삼거리->외발산사거리,7421.0,37.54318,126.8123,11시,728.0
0,20180707.0,토,오정로(부천시계),B-26,유입,오쇠삼거리->외발산사거리,7421.0,37.54318,126.8123,12시,662.0
0,20180707.0,토,오정로(부천시계),B-26,유입,오쇠삼거리->외발산사거리,7421.0,37.54318,126.8123,13시,670.0
0,20180707.0,토,오정로(부천시계),B-26,유입,오쇠삼거리->외발산사거리,7421.0,37.54318,126.8123,14시,639.0
0,20180707.0,토,오정로(부천시계),B-26,유입,오쇠삼거리->외발산사거리,7421.0,37.54318,126.8123,15시,594.0
0,20180707.0,토,오정로(부천시계),B-26,유입,오쇠삼거리->외발산사거리,7421.0,37.54318,126.8123,16시,572.0
0,20180707.0,토,오정로(부천시계),B-26,유입,오쇠삼거리->외발산사거리,7421.0,37.54318,126.8123,17시,592.0
0,20180707.0,토,오정로(부천시계),B-26,유입,오쇠삼거리->외발산사거리,7421.0,37.54318,126.8123,18시,450.0
0,20180707.0,토,오정로(부천시계),B-26,유입,오쇠삼거리->외발산사거리,7421.0,37.54318,126.8123,19시,433.0
0,20180707.0,토,오정로(부천시계),B-26,유입,오쇠삼거리->외발산사거리,7421.0,37.54318,126.8123,20시,357.0
0,20180708.0,일,오정로(부천시계),B-26,유입,오쇠삼거리->외발산사거리,5986.0,37.54318,126.8123,8시,361.0
0,20180708.0,일,오정로(부천시계),B-26,유입,오쇠삼거리->외발산사거리,5986.0,37.54318,126.8123,9시,456.0
0,20180708.0,일,오정로(부천시계),B-26,유입,오쇠삼거리->외발산사거리,5986.0,37.54318,126.8123,10시,469.0
0,20180708.0,일,오정로(부천시계),B-26,유입,오쇠삼거리->외발산사거리,5986.0,37.54318,126.8123,11시,468.0
0,20180708.0,일,오정로(부천시계),B-26,유입,오쇠삼거리->외발산사거리,5986.0,37.54318,126.8123,12시,517.0
0,20180708.0,일,오정로(부천시계),B-26,유입,오쇠삼거리->외발산사거리,5986.0,37.54318,126.8123,13시,505.0
0,20180708.0,일,오정로(부천시계),B-26,유입,오쇠삼거리->외발산사거리,5986.0,37.54318,126.8123,14시,532.0
0,20180708.0,일,오정로(부천시계),B-26,유입,오쇠삼거리->외발산사거리,5986.0,37.54318,126.8123,15시,548.0
0,20180708.0,일,오정로(부천시계),B-26,유입,오쇠삼거리->외발산사거리,5986.0,37.54318,126.8123,16시,475.0
0,20180708.0,일,오정로(부천시계),B-26,유입,오쇠삼거리->외발산사거리,5986.0,37.54318,126.8123,17시,505.0
0,20180708.0,일,오정로(부천시계),B-26,유입,오쇠삼거리->외발산사거리,5986.0,37.54318,126.8123,18시,455.0
0,20180708.0,일,오정로(부천시계),B-26,유입,오쇠삼거리->외발산사거리,5986.0,37.54318,126.8123,19시,390.0
0,20180708.0,일,오정로(부천시계),B-26,유입,오쇠삼거리->외발산사거리,5986.0,37.54318,126.8123,20시,305.0
0,20180709.0,월,오정로(부천시계),B-26,유입,오쇠삼거리->외발산사거리,7273.0,37.54318,126.8123,8시,791.0
0,20180709.0,월,오정로(부천시계),B-26,유입,오쇠삼거리->외발산사거리,7273.0,37.54318,126.8123,9시,700.0
0,20180709.0,월,오정로(부천시계),B-26,유입,오쇠삼거리->외발산사거리,7273.0,37.54318,126.8123,10시,657.0
0,20180709.0,월,오정로(부천시계),B-26,유입,오쇠삼거리->외발산사거리,7273.0,37.54318,126.8123,11시,572.0
0,20180709.0,월,오정로(부천시계),B-26,유입,오쇠삼거리->외발산사거리,7273.0,37.54318,126.8123,12시,547.0
0,20180709.0,월,오정로(부천시계),B-26,유입,오쇠삼거리->외발산사거리,7273.0,37.54318,126.8123,13시,519.0
0,20180709.0,월,오정로(부천시계),B-26,유입,오쇠삼거리->외발산사거리,7273.0,37.54318,126.8123,14시,474.0
0,20180709.0,월,오정로(부천시계),B-26,유입,오쇠삼거리->외발산사거리,7273.0,37.54318,126.8123,15시,487.0
0,20180709.0,월,오정로(부천시계),B-26,유입,오쇠삼거리->외발산사거리,7273.0,37.54318,126.8123,16시,535.0
0,20180709.0,월,오정로(부천시계),B-26,유입,오쇠삼거리->외발산사거리,7273.0,37.54318,126.8123,17시,622.0
0,20180709.0,월,오정로(부천시계),B-26,유입,오쇠삼거리->외발산사거리,7273.0,37.54318,126.8123,18시,548.0
0,20180709.0,월,오정로(부천시계),B-26,유입,오쇠삼거리->외발산사거리,7273.0,37.54318,126.8123,19시,455.0
0,20180709.0,월,오정로(부천시계),B-26,유입,오쇠삼거리->외발산사거리,7273.0,37.54318,126.8123,20시,366.0
0,20180710.0,화,오정로(부천시계),B-26,유입,오쇠삼거리->외발산사거리,7326.0,37.54318,126.8123,8시,761.0
0,20180710.0,화,오정로(부천시계),B-26,유입,오쇠삼거리->외발산사거리,7326.0,37.54318,126.8123,9시,672.0
0,20180710.0,화,오정로(부천시계),B-26,유입,오쇠삼거리->외발산사거리,7326.0,37.54318,126.8123,10시,582.0
0,20180710.0,화,오정로(부천시계),B-26,유입,오쇠삼거리->외발산사거리,7326.0,37.54318,126.8123,11시,559.0
0,20180710.0,화,오정로(부천시계),B-26,유입,오쇠삼거리->외발산사거리,7326.0,37.54318,126.8123,12시,500.0
0,20180710.0,화,오정로(부천시계),B-26,유입,오쇠삼거리->외발산사거리,7326.0,37.54318,126.8123,13시,510.0
0,20180710.0,화,오정로(부천시계),B-26,유입,오쇠삼거리->외발산사거리,7326.0,37.54318,126.8123,14시,540.0
0,20180710.0,화,오정로(부천시계),B-26,유입,오쇠삼거리->외발산사거리,7326.0,37.54318,126.8123,15시,545.0
0,20180710.0,화,오정로(부천시계),B-26,유입,오쇠삼거리->외발산사거리,7326.0,37.54318,126.8123,16시,571.0
0,20180710.0,화,오정로(부천시계),B-26,유입,오쇠삼거리->외발산사거리,7326.0,37.54318,126.8123,17시,667.0
0,20180710.0,화,오정로(부천시계),B-26,유입,오쇠삼거리->외발산사거리,7326.0,37.54318,126.8123,18시,567.0
0,20180710.0,화,오정로(부천시계),B-26,유입,오쇠삼거리->외발산사거리,7326.0,37.54318,126.8123,19시,458.0
0,20180710.0,화,오정로(부천시계),B-26,유입,오쇠삼거리->외발산사거리,7326.0,37.54318,126.8123,20시,394.0
0,20180711.0,수,오정로(부천시계),B-26,유입,오쇠삼거리->외발산사거리,7712.0,37.54318,126.8123,8시,833.0
0,20180711.0,수,오정로(부천시계),B-26,유입,오쇠삼거리->외발산사거리,7712.0,37.54318,126.8123,9시,704.0
0,20180711.0,수,오정로(부천시계),B-26,유입,오쇠삼거리->외발산사거리,7712.0,37.54318,126.8123,10시,643.0
0,20180711.0,수,오정로(부천시계),B-26,유입,오쇠삼거리->외발산사거리,7712.0,37.54318,126.8123,11시,586.0
0,20180711.0,수,오정로(부천시계),B-26,유입,오쇠삼거리->외발산사거리,7712.0,37.54318,126.8123,12시,507.0
0,20180711.0,수,오정로(부천시계),B-26,유입,오쇠삼거리->외발산사거리,7712.0,37.54318,126.8123,13시,536.0
0,20180711.0,수,오정로(부천시계),B-26,유입,오쇠삼거리->외발산사거리,7712.0,37.54318,126.8123,14시,546.0
0,20180711.0,수,오정로(부천시계),B-26,유입,오쇠삼거리->외발산사거리,7712.0,37.54318,126.8123,15시,583.0
0,20180711.0,수,오정로(부천시계),B-26,유입,오쇠삼거리->외발산사거리,7712.0,37.54318,126.8123,16시,535.0
0,20180711.0,수,오정로(부천시계),B-26,유입,오쇠삼거리->외발산사거리,7712.0,37.54318,126.8123,17시,703.0
0,20180711.0,수,오정로(부천시계),B-26,유입,오쇠삼거리->외발산사거리,7712.0,37.54318,126.8123,18시,597.0
0,20180711.0,수,오정로(부천시계),B-26,유입,오쇠삼거리->외발산사거리,7712.0,37.54318,126.8123,19시,532.0
0,20180711.0,수,오정로(부천시계),B-26,유입,오쇠삼거리->외발산사거리,7712.0,37.54318,126.8123,20시,407.0
0,20180712.0,목,오정로(부천시계),B-26,유입,오쇠삼거리->외발산사거리,7466.0,37.54318,126.8123,8시,773.0
0,20180712.0,목,오정로(부천시계),B-26,유입,오쇠삼거리->외발산사거리,7466.0,37.54318,126.8123,9시,663.0
0,20180712.0,목,오정로(부천시계),B-26,유입,오쇠삼거리->외발산사거리,7466.0,37.54318,126.8123,10시,604.0
0,20180712.0,목,오정로(부천시계),B-26,유입,오쇠삼거리->외발산사거리,7466.0,37.54318,126.8123,11시,591.0
0,20180712.0,목,오정로(부천시계),B-26,유입,오쇠삼거리->외발산사거리,7466.0,37.54318,126.8123,12시,530.0
0,20180712.0,목,오정로(부천시계),B-26,유입,오쇠삼거리->외발산사거리,7466.0,37.54318,126.8123,13시,513.0
0,20180712.0,목,오정로(부천시계),B-26,유입,오쇠삼거리->외발산사거리,7466.0,37.54318,126.8123,14시,510.0
0,20180712.0,목,오정로(부천시계),B-26,유입,오쇠삼거리->외발산사거리,7466.0,37.54318,126.8123,15시,549.0
0,20180712.0,목,오정로(부천시계),B-26,유입,오쇠삼거리->외발산사거리,7466.0,37.54318,126.8123,16시,563.0
0,20180712.0,목,오정로(부천시계),B-26,유입,오쇠삼거리->외발산사거리,7466.0,37.54318,126.8123,17시,645.0
0,20180712.0,목,오정로(부천시계),B-26,유입,오쇠삼거리->외발산사거리,7466.0,37.54318,126.8123,18시,604.0
0,20180712.0,목,오정로(부천시계),B-26,유입,오쇠삼거리->외발산사거리,7466.0,37.54318,126.8123,19시,518.0
0,20180712.0,목,오정로(부천시계),B-26,유입,오쇠삼거리->외발산사거리,7466.0,37.54318,126.8123,20시,403.0
0,20180713.0,금,오정로(부천시계),B-26,유입,오쇠삼거리->외발산사거리,7849.0,37.54318,126.8123,8시,776.0
0,20180713.0,금,오정로(부천시계),B-26,유입,오쇠삼거리->외발산사거리,7849.0,37.54318,126.8123,9시,756.0
0,20180713.0,금,오정로(부천시계),B-26,유입,오쇠삼거리->외발산사거리,7849.0,37.54318,126.8123,10시,607.0
0,20180713.0,금,오정로(부천시계),B-26,유입,오쇠삼거리->외발산사거리,7849.0,37.54318,126.8123,11시,619.0
0,20180713.0,금,오정로(부천시계),B-26,유입,오쇠삼거리->외발산사거리,7849.0,37.54318,126.8123,12시,569.0
0,20180713.0,금,오정로(부천시계),B-26,유입,오쇠삼거리->외발산사거리,7849.0,37.54318,126.8123,13시,572.0
0,20180713.0,금,오정로(부천시계),B-26,유입,오쇠삼거리->외발산사거리,7849.0,37.54318,126.8123,14시,521.0
0,20180713.0,금,오정로(부천시계),B-26,유입,오쇠삼거리->외발산사거리,7849.0,37.54318,126.8123,15시,585.0
0,20180713.0,금,오정로(부천시계),B-26,유입,오쇠삼거리->외발산사거리,7849.0,37.54318,126.8123,16시,608.0
0,20180713.0,금,오정로(부천시계),B-26,유입,오쇠삼거리->외발산사거리,7849.0,37.54318,126.8123,17시,736.0
0,20180713.0,금,오정로(부천시계),B-26,유입,오쇠삼거리->외발산사거리,7849.0,37.54318,126.8123,18시,603.0
0,20180713.0,금,오정로(부천시계),B-26,유입,오쇠삼거리->외발산사거리,7849.0,37.54318,126.8123,19시,505.0
0,20180713.0,금,오정로(부천시계),B-26,유입,오쇠삼거리->외발산사거리,7849.0,37.54318,126.8123,20시,392.0
0,20180714.0,토,오정로(부천시계),B-26,유입,오쇠삼거리->외발산사거리,7340.0,37.54318,126.8123,8시,552.0
0,20180714.0,토,오정로(부천시계),B-26,유입,오쇠삼거리->외발산사거리,7340.0,37.54318,126.8123,9시,624.0
0,20180714.0,토,오정로(부천시계),B-26,유입,오쇠삼거리->외발산사거리,7340.0,37.54318,126.8123,10시,619.0
0,20180714.0,토,오정로(부천시계),B-26,유입,오쇠삼거리->외발산사거리,7340.0,37.54318,126.8123,11시,700.0
0,20180714.0,토,오정로(부천시계),B-26,유입,오쇠삼거리->외발산사거리,7340.0,37.54318,126.8123,12시,696.0
0,20180714.0,토,오정로(부천시계),B-26,유입,오쇠삼거리->외발산사거리,7340.0,37.54318,126.8123,13시,674.0
0,20180714.0,토,오정로(부천시계),B-26,유입,오쇠삼거리->외발산사거리,7340.0,37.54318,126.8123,14시,557.0
0,20180714.0,토,오정로(부천시계),B-26,유입,오쇠삼거리->외발산사거리,7340.0,37.54318,126.8123,15시,566.0
0,20180714.0,토,오정로(부천시계),B-26,유입,오쇠삼거리->외발산사거리,7340.0,37.54318,126.8123,16시,509.0
0,20180714.0,토,오정로(부천시계),B-26,유입,오쇠삼거리->외발산사거리,7340.0,37.54318,126.8123,17시,555.0
0,20180714.0,토,오정로(부천시계),B-26,유입,오쇠삼거리->외발산사거리,7340.0,37.54318,126.8123,18시,495.0
0,20180714.0,토,오정로(부천시계),B-26,유입,오쇠삼거리->외발산사거리,7340.0,37.54318,126.8123,19시,439.0
0,20180714.0,토,오정로(부천시계),B-26,유입,오쇠삼거리->외발산사거리,7340.0,37.54318,126.8123,20시,354.0
0,20180715.0,일,오정로(부천시계),B-26,유입,오쇠삼거리->외발산사거리,5766.0,37.54318,126.8123,8시,332.0
0,20180715.0,일,오정로(부천시계),B-26,유입,오쇠삼거리->외발산사거리,5766.0,37.54318,126.8123,9시,439.0
0,20180715.0,일,오정로(부천시계),B-26,유입,오쇠삼거리->외발산사거리,5766.0,37.54318,126.8123,10시,457.0
0,20180715.0,일,오정로(부천시계),B-26,유입,오쇠삼거리->외발산사거리,5766.0,37.54318,126.8123,11시,502.0
0,20180715.0,일,오정로(부천시계),B-26,유입,오쇠삼거리->외발산사거리,5766.0,37.54318,126.8123,12시,507.0
0,20180715.0,일,오정로(부천시계),B-26,유입,오쇠삼거리->외발산사거리,5766.0,37.54318,126.8123,13시,525.0
0,20180715.0,일,오정로(부천시계),B-26,유입,오쇠삼거리->외발산사거리,5766.0,37.54318,126.8123,14시,512.0
0,20180715.0,일,오정로(부천시계),B-26,유입,오쇠삼거리->외발산사거리,5766.0,37.54318,126.8123,15시,433.0
0,20180715.0,일,오정로(부천시계),B-26,유입,오쇠삼거리->외발산사거리,5766.0,37.54318,126.8123,16시,444.0
0,20180715.0,일,오정로(부천시계),B-26,유입,오쇠삼거리->외발산사거리,5766.0,37.54318,126.8123,17시,472.0
0,20180715.0,일,오정로(부천시계),B-26,유입,오쇠삼거리->외발산사거리,5766.0,37.54318,126.8123,18시,460.0
0,20180715.0,일,오정로(부천시계),B-26,유입,오쇠삼거리->외발산사거리,5766.0,37.54318,126.8123,19시,344.0
0,20180715.0,일,오정로(부천시계),B-26,유입,오쇠삼거리->외발산사거리,5766.0,37.54318,126.8123,20시,339.0
0,20180716.0,월,오정로(부천시계),B-26,유입,오쇠삼거리->외발산사거리,7567.0,37.54318,126.8123,8시,838.0
0,20180716.0,월,오정로(부천시계),B-26,유입,오쇠삼거리->외발산사거리,7567.0,37.54318,126.8123,9시,742.0
0,20180716.0,월,오정로(부천시계),B-26,유입,오쇠삼거리->외발산사거리,7567.0,37.54318,126.8123,10시,585.0
0,20180716.0,월,오정로(부천시계),B-26,유입,오쇠삼거리->외발산사거리,7567.0,37.54318,126.8123,11시,632.0
0,20180716.0,월,오정로(부천시계),B-26,유입,오쇠삼거리->외발산사거리,7567.0,37.54318,126.8123,12시,527.0
0,20180716.0,월,오정로(부천시계),B-26,유입,오쇠삼거리->외발산사거리,7567.0,37.54318,126.8123,13시,499.0
0,20180716.0,월,오정로(부천시계),B-26,유입,오쇠삼거리->외발산사거리,7567.0,37.54318,126.8123,14시,527.0
0,20180716.0,월,오정로(부천시계),B-26,유입,오쇠삼거리->외발산사거리,7567.0,37.54318,126.8123,15시,507.0
0,20180716.0,월,오정로(부천시계),B-26,유입,오쇠삼거리->외발산사거리,7567.0,37.54318,126.8123,16시,572.0
0,20180716.0,월,오정로(부천시계),B-26,유입,오쇠삼거리->외발산사거리,7567.0,37.54318,126.8123,17시,663.0
0,20180716.0,월,오정로(부천시계),B-26,유입,오쇠삼거리->외발산사거리,7567.0,37.54318,126.8123,18시,573.0
0,20180716.0,월,오정로(부천시계),B-26,유입,오쇠삼거리->외발산사거리,7567.0,37.54318,126.8123,19시,509.0
0,20180716.0,월,오정로(부천시계),B-26,유입,오쇠삼거리->외발산사거리,7567.0,37.54318,126.8123,20시,393.0
0,20180717.0,화,오정로(부천시계),B-26,유입,오쇠삼거리->외발산사거리,7667.0,37.54318,126.8123,8시,761.0
0,20180717.0,화,오정로(부천시계),B-26,유입,오쇠삼거리->외발산사거리,7667.0,37.54318,126.8123,9시,738.0
0,20180717.0,화,오정로(부천시계),B-26,유입,오쇠삼거리->외발산사거리,7667.0,37.54318,126.8123,10시,671.0
0,20180717.0,화,오정로(부천시계),B-26,유입,오쇠삼거리->외발산사거리,7667.0,37.54318,126.8123,11시,569.0
0,20180717.0,화,오정로(부천시계),B-26,유입,오쇠삼거리->외발산사거리,7667.0,37.54318,126.8123,12시,516.0
0,20180717.0,화,오정로(부천시계),B-26,유입,오쇠삼거리->외발산사거리,7667.0,37.54318,126.8123,13시,544.0
0,20180717.0,화,오정로(부천시계),B-26,유입,오쇠삼거리->외발산사거리,7667.0,37.54318,126.8123,14시,566.0
0,20180717.0,화,오정로(부천시계),B-26,유입,오쇠삼거리->외발산사거리,7667.0,37.54318,126.8123,15시,568.0
0,20180717.0,화,오정로(부천시계),B-26,유입,오쇠삼거리->외발산사거리,7667.0,37.54318,126.8123,16시,563.0
0,20180717.0,화,오정로(부천시계),B-26,유입,오쇠삼거리->외발산사거리,7667.0,37.54318,126.8123,17시,700.0
0,20180717.0,화,오정로(부천시계),B-26,유입,오쇠삼거리->외발산사거리,7667.0,37.54318,126.8123,18시,571.0
0,20180717.0,화,오정로(부천시계),B-26,유입,오쇠삼거리->외발산사거리,7667.0,37.54318,126.8123,19시,487.0
0,20180717.0,화,오정로(부천시계),B-26,유입,오쇠삼거리->외발산사거리,7667.0,37.54318,126.8123,20시,413.0
0,20180718.0,수,오정로(부천시계),B-26,유입,오쇠삼거리->외발산사거리,7582.0,37.54318,126.8123,8시,822.0
0,20180718.0,수,오정로(부천시계),B-26,유입,오쇠삼거리->외발산사거리,7582.0,37.54318,126.8123,9시,688.0
0,20180718.0,수,오정로(부천시계),B-26,유입,오쇠삼거리->외발산사거리,7582.0,37.54318,126.8123,10시,603.0
0,20180718.0,수,오정로(부천시계),B-26,유입,오쇠삼거리->외발산사거리,7582.0,37.54318,126.8123,11시,605.0
0,20180718.0,수,오정로(부천시계),B-26,유입,오쇠삼거리->외발산사거리,7582.0,37.54318,126.8123,12시,528.0
0,20180718.0,수,오정로(부천시계),B-26,유입,오쇠삼거리->외발산사거리,7582.0,37.54318,126.8123,13시,511.0
0,20180718.0,수,오정로(부천시계),B-26,유입,오쇠삼거리->외발산사거리,7582.0,37.54318,126.8123,14시,567.0
0,20180718.0,수,오정로(부천시계),B-26,유입,오쇠삼거리->외발산사거리,7582.0,37.54318,126.8123,15시,524.0
0,20180718.0,수,오정로(부천시계),B-26,유입,오쇠삼거리->외발산사거리,7582.0,37.54318,126.8123,16시,580.0
0,20180718.0,수,오정로(부천시계),B-26,유입,오쇠삼거리->외발산사거리,7582.0,37.54318,126.8123,17시,667.0
0,20180718.0,수,오정로(부천시계),B-26,유입,오쇠삼거리->외발산사거리,7582.0,37.54318,126.8123,18시,580.0
0,20180718.0,수,오정로(부천시계),B-26,유입,오쇠삼거리->외발산사거리,7582.0,37.54318,126.8123,19시,480.0
0,20180718.0,수,오정로(부천시계),B-26,유입,오쇠삼거리->외발산사거리,7582.0,37.54318,126.8123,20시,427.0
0,20180719.0,목,오정로(부천시계),B-26,유입,오쇠삼거리->외발산사거리,7494.0,37.54318,126.8123,8시,757.0
0,20180719.0,목,오정로(부천시계),B-26,유입,오쇠삼거리->외발산사거리,7494.0,37.54318,126.8123,9시,673.0
0,20180719.0,목,오정로(부천시계),B-26,유입,오쇠삼거리->외발산사거리,7494.0,37.54318,126.8123,10시,567.0
0,20180719.0,목,오정로(부천시계),B-26,유입,오쇠삼거리->외발산사거리,7494.0,37.54318,126.8123,11시,579.0
0,20180719.0,목,오정로(부천시계),B-26,유입,오쇠삼거리->외발산사거리,7494.0,37.54318,126.8123,12시,495.0
0,20180719.0,목,오정로(부천시계),B-26,유입,오쇠삼거리->외발산사거리,7494.0,37.54318,126.8123,13시,526.0
0,20180719.0,목,오정로(부천시계),B-26,유입,오쇠삼거리->외발산사거리,7494.0,37.54318,126.8123,14시,530.0
0,20180719.0,목,오정로(부천시계),B-26,유입,오쇠삼거리->외발산사거리,7494.0,37.54318,126.8123,15시,556.0
0,20180719.0,목,오정로(부천시계),B-26,유입,오쇠삼거리->외발산사거리,7494.0,37.54318,126.8123,16시,584.0
0,20180719.0,목,오정로(부천시계),B-26,유입,오쇠삼거리->외발산사거리,7494.0,37.54318,126.8123,17시,651.0
0,20180719.0,목,오정로(부천시계),B-26,유입,오쇠삼거리->외발산사거리,7494.0,37.54318,126.8123,18시,603.0
0,20180719.0,목,오정로(부천시계),B-26,유입,오쇠삼거리->외발산사거리,7494.0,37.54318,126.8123,19시,530.0
0,20180719.0,목,오정로(부천시계),B-26,유입,오쇠삼거리->외발산사거리,7494.0,37.54318,126.8123,20시,443.0
0,20180720.0,금,오정로(부천시계),B-26,유입,오쇠삼거리->외발산사거리,7912.0,37.54318,126.8123,8시,790.0
0,20180720.0,금,오정로(부천시계),B-26,유입,오쇠삼거리->외발산사거리,7912.0,37.54318,126.8123,9시,711.0
0,20180720.0,금,오정로(부천시계),B-26,유입,오쇠삼거리->외발산사거리,7912.0,37.54318,126.8123,10시,629.0
0,20180720.0,금,오정로(부천시계),B-26,유입,오쇠삼거리->외발산사거리,7912.0,37.54318,126.8123,11시,601.0
0,20180720.0,금,오정로(부천시계),B-26,유입,오쇠삼거리->외발산사거리,7912.0,37.54318,126.8123,12시,567.0
0,20180720.0,금,오정로(부천시계),B-26,유입,오쇠삼거리->외발산사거리,7912.0,37.54318,126.8123,13시,581.0
0,20180720.0,금,오정로(부천시계),B-26,유입,오쇠삼거리->외발산사거리,7912.0,37.54318,126.8123,14시,555.0
0,20180720.0,금,오정로(부천시계),B-26,유입,오쇠삼거리->외발산사거리,7912.0,37.54318,126.8123,15시,546.0
0,20180720.0,금,오정로(부천시계),B-26,유입,오쇠삼거리->외발산사거리,7912.0,37.54318,126.8123,16시,604.0
0,20180720.0,금,오정로(부천시계),B-26,유입,오쇠삼거리->외발산사거리,7912.0,37.54318,126.8123,17시,704.0
0,20180720.0,금,오정로(부천시계),B-26,유입,오쇠삼거리->외발산사거리,7912.0,37.54318,126.8123,18시,594.0
0,20180720.0,금,오정로(부천시계),B-26,유입,오쇠삼거리->외발산사거리,7912.0,37.54318,126.8123,19시,517.0
0,20180720.0,금,오정로(부천시계),B-26,유입,오쇠삼거리->외발산사거리,7912.0,37.54318,126.8123,20시,513.0
0,20180721.0,토,오정로(부천시계),B-26,유입,오쇠삼거리->외발산사거리,7252.0,37.54318,126.8123,8시,547.0
0,20180721.0,토,오정로(부천시계),B-26,유입,오쇠삼거리->외발산사거리,7252.0,37.54318,126.8123,9시,688.0
0,20180721.0,토,오정로(부천시계),B-26,유입,오쇠삼거리->외발산사거리,7252.0,37.54318,126.8123,10시,615.0
0,20180721.0,토,오정로(부천시계),B-26,유입,오쇠삼거리->외발산사거리,7252.0,37.54318,126.8123,11시,658.0
0,20180721.0,토,오정로(부천시계),B-26,유입,오쇠삼거리->외발산사거리,7252.0,37.54318,126.8123,12시,640.0
0,20180721.0,토,오정로(부천시계),B-26,유입,오쇠삼거리->외발산사거리,7252.0,37.54318,126.8123,13시,606.0
0,20180721.0,토,오정로(부천시계),B-26,유입,오쇠삼거리->외발산사거리,7252.0,37.54318,126.8123,14시,592.0
0,20180721.0,토,오정로(부천시계),B-26,유입,오쇠삼거리->외발산사거리,7252.0,37.54318,126.8123,15시,527.0
0,20180721.0,토,오정로(부천시계),B-26,유입,오쇠삼거리->외발산사거리,7252.0,37.54318,126.8123,16시,541.0
0,20180721.0,토,오정로(부천시계),B-26,유입,오쇠삼거리->외발산사거리,7252.0,37.54318,126.8123,17시,577.0
0,20180721.0,토,오정로(부천시계),B-26,유입,오쇠삼거리->외발산사거리,7252.0,37.54318,126.8123,18시,519.0
0,20180721.0,토,오정로(부천시계),B-26,유입,오쇠삼거리->외발산사거리,7252.0,37.54318,126.8123,19시,386.0
0,20180721.0,토,오정로(부천시계),B-26,유입,오쇠삼거리->외발산사거리,7252.0,37.54318,126.8123,20시,356.0
0,20180722.0,일,오정로(부천시계),B-26,유입,오쇠삼거리->외발산사거리,5693.0,37.54318,126.8123,8시,351.0
0,20180722.0,일,오정로(부천시계),B-26,유입,오쇠삼거리->외발산사거리,5693.0,37.54318,126.8123,9시,444.0
0,20180722.0,일,오정로(부천시계),B-26,유입,오쇠삼거리->외발산사거리,5693.0,37.54318,126.8123,10시,411.0
0,20180722.0,일,오정로(부천시계),B-26,유입,오쇠삼거리->외발산사거리,5693.0,37.54318,126.8123,11시,457.0
0,20180722.0,일,오정로(부천시계),B-26,유입,오쇠삼거리->외발산사거리,5693.0,37.54318,126.8123,12시,451.0
0,20180722.0,일,오정로(부천시계),B-26,유입,오쇠삼거리->외발산사거리,5693.0,37.54318,126.8123,13시,488.0
0,20180722.0,일,오정로(부천시계),B-26,유입,오쇠삼거리->외발산사거리,5693.0,37.54318,126.8123,14시,472.0
0,20180722.0,일,오정로(부천시계),B-26,유입,오쇠삼거리->외발산사거리,5693.0,37.54318,126.8123,15시,495.0
0,20180722.0,일,오정로(부천시계),B-26,유입,오쇠삼거리->외발산사거리,5693.0,37.54318,126.8123,16시,492.0
0,20180722.0,일,오정로(부천시계),B-26,유입,오쇠삼거리->외발산사거리,5693.0,37.54318,126.8123,17시,481.0
0,20180722.0,일,오정로(부천시계),B-26,유입,오쇠삼거리->외발산사거리,5693.0,37.54318,126.8123,18시,470.0
0,20180722.0,일,오정로(부천시계),B-26,유입,오쇠삼거리->외발산사거리,5693.0,37.54318,126.8123,19시,363.0
0,20180722.0,일,오정로(부천시계),B-26,유입,오쇠삼거리->외발산사거리,5693.0,37.54318,126.8123,20시,318.0
0,20180723.0,월,오정로(부천시계),B-26,유입,오쇠삼거리->외발산사거리,7431.0,37.54318,126.8123,8시,798.0
0,20180723.0,월,오정로(부천시계),B-26,유입,오쇠삼거리->외발산사거리,7431.0,37.54318,126.8123,9시,695.0
0,20180723.0,월,오정로(부천시계),B-26,유입,오쇠삼거리->외발산사거리,7431.0,37.54318,126.8123,10시,633.0
0,20180723.0,월,오정로(부천시계),B-26,유입,오쇠삼거리->외발산사거리,7431.0,37.54318,126.8123,11시,562.0
0,20180723.0,월,오정로(부천시계),B-26,유입,오쇠삼거리->외발산사거리,7431.0,37.54318,126.8123,12시,524.0
0,20180723.0,월,오정로(부천시계),B-26,유입,오쇠삼거리->외발산사거리,7431.0,37.54318,126.8123,13시,512.0
0,20180723.0,월,오정로(부천시계),B-26,유입,오쇠삼거리->외발산사거리,7431.0,37.54318,126.8123,14시,539.0
0,20180723.0,월,오정로(부천시계),B-26,유입,오쇠삼거리->외발산사거리,7431.0,37.54318,126.8123,15시,511.0
0,20180723.0,월,오정로(부천시계),B-26,유입,오쇠삼거리->외발산사거리,7431.0,37.54318,126.8123,16시,561.0
0,20180723.0,월,오정로(부천시계),B-26,유입,오쇠삼거리->외발산사거리,7431.0,37.54318,126.8123,17시,674.0
0,20180723.0,월,오정로(부천시계),B-26,유입,오쇠삼거리->외발산사거리,7431.0,37.54318,126.8123,18시,575.0
0,20180723.0,월,오정로(부천시계),B-26,유입,오쇠삼거리->외발산사거리,7431.0,37.54318,126.8123,19시,495.0
0,20180723.0,월,오정로(부천시계),B-26,유입,오쇠삼거리->외발산사거리,7431.0,37.54318,126.8123,20시,352.0
0,20180724.0,화,오정로(부천시계),B-26,유입,오쇠삼거리->외발산사거리,7475.0,37.54318,126.8123,8시,823.0
0,20180724.0,화,오정로(부천시계),B-26,유입,오쇠삼거리->외발산사거리,7475.0,37.54318,126.8123,9시,694.0
0,20180724.0,화,오정로(부천시계),B-26,유입,오쇠삼거리->외발산사거리,7475.0,37.54318,126.8123,10시,643.0
0,20180724.0,화,오정로(부천시계),B-26,유입,오쇠삼거리->외발산사거리,7475.0,37.54318,126.8123,11시,581.0
0,20180724.0,화,오정로(부천시계),B-26,유입,오쇠삼거리->외발산사거리,7475.0,37.54318,126.8123,12시,501.0
0,20180724.0,화,오정로(부천시계),B-26,유입,오쇠삼거리->외발산사거리,7475.0,37.54318,126.8123,13시,504.0
0,20180724.0,화,오정로(부천시계),B-26,유입,오쇠삼거리->외발산사거리,7475.0,37.54318,126.8123,14시,486.0
0,20180724.0,화,오정로(부천시계),B-26,유입,오쇠삼거리->외발산사거리,7475.0,37.54318,126.8123,15시,527.0
0,20180724.0,화,오정로(부천시계),B-26,유입,오쇠삼거리->외발산사거리,7475.0,37.54318,126.8123,16시,551.0
0,20180724.0,화,오정로(부천시계),B-26,유입,오쇠삼거리->외발산사거리,7475.0,37.54318,126.8123,17시,675.0
0,20180724.0,화,오정로(부천시계),B-26,유입,오쇠삼거리->외발산사거리,7475.0,37.54318,126.8123,18시,579.0
0,20180724.0,화,오정로(부천시계),B-26,유입,오쇠삼거리->외발산사거리,7475.0,37.54318,126.8123,19시,501.0
0,20180724.0,화,오정로(부천시계),B-26,유입,오쇠삼거리->외발산사거리,7475.0,37.54318,126.8123,20시,410.0
0,20180725.0,수,오정로(부천시계),B-26,유입,오쇠삼거리->외발산사거리,7467.0,37.54318,126.8123,8시,773.0
0,20180725.0,수,오정로(부천시계),B-26,유입,오쇠삼거리->외발산사거리,7467.0,37.54318,126.8123,9시,716.0
0,20180725.0,수,오정로(부천시계),B-26,유입,오쇠삼거리->외발산사거리,7467.0,37.54318,126.8123,10시,545.0
0,20180725.0,수,오정로(부천시계),B-26,유입,오쇠삼거리->외발산사거리,7467.0,37.54318,126.8123,11시,596.0
0,20180725.0,수,오정로(부천시계),B-26,유입,오쇠삼거리->외발산사거리,7467.0,37.54318,126.8123,12시,540.0
0,20180725.0,수,오정로(부천시계),B-26,유입,오쇠삼거리->외발산사거리,7467.0,37.54318,126.8123,13시,509.0
0,20180725.0,수,오정로(부천시계),B-26,유입,오쇠삼거리->외발산사거리,7467.0,37.54318,126.8123,14시,529.0
0,20180725.0,수,오정로(부천시계),B-26,유입,오쇠삼거리->외발산사거리,7467.0,37.54318,126.8123,15시,521.0
0,20180725.0,수,오정로(부천시계),B-26,유입,오쇠삼거리->외발산사거리,7467.0,37.54318,126.8123,16시,573.0
0,20180725.0,수,오정로(부천시계),B-26,유입,오쇠삼거리->외발산사거리,7467.0,37.54318,126.8123,17시,671.0
0,20180725.0,수,오정로(부천시계),B-26,유입,오쇠삼거리->외발산사거리,7467.0,37.54318,126.8123,18시,594.0
0,20180725.0,수,오정로(부천시계),B-26,유입,오쇠삼거리->외발산사거리,7467.0,37.54318,126.8123,19시,503.0
0,20180725.0,수,오정로(부천시계),B-26,유입,오쇠삼거리->외발산사거리,7467.0,37.54318,126.8123,20시,397.0
0,20180727.0,금,오정로(부천시계),B-26,유입,오쇠삼거리->외발산사거리,7855.0,37.54318,126.8123,8시,748.0
0,20180727.0,금,오정로(부천시계),B-26,유입,오쇠삼거리->외발산사거리,7855.0,37.54318,126.8123,9시,696.0
0,20180727.0,금,오정로(부천시계),B-26,유입,오쇠삼거리->외발산사거리,7855.0,37.54318,126.8123,10시,669.0
0,20180727.0,금,오정로(부천시계),B-26,유입,오쇠삼거리->외발산사거리,7855.0,37.54318,126.8123,11시,624.0
0,20180727.0,금,오정로(부천시계),B-26,유입,오쇠삼거리->외발산사거리,7855.0,37.54318,126.8123,12시,560.0
0,20180727.0,금,오정로(부천시계),B-26,유입,오쇠삼거리->외발산사거리,7855.0,37.54318,126.8123,13시,583.0
0,20180727.0,금,오정로(부천시계),B-26,유입,오쇠삼거리->외발산사거리,7855.0,37.54318,126.8123,14시,536.0
0,20180727.0,금,오정로(부천시계),B-26,유입,오쇠삼거리->외발산사거리,7855.0,37.54318,126.8123,15시,583.0
0,20180727.0,금,오정로(부천시계),B-26,유입,오쇠삼거리->외발산사거리,7855.0,37.54318,126.8123,16시,647.0
0,20180727.0,금,오정로(부천시계),B-26,유입,오쇠삼거리->외발산사거리,7855.0,37.54318,126.8123,17시,695.0
0,20180727.0,금,오정로(부천시계),B-26,유입,오쇠삼거리->외발산사거리,7855.0,37.54318,126.8123,18시,577.0
0,20180727.0,금,오정로(부천시계),B-26,유입,오쇠삼거리->외발산사거리,7855.0,37.54318,126.8123,19시,527.0
0,20180727.0,금,오정로(부천시계),B-26,유입,오쇠삼거리->외발산사거리,7855.0,37.54318,126.8123,20시,410.0
0,20180728.0,토,오정로(부천시계),B-26,유입,오쇠삼거리->외발산사거리,7002.0,37.54318,126.8123,8시,570.0
0,20180728.0,토,오정로(부천시계),B-26,유입,오쇠삼거리->외발산사거리,7002.0,37.54318,126.8123,9시,640.0
0,20180728.0,토,오정로(부천시계),B-26,유입,오쇠삼거리->외발산사거리,7002.0,37.54318,126.8123,10시,616.0
0,20180728.0,토,오정로(부천시계),B-26,유입,오쇠삼거리->외발산사거리,7002.0,37.54318,126.8123,11시,601.0
0,20180728.0,토,오정로(부천시계),B-26,유입,오쇠삼거리->외발산사거리,7002.0,37.54318,126.8123,12시,574.0
0,20180728.0,토,오정로(부천시계),B-26,유입,오쇠삼거리->외발산사거리,7002.0,37.54318,126.8123,13시,559.0
0,20180728.0,토,오정로(부천시계),B-26,유입,오쇠삼거리->외발산사거리,7002.0,37.54318,126.8123,14시,533.0
0,20180728.0,토,오정로(부천시계),B-26,유입,오쇠삼거리->외발산사거리,7002.0,37.54318,126.8123,15시,557.0
0,20180728.0,토,오정로(부천시계),B-26,유입,오쇠삼거리->외발산사거리,7002.0,37.54318,126.8123,16시,635.0
0,20180728.0,토,오정로(부천시계),B-26,유입,오쇠삼거리->외발산사거리,7002.0,37.54318,126.8123,17시,618.0
0,20180728.0,토,오정로(부천시계),B-26,유입,오쇠삼거리->외발산사거리,7002.0,37.54318,126.8123,18시,433.0
0,20180728.0,토,오정로(부천시계),B-26,유입,오쇠삼거리->외발산사거리,7002.0,37.54318,126.8123,19시,369.0
0,20180728.0,토,오정로(부천시계),B-26,유입,오쇠삼거리->외발산사거리,7002.0,37.54318,126.8123,20시,297.0
0,20180729.0,일,오정로(부천시계),B-26,유입,오쇠삼거리->외발산사거리,5893.0,37.54318,126.8123,8시,382.0
0,20180729.0,일,오정로(부천시계),B-26,유입,오쇠삼거리->외발산사거리,5893.0,37.54318,126.8123,9시,420.0
0,20180729.0,일,오정로(부천시계),B-26,유입,오쇠삼거리->외발산사거리,5893.0,37.54318,126.8123,10시,449.0
0,20180729.0,일,오정로(부천시계),B-26,유입,오쇠삼거리->외발산사거리,5893.0,37.54318,126.8123,11시,480.0
0,20180729.0,일,오정로(부천시계),B-26,유입,오쇠삼거리->외발산사거리,5893.0,37.54318,126.8123,12시,515.0
0,20180729.0,일,오정로(부천시계),B-26,유입,오쇠삼거리->외발산사거리,5893.0,37.54318,126.8123,13시,504.0
0,20180729.0,일,오정로(부천시계),B-26,유입,오쇠삼거리->외발산사거리,5893.0,37.54318,126.8123,14시,546.0
0,20180729.0,일,오정로(부천시계),B-26,유입,오쇠삼거리->외발산사거리,5893.0,37.54318,126.8123,15시,487.0
0,20180729.0,일,오정로(부천시계),B-26,유입,오쇠삼거리->외발산사거리,5893.0,37.54318,126.8123,16시,465.0
0,20180729.0,일,오정로(부천시계),B-26,유입,오쇠삼거리->외발산사거리,5893.0,37.54318,126.8123,17시,487.0
0,20180729.0,일,오정로(부천시계),B-26,유입,오쇠삼거리->외발산사거리,5893.0,37.54318,126.8123,18시,465.0
0,20180729.0,일,오정로(부천시계),B-26,유입,오쇠삼거리->외발산사거리,5893.0,37.54318,126.8123,19시,367.0
0,20180729.0,일,오정로(부천시계),B-26,유입,오쇠삼거리->외발산사거리,5893.0,37.54318,126.8123,20시,326.0
0,20180730.0,월,오정로(부천시계),B-26,유입,오쇠삼거리->외발산사거리,7627.0,37.54318,126.8123,8시,797.0
0,20180730.0,월,오정로(부천시계),B-26,유입,오쇠삼거리->외발산사거리,7627.0,37.54318,126.8123,9시,707.0
0,20180730.0,월,오정로(부천시계),B-26,유입,오쇠삼거리->외발산사거리,7627.0,37.54318,126.8123,10시,614.0
0,20180730.0,월,오정로(부천시계),B-26,유입,오쇠삼거리->외발산사거리,7627.0,37.54318,126.8123,11시,612.0
0,20180730.0,월,오정로(부천시계),B-26,유입,오쇠삼거리->외발산사거리,7627.0,37.54318,126.8123,12시,580.0
0,20180730.0,월,오정로(부천시계),B-26,유입,오쇠삼거리->외발산사거리,7627.0,37.54318,126.8123,13시,493.0
0,20180730.0,월,오정로(부천시계),B-26,유입,오쇠삼거리->외발산사거리,7627.0,37.54318,126.8123,14시,533.0
0,20180730.0,월,오정로(부천시계),B-26,유입,오쇠삼거리->외발산사거리,7627.0,37.54318,126.8123,15시,592.0
0,20180730.0,월,오정로(부천시계),B-26,유입,오쇠삼거리->외발산사거리,7627.0,37.54318,126.8123,16시,529.0
0,20180730.0,월,오정로(부천시계),B-26,유입,오쇠삼거리->외발산사거리,7627.0,37.54318,126.8123,17시,679.0
0,20180730.0,월,오정로(부천시계),B-26,유입,오쇠삼거리->외발산사거리,7627.0,37.54318,126.8123,18시,572.0
0,20180730.0,월,오정로(부천시계),B-26,유입,오쇠삼거리->외발산사거리,7627.0,37.54318,126.8123,19시,524.0
0,20180730.0,월,오정로(부천시계),B-26,유입,오쇠삼거리->외발산사거리,7627.0,37.54318,126.8123,20시,395.0
0,20180731.0,화,오정로(부천시계),B-26,유입,오쇠삼거리->외발산사거리,7629.0,37.54318,126.8123,8시,799.0
0,20180731.0,화,오정로(부천시계),B-26,유입,오쇠삼거리->외발산사거리,7629.0,37.54318,126.8123,9시,694.0
0,20180731.0,화,오정로(부천시계),B-26,유입,오쇠삼거리->외발산사거리,7629.0,37.54318,126.8123,10시,617.0
0,20180731.0,화,오정로(부천시계),B-26,유입,오쇠삼거리->외발산사거리,7629.0,37.54318,126.8123,11시,610.0
0,20180731.0,화,오정로(부천시계),B-26,유입,오쇠삼거리->외발산사거리,7629.0,37.54318,126.8123,12시,534.0
0,20180731.0,화,오정로(부천시계),B-26,유입,오쇠삼거리->외발산사거리,7629.0,37.54318,126.8123,13시,519.0
0,20180731.0,화,오정로(부천시계),B-26,유입,오쇠삼거리->외발산사거리,7629.0,37.54318,126.8123,14시,554.0
0,20180731.0,화,오정로(부천시계),B-26,유입,오쇠삼거리->외발산사거리,7629.0,37.54318,126.8123,15시,593.0
0,20180731.0,화,오정로(부천시계),B-26,유입,오쇠삼거리->외발산사거리,7629.0,37.54318,126.8123,16시,577.0
0,20180731.0,화,오정로(부천시계),B-26,유입,오쇠삼거리->외발산사거리,7629.0,37.54318,126.8123,17시,647.0
0,20180731.0,화,오정로(부천시계),B-26,유입,오쇠삼거리->외발산사거리,7629.0,37.54318,126.8123,18시,582.0
0,20180731.0,화,오정로(부천시계),B-26,유입,오쇠삼거리->외발산사거리,7629.0,37.54318,126.8123,19시,514.0
0,20180731.0,화,오정로(부천시계),B-26,유입,오쇠삼거리->외발산사거리,7629.0,37.54318,126.8123,20시,389.0
0,20180701.0,일,오정로(부천시계),B-26,유출,외발산사거리->오쇠삼거리,6647.0,37.54318,126.8123,8시,292.0
0,20180701.0,일,오정로(부천시계),B-26,유출,외발산사거리->오쇠삼거리,6647.0,37.54318,126.8123,9시,411.0
0,20180701.0,일,오정로(부천시계),B-26,유출,외발산사거리->오쇠삼거리,6647.0,37.54318,126.8123,10시,428.0
0,20180701.0,일,오정로(부천시계),B-26,유출,외발산사거리->오쇠삼거리,6647.0,37.54318,126.8123,11시,473.0
0,20180701.0,일,오정로(부천시계),B-26,유출,외발산사거리->오쇠삼거리,6647.0,37.54318,126.8123,12시,496.0
0,20180701.0,일,오정로(부천시계),B-26,유출,외발산사거리->오쇠삼거리,6647.0,37.54318,126.8123,13시,544.0
0,20180701.0,일,오정로(부천시계),B-26,유출,외발산사거리->오쇠삼거리,6647.0,37.54318,126.8123,14시,577.0
0,20180701.0,일,오정로(부천시계),B-26,유출,외발산사거리->오쇠삼거리,6647.0,37.54318,126.8123,15시,679.0
0,20180701.0,일,오정로(부천시계),B-26,유출,외발산사거리->오쇠삼거리,6647.0,37.54318,126.8123,16시,608.0
0,20180701.0,일,오정로(부천시계),B-26,유출,외발산사거리->오쇠삼거리,6647.0,37.54318,126.8123,17시,643.0
0,20180701.0,일,오정로(부천시계),B-26,유출,외발산사거리->오쇠삼거리,6647.0,37.54318,126.8123,18시,561.0
0,20180701.0,일,오정로(부천시계),B-26,유출,외발산사거리->오쇠삼거리,6647.0,37.54318,126.8123,19시,500.0
0,20180701.0,일,오정로(부천시계),B-26,유출,외발산사거리->오쇠삼거리,6647.0,37.54318,126.8123,20시,435.0
0,20180702.0,월,오정로(부천시계),B-26,유출,외발산사거리->오쇠삼거리,9532.0,37.54318,126.8123,8시,895.0
0,20180702.0,월,오정로(부천시계),B-26,유출,외발산사거리->오쇠삼거리,9532.0,37.54318,126.8123,9시,662.0
0,20180702.0,월,오정로(부천시계),B-26,유출,외발산사거리->오쇠삼거리,9532.0,37.54318,126.8123,10시,615.0
0,20180702.0,월,오정로(부천시계),B-26,유출,외발산사거리->오쇠삼거리,9532.0,37.54318,126.8123,11시,621.0
0,20180702.0,월,오정로(부천시계),B-26,유출,외발산사거리->오쇠삼거리,9532.0,37.54318,126.8123,12시,565.0
0,20180702.0,월,오정로(부천시계),B-26,유출,외발산사거리->오쇠삼거리,9532.0,37.54318,126.8123,13시,590.0
0,20180702.0,월,오정로(부천시계),B-26,유출,외발산사거리->오쇠삼거리,9532.0,37.54318,126.8123,14시,627.0
0,20180702.0,월,오정로(부천시계),B-26,유출,외발산사거리->오쇠삼거리,9532.0,37.54318,126.8123,15시,645.0
0,20180702.0,월,오정로(부천시계),B-26,유출,외발산사거리->오쇠삼거리,9532.0,37.54318,126.8123,16시,779.0
0,20180702.0,월,오정로(부천시계),B-26,유출,외발산사거리->오쇠삼거리,9532.0,37.54318,126.8123,17시,995.0
0,20180702.0,월,오정로(부천시계),B-26,유출,외발산사거리->오쇠삼거리,9532.0,37.54318,126.8123,18시,1148.0
0,20180702.0,월,오정로(부천시계),B-26,유출,외발산사거리->오쇠삼거리,9532.0,37.54318,126.8123,19시,834.0
0,20180702.0,월,오정로(부천시계),B-26,유출,외발산사거리->오쇠삼거리,9532.0,37.54318,126.8123,20시,556.0
0,20180703.0,화,오정로(부천시계),B-26,유출,외발산사거리->오쇠삼거리,10228.0,37.54318,126.8123,8시,914.0
0,20180703.0,화,오정로(부천시계),B-26,유출,외발산사거리->오쇠삼거리,10228.0,37.54318,126.8123,9시,574.0
0,20180703.0,화,오정로(부천시계),B-26,유출,외발산사거리->오쇠삼거리,10228.0,37.54318,126.8123,10시,604.0
0,20180703.0,화,오정로(부천시계),B-26,유출,외발산사거리->오쇠삼거리,10228.0,37.54318,126.8123,11시,632.0
0,20180703.0,화,오정로(부천시계),B-26,유출,외발산사거리->오쇠삼거리,10228.0,37.54318,126.8123,12시,545.0
0,20180703.0,화,오정로(부천시계),B-26,유출,외발산사거리->오쇠삼거리,10228.0,37.54318,126.8123,13시,605.0
0,20180703.0,화,오정로(부천시계),B-26,유출,외발산사거리->오쇠삼거리,10228.0,37.54318,126.8123,14시,689.0
0,20180703.0,화,오정로(부천시계),B-26,유출,외발산사거리->오쇠삼거리,10228.0,37.54318,126.8123,15시,710.0
0,20180703.0,화,오정로(부천시계),B-26,유출,외발산사거리->오쇠삼거리,10228.0,37.54318,126.8123,16시,885.0
0,20180703.0,화,오정로(부천시계),B-26,유출,외발산사거리->오쇠삼거리,10228.0,37.54318,126.8123,17시,1202.0
0,20180703.0,화,오정로(부천시계),B-26,유출,외발산사거리->오쇠삼거리,10228.0,37.54318,126.8123,18시,1229.0
0,20180703.0,화,오정로(부천시계),B-26,유출,외발산사거리->오쇠삼거리,10228.0,37.54318,126.8123,19시,1035.0
0,20180703.0,화,오정로(부천시계),B-26,유출,외발산사거리->오쇠삼거리,10228.0,37.54318,126.8123,20시,604.0
0,20180704.0,수,오정로(부천시계),B-26,유출,외발산사거리->오쇠삼거리,10758.0,37.54318,126.8123,8시,926.0
0,20180704.0,수,오정로(부천시계),B-26,유출,외발산사거리->오쇠삼거리,10758.0,37.54318,126.8123,9시,659.0
0,20180704.0,수,오정로(부천시계),B-26,유출,외발산사거리->오쇠삼거리,10758.0,37.54318,126.8123,10시,631.0
0,20180704.0,수,오정로(부천시계),B-26,유출,외발산사거리->오쇠삼거리,10758.0,37.54318,126.8123,11시,684.0
0,20180704.0,수,오정로(부천시계),B-26,유출,외발산사거리->오쇠삼거리,10758.0,37.54318,126.8123,12시,586.0
0,20180704.0,수,오정로(부천시계),B-26,유출,외발산사거리->오쇠삼거리,10758.0,37.54318,126.8123,13시,665.0
0,20180704.0,수,오정로(부천시계),B-26,유출,외발산사거리->오쇠삼거리,10758.0,37.54318,126.8123,14시,660.0
0,20180704.0,수,오정로(부천시계),B-26,유출,외발산사거리->오쇠삼거리,10758.0,37.54318,126.8123,15시,761.0
0,20180704.0,수,오정로(부천시계),B-26,유출,외발산사거리->오쇠삼거리,10758.0,37.54318,126.8123,16시,894.0
0,20180704.0,수,오정로(부천시계),B-26,유출,외발산사거리->오쇠삼거리,10758.0,37.54318,126.8123,17시,1211.0
0,20180704.0,수,오정로(부천시계),B-26,유출,외발산사거리->오쇠삼거리,10758.0,37.54318,126.8123,18시,1394.0
0,20180704.0,수,오정로(부천시계),B-26,유출,외발산사거리->오쇠삼거리,10758.0,37.54318,126.8123,19시,1065.0
0,20180704.0,수,오정로(부천시계),B-26,유출,외발산사거리->오쇠삼거리,10758.0,37.54318,126.8123,20시,622.0
0,20180705.0,목,오정로(부천시계),B-26,유출,외발산사거리->오쇠삼거리,10990.0,37.54318,126.8123,8시,965.0
0,20180705.0,목,오정로(부천시계),B-26,유출,외발산사거리->오쇠삼거리,10990.0,37.54318,126.8123,9시,715.0
0,20180705.0,목,오정로(부천시계),B-26,유출,외발산사거리->오쇠삼거리,10990.0,37.54318,126.8123,10시,670.0
0,20180705.0,목,오정로(부천시계),B-26,유출,외발산사거리->오쇠삼거리,10990.0,37.54318,126.8123,11시,676.0
0,20180705.0,목,오정로(부천시계),B-26,유출,외발산사거리->오쇠삼거리,10990.0,37.54318,126.8123,12시,662.0
0,20180705.0,목,오정로(부천시계),B-26,유출,외발산사거리->오쇠삼거리,10990.0,37.54318,126.8123,13시,646.0
0,20180705.0,목,오정로(부천시계),B-26,유출,외발산사거리->오쇠삼거리,10990.0,37.54318,126.8123,14시,698.0
0,20180705.0,목,오정로(부천시계),B-26,유출,외발산사거리->오쇠삼거리,10990.0,37.54318,126.8123,15시,771.0
0,20180705.0,목,오정로(부천시계),B-26,유출,외발산사거리->오쇠삼거리,10990.0,37.54318,126.8123,16시,930.0
0,20180705.0,목,오정로(부천시계),B-26,유출,외발산사거리->오쇠삼거리,10990.0,37.54318,126.8123,17시,1260.0
0,20180705.0,목,오정로(부천시계),B-26,유출,외발산사거리->오쇠삼거리,10990.0,37.54318,126.8123,18시,1301.0
0,20180705.0,목,오정로(부천시계),B-26,유출,외발산사거리->오쇠삼거리,10990.0,37.54318,126.8123,19시,1057.0
0,20180705.0,목,오정로(부천시계),B-26,유출,외발산사거리->오쇠삼거리,10990.0,37.54318,126.8123,20시,639.0
0,20180706.0,금,오정로(부천시계),B-26,유출,외발산사거리->오쇠삼거리,11366.0,37.54318,126.8123,8시,956.0
0,20180706.0,금,오정로(부천시계),B-26,유출,외발산사거리->오쇠삼거리,11366.0,37.54318,126.8123,9시,703.0
0,20180706.0,금,오정로(부천시계),B-26,유출,외발산사거리->오쇠삼거리,11366.0,37.54318,126.8123,10시,616.0
0,20180706.0,금,오정로(부천시계),B-26,유출,외발산사거리->오쇠삼거리,11366.0,37.54318,126.8123,11시,673.0
0,20180706.0,금,오정로(부천시계),B-26,유출,외발산사거리->오쇠삼거리,11366.0,37.54318,126.8123,12시,620.0
0,20180706.0,금,오정로(부천시계),B-26,유출,외발산사거리->오쇠삼거리,11366.0,37.54318,126.8123,13시,670.0
0,20180706.0,금,오정로(부천시계),B-26,유출,외발산사거리->오쇠삼거리,11366.0,37.54318,126.8123,14시,717.0
0,20180706.0,금,오정로(부천시계),B-26,유출,외발산사거리->오쇠삼거리,11366.0,37.54318,126.8123,15시,830.0
0,20180706.0,금,오정로(부천시계),B-26,유출,외발산사거리->오쇠삼거리,11366.0,37.54318,126.8123,16시,1080.0
0,20180706.0,금,오정로(부천시계),B-26,유출,외발산사거리->오쇠삼거리,11366.0,37.54318,126.8123,17시,1312.0
0,20180706.0,금,오정로(부천시계),B-26,유출,외발산사거리->오쇠삼거리,11366.0,37.54318,126.8123,18시,1236.0
0,20180706.0,금,오정로(부천시계),B-26,유출,외발산사거리->오쇠삼거리,11366.0,37.54318,126.8123,19시,1170.0
0,20180706.0,금,오정로(부천시계),B-26,유출,외발산사거리->오쇠삼거리,11366.0,37.54318,126.8123,20시,783.0
0,20180707.0,토,오정로(부천시계),B-26,유출,외발산사거리->오쇠삼거리,9766.0,37.54318,126.8123,8시,547.0
0,20180707.0,토,오정로(부천시계),B-26,유출,외발산사거리->오쇠삼거리,9766.0,37.54318,126.8123,9시,566.0
0,20180707.0,토,오정로(부천시계),B-26,유출,외발산사거리->오쇠삼거리,9766.0,37.54318,126.8123,10시,623.0
0,20180707.0,토,오정로(부천시계),B-26,유출,외발산사거리->오쇠삼거리,9766.0,37.54318,126.8123,11시,640.0
0,20180707.0,토,오정로(부천시계),B-26,유출,외발산사거리->오쇠삼거리,9766.0,37.54318,126.8123,12시,722.0
0,20180707.0,토,오정로(부천시계),B-26,유출,외발산사거리->오쇠삼거리,9766.0,37.54318,126.8123,13시,706.0
0,20180707.0,토,오정로(부천시계),B-26,유출,외발산사거리->오쇠삼거리,9766.0,37.54318,126.8123,14시,762.0
0,20180707.0,토,오정로(부천시계),B-26,유출,외발산사거리->오쇠삼거리,9766.0,37.54318,126.8123,15시,906.0
0,20180707.0,토,오정로(부천시계),B-26,유출,외발산사거리->오쇠삼거리,9766.0,37.54318,126.8123,16시,957.0
0,20180707.0,토,오정로(부천시계),B-26,유출,외발산사거리->오쇠삼거리,9766.0,37.54318,126.8123,17시,1151.0
0,20180707.0,토,오정로(부천시계),B-26,유출,외발산사거리->오쇠삼거리,9766.0,37.54318,126.8123,18시,933.0
0,20180707.0,토,오정로(부천시계),B-26,유출,외발산사거리->오쇠삼거리,9766.0,37.54318,126.8123,19시,702.0
0,20180707.0,토,오정로(부천시계),B-26,유출,외발산사거리->오쇠삼거리,9766.0,37.54318,126.8123,20시,551.0
0,20180708.0,일,오정로(부천시계),B-26,유출,외발산사거리->오쇠삼거리,7829.0,37.54318,126.8123,8시,351.0
0,20180708.0,일,오정로(부천시계),B-26,유출,외발산사거리->오쇠삼거리,7829.0,37.54318,126.8123,9시,437.0
0,20180708.0,일,오정로(부천시계),B-26,유출,외발산사거리->오쇠삼거리,7829.0,37.54318,126.8123,10시,488.0
0,20180708.0,일,오정로(부천시계),B-26,유출,외발산사거리->오쇠삼거리,7829.0,37.54318,126.8123,11시,508.0
0,20180708.0,일,오정로(부천시계),B-26,유출,외발산사거리->오쇠삼거리,7829.0,37.54318,126.8123,12시,574.0
0,20180708.0,일,오정로(부천시계),B-26,유출,외발산사거리->오쇠삼거리,7829.0,37.54318,126.8123,13시,561.0
0,20180708.0,일,오정로(부천시계),B-26,유출,외발산사거리->오쇠삼거리,7829.0,37.54318,126.8123,14시,656.0
0,20180708.0,일,오정로(부천시계),B-26,유출,외발산사거리->오쇠삼거리,7829.0,37.54318,126.8123,15시,762.0
0,20180708.0,일,오정로(부천시계),B-26,유출,외발산사거리->오쇠삼거리,7829.0,37.54318,126.8123,16시,782.0
0,20180708.0,일,오정로(부천시계),B-26,유출,외발산사거리->오쇠삼거리,7829.0,37.54318,126.8123,17시,931.0
0,20180708.0,일,오정로(부천시계),B-26,유출,외발산사거리->오쇠삼거리,7829.0,37.54318,126.8123,18시,749.0
0,20180708.0,일,오정로(부천시계),B-26,유출,외발산사거리->오쇠삼거리,7829.0,37.54318,126.8123,19시,527.0
0,20180708.0,일,오정로(부천시계),B-26,유출,외발산사거리->오쇠삼거리,7829.0,37.54318,126.8123,20시,503.0
0,20180709.0,월,오정로(부천시계),B-26,유출,외발산사거리->오쇠삼거리,10434.0,37.54318,126.8123,8시,938.0
0,20180709.0,월,오정로(부천시계),B-26,유출,외발산사거리->오쇠삼거리,10434.0,37.54318,126.8123,9시,673.0
0,20180709.0,월,오정로(부천시계),B-26,유출,외발산사거리->오쇠삼거리,10434.0,37.54318,126.8123,10시,668.0
0,20180709.0,월,오정로(부천시계),B-26,유출,외발산사거리->오쇠삼거리,10434.0,37.54318,126.8123,11시,651.0
0,20180709.0,월,오정로(부천시계),B-26,유출,외발산사거리->오쇠삼거리,10434.0,37.54318,126.8123,12시,682.0
0,20180709.0,월,오정로(부천시계),B-26,유출,외발산사거리->오쇠삼거리,10434.0,37.54318,126.8123,13시,682.0
0,20180709.0,월,오정로(부천시계),B-26,유출,외발산사거리->오쇠삼거리,10434.0,37.54318,126.8123,14시,688.0
0,20180709.0,월,오정로(부천시계),B-26,유출,외발산사거리->오쇠삼거리,10434.0,37.54318,126.8123,15시,790.0
0,20180709.0,월,오정로(부천시계),B-26,유출,외발산사거리->오쇠삼거리,10434.0,37.54318,126.8123,16시,880.0
0,20180709.0,월,오정로(부천시계),B-26,유출,외발산사거리->오쇠삼거리,10434.0,37.54318,126.8123,17시,1059.0
0,20180709.0,월,오정로(부천시계),B-26,유출,외발산사거리->오쇠삼거리,10434.0,37.54318,126.8123,18시,1247.0
0,20180709.0,월,오정로(부천시계),B-26,유출,외발산사거리->오쇠삼거리,10434.0,37.54318,126.8123,19시,904.0
0,20180709.0,월,오정로(부천시계),B-26,유출,외발산사거리->오쇠삼거리,10434.0,37.54318,126.8123,20시,572.0
0,20180710.0,화,오정로(부천시계),B-26,유출,외발산사거리->오쇠삼거리,10267.0,37.54318,126.8123,8시,884.0
0,20180710.0,화,오정로(부천시계),B-26,유출,외발산사거리->오쇠삼거리,10267.0,37.54318,126.8123,9시,628.0
0,20180710.0,화,오정로(부천시계),B-26,유출,외발산사거리->오쇠삼거리,10267.0,37.54318,126.8123,10시,656.0
0,20180710.0,화,오정로(부천시계),B-26,유출,외발산사거리->오쇠삼거리,10267.0,37.54318,126.8123,11시,621.0
0,20180710.0,화,오정로(부천시계),B-26,유출,외발산사거리->오쇠삼거리,10267.0,37.54318,126.8123,12시,629.0
0,20180710.0,화,오정로(부천시계),B-26,유출,외발산사거리->오쇠삼거리,10267.0,37.54318,126.8123,13시,652.0
0,20180710.0,화,오정로(부천시계),B-26,유출,외발산사거리->오쇠삼거리,10267.0,37.54318,126.8123,14시,719.0
0,20180710.0,화,오정로(부천시계),B-26,유출,외발산사거리->오쇠삼거리,10267.0,37.54318,126.8123,15시,771.0
0,20180710.0,화,오정로(부천시계),B-26,유출,외발산사거리->오쇠삼거리,10267.0,37.54318,126.8123,16시,873.0
0,20180710.0,화,오정로(부천시계),B-26,유출,외발산사거리->오쇠삼거리,10267.0,37.54318,126.8123,17시,1169.0
0,20180710.0,화,오정로(부천시계),B-26,유출,외발산사거리->오쇠삼거리,10267.0,37.54318,126.8123,18시,1214.0
0,20180710.0,화,오정로(부천시계),B-26,유출,외발산사거리->오쇠삼거리,10267.0,37.54318,126.8123,19시,875.0
0,20180710.0,화,오정로(부천시계),B-26,유출,외발산사거리->오쇠삼거리,10267.0,37.54318,126.8123,20시,576.0
0,20180711.0,수,오정로(부천시계),B-26,유출,외발산사거리->오쇠삼거리,11040.0,37.54318,126.8123,8시,960.0
0,20180711.0,수,오정로(부천시계),B-26,유출,외발산사거리->오쇠삼거리,11040.0,37.54318,126.8123,9시,711.0
0,20180711.0,수,오정로(부천시계),B-26,유출,외발산사거리->오쇠삼거리,11040.0,37.54318,126.8123,10시,742.0
0,20180711.0,수,오정로(부천시계),B-26,유출,외발산사거리->오쇠삼거리,11040.0,37.54318,126.8123,11시,785.0
0,20180711.0,수,오정로(부천시계),B-26,유출,외발산사거리->오쇠삼거리,11040.0,37.54318,126.8123,12시,635.0
0,20180711.0,수,오정로(부천시계),B-26,유출,외발산사거리->오쇠삼거리,11040.0,37.54318,126.8123,13시,699.0
0,20180711.0,수,오정로(부천시계),B-26,유출,외발산사거리->오쇠삼거리,11040.0,37.54318,126.8123,14시,676.0
0,20180711.0,수,오정로(부천시계),B-26,유출,외발산사거리->오쇠삼거리,11040.0,37.54318,126.8123,15시,764.0
0,20180711.0,수,오정로(부천시계),B-26,유출,외발산사거리->오쇠삼거리,11040.0,37.54318,126.8123,16시,899.0
0,20180711.0,수,오정로(부천시계),B-26,유출,외발산사거리->오쇠삼거리,11040.0,37.54318,126.8123,17시,1221.0
0,20180711.0,수,오정로(부천시계),B-26,유출,외발산사거리->오쇠삼거리,11040.0,37.54318,126.8123,18시,1261.0
0,20180711.0,수,오정로(부천시계),B-26,유출,외발산사거리->오쇠삼거리,11040.0,37.54318,126.8123,19시,1092.0
0,20180711.0,수,오정로(부천시계),B-26,유출,외발산사거리->오쇠삼거리,11040.0,37.54318,126.8123,20시,595.0
0,20180712.0,목,오정로(부천시계),B-26,유출,외발산사거리->오쇠삼거리,10905.0,37.54318,126.8123,8시,940.0
0,20180712.0,목,오정로(부천시계),B-26,유출,외발산사거리->오쇠삼거리,10905.0,37.54318,126.8123,9시,625.0
0,20180712.0,목,오정로(부천시계),B-26,유출,외발산사거리->오쇠삼거리,10905.0,37.54318,126.8123,10시,624.0
0,20180712.0,목,오정로(부천시계),B-26,유출,외발산사거리->오쇠삼거리,10905.0,37.54318,126.8123,11시,679.0
0,20180712.0,목,오정로(부천시계),B-26,유출,외발산사거리->오쇠삼거리,10905.0,37.54318,126.8123,12시,648.0
0,20180712.0,목,오정로(부천시계),B-26,유출,외발산사거리->오쇠삼거리,10905.0,37.54318,126.8123,13시,700.0
0,20180712.0,목,오정로(부천시계),B-26,유출,외발산사거리->오쇠삼거리,10905.0,37.54318,126.8123,14시,702.0
0,20180712.0,목,오정로(부천시계),B-26,유출,외발산사거리->오쇠삼거리,10905.0,37.54318,126.8123,15시,765.0
0,20180712.0,목,오정로(부천시계),B-26,유출,외발산사거리->오쇠삼거리,10905.0,37.54318,126.8123,16시,922.0
0,20180712.0,목,오정로(부천시계),B-26,유출,외발산사거리->오쇠삼거리,10905.0,37.54318,126.8123,17시,1211.0
0,20180712.0,목,오정로(부천시계),B-26,유출,외발산사거리->오쇠삼거리,10905.0,37.54318,126.8123,18시,1365.0
0,20180712.0,목,오정로(부천시계),B-26,유출,외발산사거리->오쇠삼거리,10905.0,37.54318,126.8123,19시,1106.0
0,20180712.0,목,오정로(부천시계),B-26,유출,외발산사거리->오쇠삼거리,10905.0,37.54318,126.8123,20시,618.0
0,20180713.0,금,오정로(부천시계),B-26,유출,외발산사거리->오쇠삼거리,11589.0,37.54318,126.8123,8시,936.0
0,20180713.0,금,오정로(부천시계),B-26,유출,외발산사거리->오쇠삼거리,11589.0,37.54318,126.8123,9시,721.0
0,20180713.0,금,오정로(부천시계),B-26,유출,외발산사거리->오쇠삼거리,11589.0,37.54318,126.8123,10시,629.0
0,20180713.0,금,오정로(부천시계),B-26,유출,외발산사거리->오쇠삼거리,11589.0,37.54318,126.8123,11시,680.0
0,20180713.0,금,오정로(부천시계),B-26,유출,외발산사거리->오쇠삼거리,11589.0,37.54318,126.8123,12시,692.0
0,20180713.0,금,오정로(부천시계),B-26,유출,외발산사거리->오쇠삼거리,11589.0,37.54318,126.8123,13시,718.0
0,20180713.0,금,오정로(부천시계),B-26,유출,외발산사거리->오쇠삼거리,11589.0,37.54318,126.8123,14시,763.0
0,20180713.0,금,오정로(부천시계),B-26,유출,외발산사거리->오쇠삼거리,11589.0,37.54318,126.8123,15시,817.0
0,20180713.0,금,오정로(부천시계),B-26,유출,외발산사거리->오쇠삼거리,11589.0,37.54318,126.8123,16시,1019.0
0,20180713.0,금,오정로(부천시계),B-26,유출,외발산사거리->오쇠삼거리,11589.0,37.54318,126.8123,17시,1342.0
0,20180713.0,금,오정로(부천시계),B-26,유출,외발산사거리->오쇠삼거리,11589.0,37.54318,126.8123,18시,1331.0
0,20180713.0,금,오정로(부천시계),B-26,유출,외발산사거리->오쇠삼거리,11589.0,37.54318,126.8123,19시,1191.0
0,20180713.0,금,오정로(부천시계),B-26,유출,외발산사거리->오쇠삼거리,11589.0,37.54318,126.8123,20시,750.0
0,20180714.0,토,오정로(부천시계),B-26,유출,외발산사거리->오쇠삼거리,9439.0,37.54318,126.8123,8시,575.0
0,20180714.0,토,오정로(부천시계),B-26,유출,외발산사거리->오쇠삼거리,9439.0,37.54318,126.8123,9시,625.0
0,20180714.0,토,오정로(부천시계),B-26,유출,외발산사거리->오쇠삼거리,9439.0,37.54318,126.8123,10시,649.0
0,20180714.0,토,오정로(부천시계),B-26,유출,외발산사거리->오쇠삼거리,9439.0,37.54318,126.8123,11시,634.0
0,20180714.0,토,오정로(부천시계),B-26,유출,외발산사거리->오쇠삼거리,9439.0,37.54318,126.8123,12시,690.0
0,20180714.0,토,오정로(부천시계),B-26,유출,외발산사거리->오쇠삼거리,9439.0,37.54318,126.8123,13시,702.0
0,20180714.0,토,오정로(부천시계),B-26,유출,외발산사거리->오쇠삼거리,9439.0,37.54318,126.8123,14시,713.0
0,20180714.0,토,오정로(부천시계),B-26,유출,외발산사거리->오쇠삼거리,9439.0,37.54318,126.8123,15시,792.0
0,20180714.0,토,오정로(부천시계),B-26,유출,외발산사거리->오쇠삼거리,9439.0,37.54318,126.8123,16시,886.0
0,20180714.0,토,오정로(부천시계),B-26,유출,외발산사거리->오쇠삼거리,9439.0,37.54318,126.8123,17시,1033.0
0,20180714.0,토,오정로(부천시계),B-26,유출,외발산사거리->오쇠삼거리,9439.0,37.54318,126.8123,18시,932.0
0,20180714.0,토,오정로(부천시계),B-26,유출,외발산사거리->오쇠삼거리,9439.0,37.54318,126.8123,19시,711.0
0,20180714.0,토,오정로(부천시계),B-26,유출,외발산사거리->오쇠삼거리,9439.0,37.54318,126.8123,20시,497.0
0,20180715.0,일,오정로(부천시계),B-26,유출,외발산사거리->오쇠삼거리,7369.0,37.54318,126.8123,8시,331.0
0,20180715.0,일,오정로(부천시계),B-26,유출,외발산사거리->오쇠삼거리,7369.0,37.54318,126.8123,9시,404.0
0,20180715.0,일,오정로(부천시계),B-26,유출,외발산사거리->오쇠삼거리,7369.0,37.54318,126.8123,10시,459.0
0,20180715.0,일,오정로(부천시계),B-26,유출,외발산사거리->오쇠삼거리,7369.0,37.54318,126.8123,11시,504.0
0,20180715.0,일,오정로(부천시계),B-26,유출,외발산사거리->오쇠삼거리,7369.0,37.54318,126.8123,12시,505.0
0,20180715.0,일,오정로(부천시계),B-26,유출,외발산사거리->오쇠삼거리,7369.0,37.54318,126.8123,13시,568.0
0,20180715.0,일,오정로(부천시계),B-26,유출,외발산사거리->오쇠삼거리,7369.0,37.54318,126.8123,14시,579.0
0,20180715.0,일,오정로(부천시계),B-26,유출,외발산사거리->오쇠삼거리,7369.0,37.54318,126.8123,15시,669.0
0,20180715.0,일,오정로(부천시계),B-26,유출,외발산사거리->오쇠삼거리,7369.0,37.54318,126.8123,16시,781.0
0,20180715.0,일,오정로(부천시계),B-26,유출,외발산사거리->오쇠삼거리,7369.0,37.54318,126.8123,17시,824.0
0,20180715.0,일,오정로(부천시계),B-26,유출,외발산사거리->오쇠삼거리,7369.0,37.54318,126.8123,18시,657.0
0,20180715.0,일,오정로(부천시계),B-26,유출,외발산사거리->오쇠삼거리,7369.0,37.54318,126.8123,19시,556.0
0,20180715.0,일,오정로(부천시계),B-26,유출,외발산사거리->오쇠삼거리,7369.0,37.54318,126.8123,20시,532.0
0,20180716.0,월,오정로(부천시계),B-26,유출,외발산사거리->오쇠삼거리,10897.0,37.54318,126.8123,8시,944.0
0,20180716.0,월,오정로(부천시계),B-26,유출,외발산사거리->오쇠삼거리,10897.0,37.54318,126.8123,9시,698.0
0,20180716.0,월,오정로(부천시계),B-26,유출,외발산사거리->오쇠삼거리,10897.0,37.54318,126.8123,10시,622.0
0,20180716.0,월,오정로(부천시계),B-26,유출,외발산사거리->오쇠삼거리,10897.0,37.54318,126.8123,11시,657.0
0,20180716.0,월,오정로(부천시계),B-26,유출,외발산사거리->오쇠삼거리,10897.0,37.54318,126.8123,12시,658.0
0,20180716.0,월,오정로(부천시계),B-26,유출,외발산사거리->오쇠삼거리,10897.0,37.54318,126.8123,13시,640.0
0,20180716.0,월,오정로(부천시계),B-26,유출,외발산사거리->오쇠삼거리,10897.0,37.54318,126.8123,14시,659.0
0,20180716.0,월,오정로(부천시계),B-26,유출,외발산사거리->오쇠삼거리,10897.0,37.54318,126.8123,15시,685.0
0,20180716.0,월,오정로(부천시계),B-26,유출,외발산사거리->오쇠삼거리,10897.0,37.54318,126.8123,16시,964.0
0,20180716.0,월,오정로(부천시계),B-26,유출,외발산사거리->오쇠삼거리,10897.0,37.54318,126.8123,17시,1276.0
0,20180716.0,월,오정로(부천시계),B-26,유출,외발산사거리->오쇠삼거리,10897.0,37.54318,126.8123,18시,1382.0
0,20180716.0,월,오정로(부천시계),B-26,유출,외발산사거리->오쇠삼거리,10897.0,37.54318,126.8123,19시,1038.0
0,20180716.0,월,오정로(부천시계),B-26,유출,외발산사거리->오쇠삼거리,10897.0,37.54318,126.8123,20시,674.0
0,20180717.0,화,오정로(부천시계),B-26,유출,외발산사거리->오쇠삼거리,11064.0,37.54318,126.8123,8시,952.0
0,20180717.0,화,오정로(부천시계),B-26,유출,외발산사거리->오쇠삼거리,11064.0,37.54318,126.8123,9시,660.0
0,20180717.0,화,오정로(부천시계),B-26,유출,외발산사거리->오쇠삼거리,11064.0,37.54318,126.8123,10시,694.0
0,20180717.0,화,오정로(부천시계),B-26,유출,외발산사거리->오쇠삼거리,11064.0,37.54318,126.8123,11시,680.0
0,20180717.0,화,오정로(부천시계),B-26,유출,외발산사거리->오쇠삼거리,11064.0,37.54318,126.8123,12시,673.0
0,20180717.0,화,오정로(부천시계),B-26,유출,외발산사거리->오쇠삼거리,11064.0,37.54318,126.8123,13시,660.0
0,20180717.0,화,오정로(부천시계),B-26,유출,외발산사거리->오쇠삼거리,11064.0,37.54318,126.8123,14시,706.0
0,20180717.0,화,오정로(부천시계),B-26,유출,외발산사거리->오쇠삼거리,11064.0,37.54318,126.8123,15시,755.0
0,20180717.0,화,오정로(부천시계),B-26,유출,외발산사거리->오쇠삼거리,11064.0,37.54318,126.8123,16시,992.0
0,20180717.0,화,오정로(부천시계),B-26,유출,외발산사거리->오쇠삼거리,11064.0,37.54318,126.8123,17시,1283.0
0,20180717.0,화,오정로(부천시계),B-26,유출,외발산사거리->오쇠삼거리,11064.0,37.54318,126.8123,18시,1262.0
0,20180717.0,화,오정로(부천시계),B-26,유출,외발산사거리->오쇠삼거리,11064.0,37.54318,126.8123,19시,1097.0
0,20180717.0,화,오정로(부천시계),B-26,유출,외발산사거리->오쇠삼거리,11064.0,37.54318,126.8123,20시,650.0
0,20180718.0,수,오정로(부천시계),B-26,유출,외발산사거리->오쇠삼거리,11229.0,37.54318,126.8123,8시,948.0
0,20180718.0,수,오정로(부천시계),B-26,유출,외발산사거리->오쇠삼거리,11229.0,37.54318,126.8123,9시,691.0
0,20180718.0,수,오정로(부천시계),B-26,유출,외발산사거리->오쇠삼거리,11229.0,37.54318,126.8123,10시,749.0
0,20180718.0,수,오정로(부천시계),B-26,유출,외발산사거리->오쇠삼거리,11229.0,37.54318,126.8123,11시,734.0
0,20180718.0,수,오정로(부천시계),B-26,유출,외발산사거리->오쇠삼거리,11229.0,37.54318,126.8123,12시,644.0
0,20180718.0,수,오정로(부천시계),B-26,유출,외발산사거리->오쇠삼거리,11229.0,37.54318,126.8123,13시,665.0
0,20180718.0,수,오정로(부천시계),B-26,유출,외발산사거리->오쇠삼거리,11229.0,37.54318,126.8123,14시,756.0
0,20180718.0,수,오정로(부천시계),B-26,유출,외발산사거리->오쇠삼거리,11229.0,37.54318,126.8123,15시,792.0
0,20180718.0,수,오정로(부천시계),B-26,유출,외발산사거리->오쇠삼거리,11229.0,37.54318,126.8123,16시,904.0
0,20180718.0,수,오정로(부천시계),B-26,유출,외발산사거리->오쇠삼거리,11229.0,37.54318,126.8123,17시,1246.0
0,20180718.0,수,오정로(부천시계),B-26,유출,외발산사거리->오쇠삼거리,11229.0,37.54318,126.8123,18시,1346.0
0,20180718.0,수,오정로(부천시계),B-26,유출,외발산사거리->오쇠삼거리,11229.0,37.54318,126.8123,19시,1129.0
0,20180718.0,수,오정로(부천시계),B-26,유출,외발산사거리->오쇠삼거리,11229.0,37.54318,126.8123,20시,625.0
0,20180719.0,목,오정로(부천시계),B-26,유출,외발산사거리->오쇠삼거리,10961.0,37.54318,126.8123,8시,905.0
0,20180719.0,목,오정로(부천시계),B-26,유출,외발산사거리->오쇠삼거리,10961.0,37.54318,126.8123,9시,682.0
0,20180719.0,목,오정로(부천시계),B-26,유출,외발산사거리->오쇠삼거리,10961.0,37.54318,126.8123,10시,719.0
0,20180719.0,목,오정로(부천시계),B-26,유출,외발산사거리->오쇠삼거리,10961.0,37.54318,126.8123,11시,701.0
0,20180719.0,목,오정로(부천시계),B-26,유출,외발산사거리->오쇠삼거리,10961.0,37.54318,126.8123,12시,656.0
0,20180719.0,목,오정로(부천시계),B-26,유출,외발산사거리->오쇠삼거리,10961.0,37.54318,126.8123,13시,636.0
0,20180719.0,목,오정로(부천시계),B-26,유출,외발산사거리->오쇠삼거리,10961.0,37.54318,126.8123,14시,721.0
0,20180719.0,목,오정로(부천시계),B-26,유출,외발산사거리->오쇠삼거리,10961.0,37.54318,126.8123,15시,710.0
0,20180719.0,목,오정로(부천시계),B-26,유출,외발산사거리->오쇠삼거리,10961.0,37.54318,126.8123,16시,954.0
0,20180719.0,목,오정로(부천시계),B-26,유출,외발산사거리->오쇠삼거리,10961.0,37.54318,126.8123,17시,1251.0
0,20180719.0,목,오정로(부천시계),B-26,유출,외발산사거리->오쇠삼거리,10961.0,37.54318,126.8123,18시,1347.0
0,20180719.0,목,오정로(부천시계),B-26,유출,외발산사거리->오쇠삼거리,10961.0,37.54318,126.8123,19시,1050.0
0,20180719.0,목,오정로(부천시계),B-26,유출,외발산사거리->오쇠삼거리,10961.0,37.54318,126.8123,20시,629.0
0,20180720.0,금,오정로(부천시계),B-26,유출,외발산사거리->오쇠삼거리,11746.0,37.54318,126.8123,8시,932.0
0,20180720.0,금,오정로(부천시계),B-26,유출,외발산사거리->오쇠삼거리,11746.0,37.54318,126.8123,9시,710.0
0,20180720.0,금,오정로(부천시계),B-26,유출,외발산사거리->오쇠삼거리,11746.0,37.54318,126.8123,10시,742.0
0,20180720.0,금,오정로(부천시계),B-26,유출,외발산사거리->오쇠삼거리,11746.0,37.54318,126.8123,11시,696.0
0,20180720.0,금,오정로(부천시계),B-26,유출,외발산사거리->오쇠삼거리,11746.0,37.54318,126.8123,12시,710.0
0,20180720.0,금,오정로(부천시계),B-26,유출,외발산사거리->오쇠삼거리,11746.0,37.54318,126.8123,13시,694.0
0,20180720.0,금,오정로(부천시계),B-26,유출,외발산사거리->오쇠삼거리,11746.0,37.54318,126.8123,14시,756.0
0,20180720.0,금,오정로(부천시계),B-26,유출,외발산사거리->오쇠삼거리,11746.0,37.54318,126.8123,15시,829.0
0,20180720.0,금,오정로(부천시계),B-26,유출,외발산사거리->오쇠삼거리,11746.0,37.54318,126.8123,16시,1055.0
0,20180720.0,금,오정로(부천시계),B-26,유출,외발산사거리->오쇠삼거리,11746.0,37.54318,126.8123,17시,1298.0
0,20180720.0,금,오정로(부천시계),B-26,유출,외발산사거리->오쇠삼거리,11746.0,37.54318,126.8123,18시,1352.0
0,20180720.0,금,오정로(부천시계),B-26,유출,외발산사거리->오쇠삼거리,11746.0,37.54318,126.8123,19시,1192.0
0,20180720.0,금,오정로(부천시계),B-26,유출,외발산사거리->오쇠삼거리,11746.0,37.54318,126.8123,20시,780.0
0,20180721.0,토,오정로(부천시계),B-26,유출,외발산사거리->오쇠삼거리,9348.0,37.54318,126.8123,8시,540.0
0,20180721.0,토,오정로(부천시계),B-26,유출,외발산사거리->오쇠삼거리,9348.0,37.54318,126.8123,9시,528.0
0,20180721.0,토,오정로(부천시계),B-26,유출,외발산사거리->오쇠삼거리,9348.0,37.54318,126.8123,10시,603.0
0,20180721.0,토,오정로(부천시계),B-26,유출,외발산사거리->오쇠삼거리,9348.0,37.54318,126.8123,11시,591.0
0,20180721.0,토,오정로(부천시계),B-26,유출,외발산사거리->오쇠삼거리,9348.0,37.54318,126.8123,12시,678.0
0,20180721.0,토,오정로(부천시계),B-26,유출,외발산사거리->오쇠삼거리,9348.0,37.54318,126.8123,13시,700.0
0,20180721.0,토,오정로(부천시계),B-26,유출,외발산사거리->오쇠삼거리,9348.0,37.54318,126.8123,14시,706.0
0,20180721.0,토,오정로(부천시계),B-26,유출,외발산사거리->오쇠삼거리,9348.0,37.54318,126.8123,15시,786.0
0,20180721.0,토,오정로(부천시계),B-26,유출,외발산사거리->오쇠삼거리,9348.0,37.54318,126.8123,16시,960.0
0,20180721.0,토,오정로(부천시계),B-26,유출,외발산사거리->오쇠삼거리,9348.0,37.54318,126.8123,17시,1078.0
0,20180721.0,토,오정로(부천시계),B-26,유출,외발산사거리->오쇠삼거리,9348.0,37.54318,126.8123,18시,971.0
0,20180721.0,토,오정로(부천시계),B-26,유출,외발산사거리->오쇠삼거리,9348.0,37.54318,126.8123,19시,724.0
0,20180721.0,토,오정로(부천시계),B-26,유출,외발산사거리->오쇠삼거리,9348.0,37.54318,126.8123,20시,483.0
0,20180722.0,일,오정로(부천시계),B-26,유출,외발산사거리->오쇠삼거리,7322.0,37.54318,126.8123,8시,328.0
0,20180722.0,일,오정로(부천시계),B-26,유출,외발산사거리->오쇠삼거리,7322.0,37.54318,126.8123,9시,406.0
0,20180722.0,일,오정로(부천시계),B-26,유출,외발산사거리->오쇠삼거리,7322.0,37.54318,126.8123,10시,477.0
0,20180722.0,일,오정로(부천시계),B-26,유출,외발산사거리->오쇠삼거리,7322.0,37.54318,126.8123,11시,464.0
0,20180722.0,일,오정로(부천시계),B-26,유출,외발산사거리->오쇠삼거리,7322.0,37.54318,126.8123,12시,487.0
0,20180722.0,일,오정로(부천시계),B-26,유출,외발산사거리->오쇠삼거리,7322.0,37.54318,126.8123,13시,552.0
0,20180722.0,일,오정로(부천시계),B-26,유출,외발산사거리->오쇠삼거리,7322.0,37.54318,126.8123,14시,633.0
0,20180722.0,일,오정로(부천시계),B-26,유출,외발산사거리->오쇠삼거리,7322.0,37.54318,126.8123,15시,669.0
0,20180722.0,일,오정로(부천시계),B-26,유출,외발산사거리->오쇠삼거리,7322.0,37.54318,126.8123,16시,740.0
0,20180722.0,일,오정로(부천시계),B-26,유출,외발산사거리->오쇠삼거리,7322.0,37.54318,126.8123,17시,756.0
0,20180722.0,일,오정로(부천시계),B-26,유출,외발산사거리->오쇠삼거리,7322.0,37.54318,126.8123,18시,747.0
0,20180722.0,일,오정로(부천시계),B-26,유출,외발산사거리->오쇠삼거리,7322.0,37.54318,126.8123,19시,541.0
0,20180722.0,일,오정로(부천시계),B-26,유출,외발산사거리->오쇠삼거리,7322.0,37.54318,126.8123,20시,522.0
0,20180723.0,월,오정로(부천시계),B-26,유출,외발산사거리->오쇠삼거리,10555.0,37.54318,126.8123,8시,878.0
0,20180723.0,월,오정로(부천시계),B-26,유출,외발산사거리->오쇠삼거리,10555.0,37.54318,126.8123,9시,679.0
0,20180723.0,월,오정로(부천시계),B-26,유출,외발산사거리->오쇠삼거리,10555.0,37.54318,126.8123,10시,609.0
0,20180723.0,월,오정로(부천시계),B-26,유출,외발산사거리->오쇠삼거리,10555.0,37.54318,126.8123,11시,652.0
0,20180723.0,월,오정로(부천시계),B-26,유출,외발산사거리->오쇠삼거리,10555.0,37.54318,126.8123,12시,585.0
0,20180723.0,월,오정로(부천시계),B-26,유출,외발산사거리->오쇠삼거리,10555.0,37.54318,126.8123,13시,648.0
0,20180723.0,월,오정로(부천시계),B-26,유출,외발산사거리->오쇠삼거리,10555.0,37.54318,126.8123,14시,664.0
0,20180723.0,월,오정로(부천시계),B-26,유출,외발산사거리->오쇠삼거리,10555.0,37.54318,126.8123,15시,750.0
0,20180723.0,월,오정로(부천시계),B-26,유출,외발산사거리->오쇠삼거리,10555.0,37.54318,126.8123,16시,879.0
0,20180723.0,월,오정로(부천시계),B-26,유출,외발산사거리->오쇠삼거리,10555.0,37.54318,126.8123,17시,1226.0
0,20180723.0,월,오정로(부천시계),B-26,유출,외발산사거리->오쇠삼거리,10555.0,37.54318,126.8123,18시,1354.0
0,20180723.0,월,오정로(부천시계),B-26,유출,외발산사거리->오쇠삼거리,10555.0,37.54318,126.8123,19시,990.0
0,20180723.0,월,오정로(부천시계),B-26,유출,외발산사거리->오쇠삼거리,10555.0,37.54318,126.8123,20시,641.0
0,20180724.0,화,오정로(부천시계),B-26,유출,외발산사거리->오쇠삼거리,10834.0,37.54318,126.8123,8시,920.0
0,20180724.0,화,오정로(부천시계),B-26,유출,외발산사거리->오쇠삼거리,10834.0,37.54318,126.8123,9시,610.0
0,20180724.0,화,오정로(부천시계),B-26,유출,외발산사거리->오쇠삼거리,10834.0,37.54318,126.8123,10시,677.0
0,20180724.0,화,오정로(부천시계),B-26,유출,외발산사거리->오쇠삼거리,10834.0,37.54318,126.8123,11시,687.0
0,20180724.0,화,오정로(부천시계),B-26,유출,외발산사거리->오쇠삼거리,10834.0,37.54318,126.8123,12시,702.0
0,20180724.0,화,오정로(부천시계),B-26,유출,외발산사거리->오쇠삼거리,10834.0,37.54318,126.8123,13시,694.0
0,20180724.0,화,오정로(부천시계),B-26,유출,외발산사거리->오쇠삼거리,10834.0,37.54318,126.8123,14시,686.0
0,20180724.0,화,오정로(부천시계),B-26,유출,외발산사거리->오쇠삼거리,10834.0,37.54318,126.8123,15시,759.0
0,20180724.0,화,오정로(부천시계),B-26,유출,외발산사거리->오쇠삼거리,10834.0,37.54318,126.8123,16시,885.0
0,20180724.0,화,오정로(부천시계),B-26,유출,외발산사거리->오쇠삼거리,10834.0,37.54318,126.8123,17시,1255.0
0,20180724.0,화,오정로(부천시계),B-26,유출,외발산사거리->오쇠삼거리,10834.0,37.54318,126.8123,18시,1294.0
0,20180724.0,화,오정로(부천시계),B-26,유출,외발산사거리->오쇠삼거리,10834.0,37.54318,126.8123,19시,1040.0
0,20180724.0,화,오정로(부천시계),B-26,유출,외발산사거리->오쇠삼거리,10834.0,37.54318,126.8123,20시,625.0
0,20180725.0,수,오정로(부천시계),B-26,유출,외발산사거리->오쇠삼거리,10904.0,37.54318,126.8123,8시,879.0
0,20180725.0,수,오정로(부천시계),B-26,유출,외발산사거리->오쇠삼거리,10904.0,37.54318,126.8123,9시,727.0
0,20180725.0,수,오정로(부천시계),B-26,유출,외발산사거리->오쇠삼거리,10904.0,37.54318,126.8123,10시,622.0
0,20180725.0,수,오정로(부천시계),B-26,유출,외발산사거리->오쇠삼거리,10904.0,37.54318,126.8123,11시,695.0
0,20180725.0,수,오정로(부천시계),B-26,유출,외발산사거리->오쇠삼거리,10904.0,37.54318,126.8123,12시,640.0
0,20180725.0,수,오정로(부천시계),B-26,유출,외발산사거리->오쇠삼거리,10904.0,37.54318,126.8123,13시,665.0
0,20180725.0,수,오정로(부천시계),B-26,유출,외발산사거리->오쇠삼거리,10904.0,37.54318,126.8123,14시,638.0
0,20180725.0,수,오정로(부천시계),B-26,유출,외발산사거리->오쇠삼거리,10904.0,37.54318,126.8123,15시,778.0
0,20180725.0,수,오정로(부천시계),B-26,유출,외발산사거리->오쇠삼거리,10904.0,37.54318,126.8123,16시,960.0
0,20180725.0,수,오정로(부천시계),B-26,유출,외발산사거리->오쇠삼거리,10904.0,37.54318,126.8123,17시,1230.0
0,20180725.0,수,오정로(부천시계),B-26,유출,외발산사거리->오쇠삼거리,10904.0,37.54318,126.8123,18시,1370.0
0,20180725.0,수,오정로(부천시계),B-26,유출,외발산사거리->오쇠삼거리,10904.0,37.54318,126.8123,19시,1071.0
0,20180725.0,수,오정로(부천시계),B-26,유출,외발산사거리->오쇠삼거리,10904.0,37.54318,126.8123,20시,629.0
0,20180727.0,금,오정로(부천시계),B-26,유출,외발산사거리->오쇠삼거리,11717.0,37.54318,126.8123,8시,933.0
0,20180727.0,금,오정로(부천시계),B-26,유출,외발산사거리->오쇠삼거리,11717.0,37.54318,126.8123,9시,710.0
0,20180727.0,금,오정로(부천시계),B-26,유출,외발산사거리->오쇠삼거리,11717.0,37.54318,126.8123,10시,714.0
0,20180727.0,금,오정로(부천시계),B-26,유출,외발산사거리->오쇠삼거리,11717.0,37.54318,126.8123,11시,698.0
0,20180727.0,금,오정로(부천시계),B-26,유출,외발산사거리->오쇠삼거리,11717.0,37.54318,126.8123,12시,707.0
0,20180727.0,금,오정로(부천시계),B-26,유출,외발산사거리->오쇠삼거리,11717.0,37.54318,126.8123,13시,709.0
0,20180727.0,금,오정로(부천시계),B-26,유출,외발산사거리->오쇠삼거리,11717.0,37.54318,126.8123,14시,784.0
0,20180727.0,금,오정로(부천시계),B-26,유출,외발산사거리->오쇠삼거리,11717.0,37.54318,126.8123,15시,837.0
0,20180727.0,금,오정로(부천시계),B-26,유출,외발산사거리->오쇠삼거리,11717.0,37.54318,126.8123,16시,1086.0
0,20180727.0,금,오정로(부천시계),B-26,유출,외발산사거리->오쇠삼거리,11717.0,37.54318,126.8123,17시,1188.0
0,20180727.0,금,오정로(부천시계),B-26,유출,외발산사거리->오쇠삼거리,11717.0,37.54318,126.8123,18시,1327.0
0,20180727.0,금,오정로(부천시계),B-26,유출,외발산사거리->오쇠삼거리,11717.0,37.54318,126.8123,19시,1270.0
0,20180727.0,금,오정로(부천시계),B-26,유출,외발산사거리->오쇠삼거리,11717.0,37.54318,126.8123,20시,754.0
0,20180728.0,토,오정로(부천시계),B-26,유출,외발산사거리->오쇠삼거리,9399.0,37.54318,126.8123,8시,566.0
0,20180728.0,토,오정로(부천시계),B-26,유출,외발산사거리->오쇠삼거리,9399.0,37.54318,126.8123,9시,597.0
0,20180728.0,토,오정로(부천시계),B-26,유출,외발산사거리->오쇠삼거리,9399.0,37.54318,126.8123,10시,567.0
0,20180728.0,토,오정로(부천시계),B-26,유출,외발산사거리->오쇠삼거리,9399.0,37.54318,126.8123,11시,656.0
0,20180728.0,토,오정로(부천시계),B-26,유출,외발산사거리->오쇠삼거리,9399.0,37.54318,126.8123,12시,647.0
0,20180728.0,토,오정로(부천시계),B-26,유출,외발산사거리->오쇠삼거리,9399.0,37.54318,126.8123,13시,667.0
0,20180728.0,토,오정로(부천시계),B-26,유출,외발산사거리->오쇠삼거리,9399.0,37.54318,126.8123,14시,663.0
0,20180728.0,토,오정로(부천시계),B-26,유출,외발산사거리->오쇠삼거리,9399.0,37.54318,126.8123,15시,820.0
0,20180728.0,토,오정로(부천시계),B-26,유출,외발산사거리->오쇠삼거리,9399.0,37.54318,126.8123,16시,992.0
0,20180728.0,토,오정로(부천시계),B-26,유출,외발산사거리->오쇠삼거리,9399.0,37.54318,126.8123,17시,1174.0
0,20180728.0,토,오정로(부천시계),B-26,유출,외발산사거리->오쇠삼거리,9399.0,37.54318,126.8123,18시,924.0
0,20180728.0,토,오정로(부천시계),B-26,유출,외발산사거리->오쇠삼거리,9399.0,37.54318,126.8123,19시,627.0
0,20180728.0,토,오정로(부천시계),B-26,유출,외발산사거리->오쇠삼거리,9399.0,37.54318,126.8123,20시,499.0
0,20180729.0,일,오정로(부천시계),B-26,유출,외발산사거리->오쇠삼거리,7322.0,37.54318,126.8123,8시,346.0
0,20180729.0,일,오정로(부천시계),B-26,유출,외발산사거리->오쇠삼거리,7322.0,37.54318,126.8123,9시,407.0
0,20180729.0,일,오정로(부천시계),B-26,유출,외발산사거리->오쇠삼거리,7322.0,37.54318,126.8123,10시,429.0
0,20180729.0,일,오정로(부천시계),B-26,유출,외발산사거리->오쇠삼거리,7322.0,37.54318,126.8123,11시,448.0
0,20180729.0,일,오정로(부천시계),B-26,유출,외발산사거리->오쇠삼거리,7322.0,37.54318,126.8123,12시,516.0
0,20180729.0,일,오정로(부천시계),B-26,유출,외발산사거리->오쇠삼거리,7322.0,37.54318,126.8123,13시,560.0
0,20180729.0,일,오정로(부천시계),B-26,유출,외발산사거리->오쇠삼거리,7322.0,37.54318,126.8123,14시,672.0
0,20180729.0,일,오정로(부천시계),B-26,유출,외발산사거리->오쇠삼거리,7322.0,37.54318,126.8123,15시,710.0
0,20180729.0,일,오정로(부천시계),B-26,유출,외발산사거리->오쇠삼거리,7322.0,37.54318,126.8123,16시,753.0
0,20180729.0,일,오정로(부천시계),B-26,유출,외발산사거리->오쇠삼거리,7322.0,37.54318,126.8123,17시,809.0
0,20180729.0,일,오정로(부천시계),B-26,유출,외발산사거리->오쇠삼거리,7322.0,37.54318,126.8123,18시,690.0
0,20180729.0,일,오정로(부천시계),B-26,유출,외발산사거리->오쇠삼거리,7322.0,37.54318,126.8123,19시,544.0
0,20180729.0,일,오정로(부천시계),B-26,유출,외발산사거리->오쇠삼거리,7322.0,37.54318,126.8123,20시,438.0
0,20180730.0,월,오정로(부천시계),B-26,유출,외발산사거리->오쇠삼거리,10804.0,37.54318,126.8123,8시,856.0
0,20180730.0,월,오정로(부천시계),B-26,유출,외발산사거리->오쇠삼거리,10804.0,37.54318,126.8123,9시,690.0
0,20180730.0,월,오정로(부천시계),B-26,유출,외발산사거리->오쇠삼거리,10804.0,37.54318,126.8123,10시,660.0
0,20180730.0,월,오정로(부천시계),B-26,유출,외발산사거리->오쇠삼거리,10804.0,37.54318,126.8123,11시,675.0
0,20180730.0,월,오정로(부천시계),B-26,유출,외발산사거리->오쇠삼거리,10804.0,37.54318,126.8123,12시,628.0
0,20180730.0,월,오정로(부천시계),B-26,유출,외발산사거리->오쇠삼거리,10804.0,37.54318,126.8123,13시,687.0
0,20180730.0,월,오정로(부천시계),B-26,유출,외발산사거리->오쇠삼거리,10804.0,37.54318,126.8123,14시,746.0
0,20180730.0,월,오정로(부천시계),B-26,유출,외발산사거리->오쇠삼거리,10804.0,37.54318,126.8123,15시,802.0
0,20180730.0,월,오정로(부천시계),B-26,유출,외발산사거리->오쇠삼거리,10804.0,37.54318,126.8123,16시,975.0
0,20180730.0,월,오정로(부천시계),B-26,유출,외발산사거리->오쇠삼거리,10804.0,37.54318,126.8123,17시,1184.0
0,20180730.0,월,오정로(부천시계),B-26,유출,외발산사거리->오쇠삼거리,10804.0,37.54318,126.8123,18시,1212.0
0,20180730.0,월,오정로(부천시계),B-26,유출,외발산사거리->오쇠삼거리,10804.0,37.54318,126.8123,19시,1013.0
0,20180730.0,월,오정로(부천시계),B-26,유출,외발산사거리->오쇠삼거리,10804.0,37.54318,126.8123,20시,676.0
0,20180731.0,화,오정로(부천시계),B-26,유출,외발산사거리->오쇠삼거리,10750.0,37.54318,126.8123,8시,861.0
0,20180731.0,화,오정로(부천시계),B-26,유출,외발산사거리->오쇠삼거리,10750.0,37.54318,126.8123,9시,641.0
0,20180731.0,화,오정로(부천시계),B-26,유출,외발산사거리->오쇠삼거리,10750.0,37.54318,126.8123,10시,633.0
0,20180731.0,화,오정로(부천시계),B-26,유출,외발산사거리->오쇠삼거리,10750.0,37.54318,126.8123,11시,656.0
0,20180731.0,화,오정로(부천시계),B-26,유출,외발산사거리->오쇠삼거리,10750.0,37.54318,126.8123,12시,621.0
0,20180731.0,화,오정로(부천시계),B-26,유출,외발산사거리->오쇠삼거리,10750.0,37.54318,126.8123,13시,700.0
0,20180731.0,화,오정로(부천시계),B-26,유출,외발산사거리->오쇠삼거리,10750.0,37.54318,126.8123,14시,680.0
0,20180731.0,화,오정로(부천시계),B-26,유출,외발산사거리->오쇠삼거리,10750.0,37.54318,126.8123,15시,774.0
0,20180731.0,화,오정로(부천시계),B-26,유출,외발산사거리->오쇠삼거리,10750.0,37.54318,126.8123,16시,942.0
0,20180731.0,화,오정로(부천시계),B-26,유출,외발산사거리->오쇠삼거리,10750.0,37.54318,126.8123,17시,1181.0
0,20180731.0,화,오정로(부천시계),B-26,유출,외발산사거리->오쇠삼거리,10750.0,37.54318,126.8123,18시,1287.0
0,20180731.0,화,오정로(부천시계),B-26,유출,외발산사거리->오쇠삼거리,10750.0,37.54318,126.8123,19시,1080.0
0,20180731.0,화,오정로(부천시계),B-26,유출,외발산사거리->오쇠삼거리,10750.0,37.54318,126.8123,20시,694.0
0,20180801.0,수,오정로(부천시계),B-26,유입,오쇠삼거리->외발산사거리,7719.0,37.54318,126.8123,8시,761.0
0,20180801.0,수,오정로(부천시계),B-26,유입,오쇠삼거리->외발산사거리,7719.0,37.54318,126.8123,9시,659.0
0,20180801.0,수,오정로(부천시계),B-26,유입,오쇠삼거리->외발산사거리,7719.0,37.54318,126.8123,10시,649.0
0,20180801.0,수,오정로(부천시계),B-26,유입,오쇠삼거리->외발산사거리,7719.0,37.54318,126.8123,11시,643.0
0,20180801.0,수,오정로(부천시계),B-26,유입,오쇠삼거리->외발산사거리,7719.0,37.54318,126.8123,12시,548.0
0,20180801.0,수,오정로(부천시계),B-26,유입,오쇠삼거리->외발산사거리,7719.0,37.54318,126.8123,13시,550.0
0,20180801.0,수,오정로(부천시계),B-26,유입,오쇠삼거리->외발산사거리,7719.0,37.54318,126.8123,14시,536.0
0,20180801.0,수,오정로(부천시계),B-26,유입,오쇠삼거리->외발산사거리,7719.0,37.54318,126.8123,15시,545.0
0,20180801.0,수,오정로(부천시계),B-26,유입,오쇠삼거리->외발산사거리,7719.0,37.54318,126.8123,16시,577.0
0,20180801.0,수,오정로(부천시계),B-26,유입,오쇠삼거리->외발산사거리,7719.0,37.54318,126.8123,17시,742.0
0,20180801.0,수,오정로(부천시계),B-26,유입,오쇠삼거리->외발산사거리,7719.0,37.54318,126.8123,18시,609.0
0,20180801.0,수,오정로(부천시계),B-26,유입,오쇠삼거리->외발산사거리,7719.0,37.54318,126.8123,19시,536.0
0,20180801.0,수,오정로(부천시계),B-26,유입,오쇠삼거리->외발산사거리,7719.0,37.54318,126.8123,20시,364.0
0,20180802.0,목,오정로(부천시계),B-26,유입,오쇠삼거리->외발산사거리,7311.0,37.54318,126.8123,8시,747.0
0,20180802.0,목,오정로(부천시계),B-26,유입,오쇠삼거리->외발산사거리,7311.0,37.54318,126.8123,9시,640.0
0,20180802.0,목,오정로(부천시계),B-26,유입,오쇠삼거리->외발산사거리,7311.0,37.54318,126.8123,10시,555.0
0,20180802.0,목,오정로(부천시계),B-26,유입,오쇠삼거리->외발산사거리,7311.0,37.54318,126.8123,11시,655.0
0,20180802.0,목,오정로(부천시계),B-26,유입,오쇠삼거리->외발산사거리,7311.0,37.54318,126.8123,12시,546.0
0,20180802.0,목,오정로(부천시계),B-26,유입,오쇠삼거리->외발산사거리,7311.0,37.54318,126.8123,13시,535.0
0,20180802.0,목,오정로(부천시계),B-26,유입,오쇠삼거리->외발산사거리,7311.0,37.54318,126.8123,14시,519.0
0,20180802.0,목,오정로(부천시계),B-26,유입,오쇠삼거리->외발산사거리,7311.0,37.54318,126.8123,15시,515.0
0,20180802.0,목,오정로(부천시계),B-26,유입,오쇠삼거리->외발산사거리,7311.0,37.54318,126.8123,16시,538.0
0,20180802.0,목,오정로(부천시계),B-26,유입,오쇠삼거리->외발산사거리,7311.0,37.54318,126.8123,17시,665.0
0,20180802.0,목,오정로(부천시계),B-26,유입,오쇠삼거리->외발산사거리,7311.0,37.54318,126.8123,18시,537.0
0,20180802.0,목,오정로(부천시계),B-26,유입,오쇠삼거리->외발산사거리,7311.0,37.54318,126.8123,19시,478.0
0,20180802.0,목,오정로(부천시계),B-26,유입,오쇠삼거리->외발산사거리,7311.0,37.54318,126.8123,20시,381.0
0,20180803.0,금,오정로(부천시계),B-26,유입,오쇠삼거리->외발산사거리,7251.0,37.54318,126.8123,8시,731.0
0,20180803.0,금,오정로(부천시계),B-26,유입,오쇠삼거리->외발산사거리,7251.0,37.54318,126.8123,9시,618.0
0,20180803.0,금,오정로(부천시계),B-26,유입,오쇠삼거리->외발산사거리,7251.0,37.54318,126.8123,10시,565.0
0,20180803.0,금,오정로(부천시계),B-26,유입,오쇠삼거리->외발산사거리,7251.0,37.54318,126.8123,11시,576.0
0,20180803.0,금,오정로(부천시계),B-26,유입,오쇠삼거리->외발산사거리,7251.0,37.54318,126.8123,12시,567.0
0,20180803.0,금,오정로(부천시계),B-26,유입,오쇠삼거리->외발산사거리,7251.0,37.54318,126.8123,13시,550.0
0,20180803.0,금,오정로(부천시계),B-26,유입,오쇠삼거리->외발산사거리,7251.0,37.54318,126.8123,14시,538.0
0,20180803.0,금,오정로(부천시계),B-26,유입,오쇠삼거리->외발산사거리,7251.0,37.54318,126.8123,15시,531.0
0,20180803.0,금,오정로(부천시계),B-26,유입,오쇠삼거리->외발산사거리,7251.0,37.54318,126.8123,16시,560.0
0,20180803.0,금,오정로(부천시계),B-26,유입,오쇠삼거리->외발산사거리,7251.0,37.54318,126.8123,17시,675.0
0,20180803.0,금,오정로(부천시계),B-26,유입,오쇠삼거리->외발산사거리,7251.0,37.54318,126.8123,18시,563.0
0,20180803.0,금,오정로(부천시계),B-26,유입,오쇠삼거리->외발산사거리,7251.0,37.54318,126.8123,19시,421.0
0,20180803.0,금,오정로(부천시계),B-26,유입,오쇠삼거리->외발산사거리,7251.0,37.54318,126.8123,20시,356.0
0,20180805.0,일,오정로(부천시계),B-26,유입,오쇠삼거리->외발산사거리,5575.0,37.54318,126.8123,8시,341.0
0,20180805.0,일,오정로(부천시계),B-26,유입,오쇠삼거리->외발산사거리,5575.0,37.54318,126.8123,9시,419.0
0,20180805.0,일,오정로(부천시계),B-26,유입,오쇠삼거리->외발산사거리,5575.0,37.54318,126.8123,10시,445.0
0,20180805.0,일,오정로(부천시계),B-26,유입,오쇠삼거리->외발산사거리,5575.0,37.54318,126.8123,11시,485.0
0,20180805.0,일,오정로(부천시계),B-26,유입,오쇠삼거리->외발산사거리,5575.0,37.54318,126.8123,12시,490.0
0,20180805.0,일,오정로(부천시계),B-26,유입,오쇠삼거리->외발산사거리,5575.0,37.54318,126.8123,13시,457.0
0,20180805.0,일,오정로(부천시계),B-26,유입,오쇠삼거리->외발산사거리,5575.0,37.54318,126.8123,14시,455.0
0,20180805.0,일,오정로(부천시계),B-26,유입,오쇠삼거리->외발산사거리,5575.0,37.54318,126.8123,15시,466.0
0,20180805.0,일,오정로(부천시계),B-26,유입,오쇠삼거리->외발산사거리,5575.0,37.54318,126.8123,16시,433.0
0,20180805.0,일,오정로(부천시계),B-26,유입,오쇠삼거리->외발산사거리,5575.0,37.54318,126.8123,17시,455.0
0,20180805.0,일,오정로(부천시계),B-26,유입,오쇠삼거리->외발산사거리,5575.0,37.54318,126.8123,18시,426.0
0,20180805.0,일,오정로(부천시계),B-26,유입,오쇠삼거리->외발산사거리,5575.0,37.54318,126.8123,19시,367.0
0,20180805.0,일,오정로(부천시계),B-26,유입,오쇠삼거리->외발산사거리,5575.0,37.54318,126.8123,20시,336.0
0,20180806.0,월,오정로(부천시계),B-26,유입,오쇠삼거리->외발산사거리,7301.0,37.54318,126.8123,8시,731.0
0,20180806.0,월,오정로(부천시계),B-26,유입,오쇠삼거리->외발산사거리,7301.0,37.54318,126.8123,9시,672.0
0,20180806.0,월,오정로(부천시계),B-26,유입,오쇠삼거리->외발산사거리,7301.0,37.54318,126.8123,10시,596.0
0,20180806.0,월,오정로(부천시계),B-26,유입,오쇠삼거리->외발산사거리,7301.0,37.54318,126.8123,11시,608.0
0,20180806.0,월,오정로(부천시계),B-26,유입,오쇠삼거리->외발산사거리,7301.0,37.54318,126.8123,12시,513.0
0,20180806.0,월,오정로(부천시계),B-26,유입,오쇠삼거리->외발산사거리,7301.0,37.54318,126.8123,13시,491.0
0,20180806.0,월,오정로(부천시계),B-26,유입,오쇠삼거리->외발산사거리,7301.0,37.54318,126.8123,14시,487.0
0,20180806.0,월,오정로(부천시계),B-26,유입,오쇠삼거리->외발산사거리,7301.0,37.54318,126.8123,15시,525.0
0,20180806.0,월,오정로(부천시계),B-26,유입,오쇠삼거리->외발산사거리,7301.0,37.54318,126.8123,16시,569.0
0,20180806.0,월,오정로(부천시계),B-26,유입,오쇠삼거리->외발산사거리,7301.0,37.54318,126.8123,17시,661.0
0,20180806.0,월,오정로(부천시계),B-26,유입,오쇠삼거리->외발산사거리,7301.0,37.54318,126.8123,18시,614.0
0,20180806.0,월,오정로(부천시계),B-26,유입,오쇠삼거리->외발산사거리,7301.0,37.54318,126.8123,19시,458.0
0,20180806.0,월,오정로(부천시계),B-26,유입,오쇠삼거리->외발산사거리,7301.0,37.54318,126.8123,20시,376.0
0,20180807.0,화,오정로(부천시계),B-26,유입,오쇠삼거리->외발산사거리,7474.0,37.54318,126.8123,8시,783.0
0,20180807.0,화,오정로(부천시계),B-26,유입,오쇠삼거리->외발산사거리,7474.0,37.54318,126.8123,9시,681.0
0,20180807.0,화,오정로(부천시계),B-26,유입,오쇠삼거리->외발산사거리,7474.0,37.54318,126.8123,10시,615.0
0,20180807.0,화,오정로(부천시계),B-26,유입,오쇠삼거리->외발산사거리,7474.0,37.54318,126.8123,11시,591.0
0,20180807.0,화,오정로(부천시계),B-26,유입,오쇠삼거리->외발산사거리,7474.0,37.54318,126.8123,12시,525.0
0,20180807.0,화,오정로(부천시계),B-26,유입,오쇠삼거리->외발산사거리,7474.0,37.54318,126.8123,13시,539.0
0,20180807.0,화,오정로(부천시계),B-26,유입,오쇠삼거리->외발산사거리,7474.0,37.54318,126.8123,14시,515.0
0,20180807.0,화,오정로(부천시계),B-26,유입,오쇠삼거리->외발산사거리,7474.0,37.54318,126.8123,15시,533.0
0,20180807.0,화,오정로(부천시계),B-26,유입,오쇠삼거리->외발산사거리,7474.0,37.54318,126.8123,16시,584.0
0,20180807.0,화,오정로(부천시계),B-26,유입,오쇠삼거리->외발산사거리,7474.0,37.54318,126.8123,17시,716.0
0,20180807.0,화,오정로(부천시계),B-26,유입,오쇠삼거리->외발산사거리,7474.0,37.54318,126.8123,18시,573.0
0,20180807.0,화,오정로(부천시계),B-26,유입,오쇠삼거리->외발산사거리,7474.0,37.54318,126.8123,19시,442.0
0,20180807.0,화,오정로(부천시계),B-26,유입,오쇠삼거리->외발산사거리,7474.0,37.54318,126.8123,20시,377.0
0,20180808.0,수,오정로(부천시계),B-26,유입,오쇠삼거리->외발산사거리,7494.0,37.54318,126.8123,8시,740.0
0,20180808.0,수,오정로(부천시계),B-26,유입,오쇠삼거리->외발산사거리,7494.0,37.54318,126.8123,9시,676.0
0,20180808.0,수,오정로(부천시계),B-26,유입,오쇠삼거리->외발산사거리,7494.0,37.54318,126.8123,10시,588.0
0,20180808.0,수,오정로(부천시계),B-26,유입,오쇠삼거리->외발산사거리,7494.0,37.54318,126.8123,11시,589.0
0,20180808.0,수,오정로(부천시계),B-26,유입,오쇠삼거리->외발산사거리,7494.0,37.54318,126.8123,12시,533.0
0,20180808.0,수,오정로(부천시계),B-26,유입,오쇠삼거리->외발산사거리,7494.0,37.54318,126.8123,13시,499.0
0,20180808.0,수,오정로(부천시계),B-26,유입,오쇠삼거리->외발산사거리,7494.0,37.54318,126.8123,14시,565.0
0,20180808.0,수,오정로(부천시계),B-26,유입,오쇠삼거리->외발산사거리,7494.0,37.54318,126.8123,15시,527.0
0,20180808.0,수,오정로(부천시계),B-26,유입,오쇠삼거리->외발산사거리,7494.0,37.54318,126.8123,16시,576.0
0,20180808.0,수,오정로(부천시계),B-26,유입,오쇠삼거리->외발산사거리,7494.0,37.54318,126.8123,17시,656.0
0,20180808.0,수,오정로(부천시계),B-26,유입,오쇠삼거리->외발산사거리,7494.0,37.54318,126.8123,18시,630.0
0,20180808.0,수,오정로(부천시계),B-26,유입,오쇠삼거리->외발산사거리,7494.0,37.54318,126.8123,19시,522.0
0,20180808.0,수,오정로(부천시계),B-26,유입,오쇠삼거리->외발산사거리,7494.0,37.54318,126.8123,20시,393.0
0,20180809.0,목,오정로(부천시계),B-26,유입,오쇠삼거리->외발산사거리,7562.0,37.54318,126.8123,8시,803.0
0,20180809.0,목,오정로(부천시계),B-26,유입,오쇠삼거리->외발산사거리,7562.0,37.54318,126.8123,9시,668.0
0,20180809.0,목,오정로(부천시계),B-26,유입,오쇠삼거리->외발산사거리,7562.0,37.54318,126.8123,10시,612.0
0,20180809.0,목,오정로(부천시계),B-26,유입,오쇠삼거리->외발산사거리,7562.0,37.54318,126.8123,11시,620.0
0,20180809.0,목,오정로(부천시계),B-26,유입,오쇠삼거리->외발산사거리,7562.0,37.54318,126.8123,12시,558.0
0,20180809.0,목,오정로(부천시계),B-26,유입,오쇠삼거리->외발산사거리,7562.0,37.54318,126.8123,13시,505.0
0,20180809.0,목,오정로(부천시계),B-26,유입,오쇠삼거리->외발산사거리,7562.0,37.54318,126.8123,14시,551.0
0,20180809.0,목,오정로(부천시계),B-26,유입,오쇠삼거리->외발산사거리,7562.0,37.54318,126.8123,15시,560.0
0,20180809.0,목,오정로(부천시계),B-26,유입,오쇠삼거리->외발산사거리,7562.0,37.54318,126.8123,16시,573.0
0,20180809.0,목,오정로(부천시계),B-26,유입,오쇠삼거리->외발산사거리,7562.0,37.54318,126.8123,17시,684.0
0,20180809.0,목,오정로(부천시계),B-26,유입,오쇠삼거리->외발산사거리,7562.0,37.54318,126.8123,18시,558.0
0,20180809.0,목,오정로(부천시계),B-26,유입,오쇠삼거리->외발산사거리,7562.0,37.54318,126.8123,19시,482.0
0,20180809.0,목,오정로(부천시계),B-26,유입,오쇠삼거리->외발산사거리,7562.0,37.54318,126.8123,20시,388.0
0,20180810.0,금,오정로(부천시계),B-26,유입,오쇠삼거리->외발산사거리,7919.0,37.54318,126.8123,8시,805.0
0,20180810.0,금,오정로(부천시계),B-26,유입,오쇠삼거리->외발산사거리,7919.0,37.54318,126.8123,9시,701.0
0,20180810.0,금,오정로(부천시계),B-26,유입,오쇠삼거리->외발산사거리,7919.0,37.54318,126.8123,10시,586.0
0,20180810.0,금,오정로(부천시계),B-26,유입,오쇠삼거리->외발산사거리,7919.0,37.54318,126.8123,11시,641.0
0,20180810.0,금,오정로(부천시계),B-26,유입,오쇠삼거리->외발산사거리,7919.0,37.54318,126.8123,12시,618.0
0,20180810.0,금,오정로(부천시계),B-26,유입,오쇠삼거리->외발산사거리,7919.0,37.54318,126.8123,13시,571.0
0,20180810.0,금,오정로(부천시계),B-26,유입,오쇠삼거리->외발산사거리,7919.0,37.54318,126.8123,14시,606.0
0,20180810.0,금,오정로(부천시계),B-26,유입,오쇠삼거리->외발산사거리,7919.0,37.54318,126.8123,15시,585.0
0,20180810.0,금,오정로(부천시계),B-26,유입,오쇠삼거리->외발산사거리,7919.0,37.54318,126.8123,16시,631.0
0,20180810.0,금,오정로(부천시계),B-26,유입,오쇠삼거리->외발산사거리,7919.0,37.54318,126.8123,17시,706.0
0,20180810.0,금,오정로(부천시계),B-26,유입,오쇠삼거리->외발산사거리,7919.0,37.54318,126.8123,18시,578.0
0,20180810.0,금,오정로(부천시계),B-26,유입,오쇠삼거리->외발산사거리,7919.0,37.54318,126.8123,19시,500.0
0,20180810.0,금,오정로(부천시계),B-26,유입,오쇠삼거리->외발산사거리,7919.0,37.54318,126.8123,20시,391.0
0,20180811.0,토,오정로(부천시계),B-26,유입,오쇠삼거리->외발산사거리,6895.0,37.54318,126.8123,8시,546.0
0,20180811.0,토,오정로(부천시계),B-26,유입,오쇠삼거리->외발산사거리,6895.0,37.54318,126.8123,9시,573.0
0,20180811.0,토,오정로(부천시계),B-26,유입,오쇠삼거리->외발산사거리,6895.0,37.54318,126.8123,10시,592.0
0,20180811.0,토,오정로(부천시계),B-26,유입,오쇠삼거리->외발산사거리,6895.0,37.54318,126.8123,11시,636.0
0,20180811.0,토,오정로(부천시계),B-26,유입,오쇠삼거리->외발산사거리,6895.0,37.54318,126.8123,12시,653.0
0,20180811.0,토,오정로(부천시계),B-26,유입,오쇠삼거리->외발산사거리,6895.0,37.54318,126.8123,13시,598.0
0,20180811.0,토,오정로(부천시계),B-26,유입,오쇠삼거리->외발산사거리,6895.0,37.54318,126.8123,14시,593.0
0,20180811.0,토,오정로(부천시계),B-26,유입,오쇠삼거리->외발산사거리,6895.0,37.54318,126.8123,15시,509.0
0,20180811.0,토,오정로(부천시계),B-26,유입,오쇠삼거리->외발산사거리,6895.0,37.54318,126.8123,16시,556.0
0,20180811.0,토,오정로(부천시계),B-26,유입,오쇠삼거리->외발산사거리,6895.0,37.54318,126.8123,17시,527.0
0,20180811.0,토,오정로(부천시계),B-26,유입,오쇠삼거리->외발산사거리,6895.0,37.54318,126.8123,18시,436.0
0,20180811.0,토,오정로(부천시계),B-26,유입,오쇠삼거리->외발산사거리,6895.0,37.54318,126.8123,19시,367.0
0,20180811.0,토,오정로(부천시계),B-26,유입,오쇠삼거리->외발산사거리,6895.0,37.54318,126.8123,20시,309.0
0,20180812.0,일,오정로(부천시계),B-26,유입,오쇠삼거리->외발산사거리,5700.0,37.54318,126.8123,8시,347.0
0,20180812.0,일,오정로(부천시계),B-26,유입,오쇠삼거리->외발산사거리,5700.0,37.54318,126.8123,9시,427.0
0,20180812.0,일,오정로(부천시계),B-26,유입,오쇠삼거리->외발산사거리,5700.0,37.54318,126.8123,10시,468.0
0,20180812.0,일,오정로(부천시계),B-26,유입,오쇠삼거리->외발산사거리,5700.0,37.54318,126.8123,11시,495.0
0,20180812.0,일,오정로(부천시계),B-26,유입,오쇠삼거리->외발산사거리,5700.0,37.54318,126.8123,12시,495.0
0,20180812.0,일,오정로(부천시계),B-26,유입,오쇠삼거리->외발산사거리,5700.0,37.54318,126.8123,13시,495.0
0,20180812.0,일,오정로(부천시계),B-26,유입,오쇠삼거리->외발산사거리,5700.0,37.54318,126.8123,14시,463.0
0,20180812.0,일,오정로(부천시계),B-26,유입,오쇠삼거리->외발산사거리,5700.0,37.54318,126.8123,15시,479.0
0,20180812.0,일,오정로(부천시계),B-26,유입,오쇠삼거리->외발산사거리,5700.0,37.54318,126.8123,16시,495.0
0,20180812.0,일,오정로(부천시계),B-26,유입,오쇠삼거리->외발산사거리,5700.0,37.54318,126.8123,17시,465.0
0,20180812.0,일,오정로(부천시계),B-26,유입,오쇠삼거리->외발산사거리,5700.0,37.54318,126.8123,18시,406.0
0,20180812.0,일,오정로(부천시계),B-26,유입,오쇠삼거리->외발산사거리,5700.0,37.54318,126.8123,19시,386.0
0,20180812.0,일,오정로(부천시계),B-26,유입,오쇠삼거리->외발산사거리,5700.0,37.54318,126.8123,20시,279.0
0,20180813.0,월,오정로(부천시계),B-26,유입,오쇠삼거리->외발산사거리,7347.0,37.54318,126.8123,8시,816.0
0,20180813.0,월,오정로(부천시계),B-26,유입,오쇠삼거리->외발산사거리,7347.0,37.54318,126.8123,9시,680.0
0,20180813.0,월,오정로(부천시계),B-26,유입,오쇠삼거리->외발산사거리,7347.0,37.54318,126.8123,10시,628.0
0,20180813.0,월,오정로(부천시계),B-26,유입,오쇠삼거리->외발산사거리,7347.0,37.54318,126.8123,11시,577.0
0,20180813.0,월,오정로(부천시계),B-26,유입,오쇠삼거리->외발산사거리,7347.0,37.54318,126.8123,12시,528.0
0,20180813.0,월,오정로(부천시계),B-26,유입,오쇠삼거리->외발산사거리,7347.0,37.54318,126.8123,13시,525.0
0,20180813.0,월,오정로(부천시계),B-26,유입,오쇠삼거리->외발산사거리,7347.0,37.54318,126.8123,14시,512.0
0,20180813.0,월,오정로(부천시계),B-26,유입,오쇠삼거리->외발산사거리,7347.0,37.54318,126.8123,15시,506.0
0,20180813.0,월,오정로(부천시계),B-26,유입,오쇠삼거리->외발산사거리,7347.0,37.54318,126.8123,16시,544.0
0,20180813.0,월,오정로(부천시계),B-26,유입,오쇠삼거리->외발산사거리,7347.0,37.54318,126.8123,17시,655.0
0,20180813.0,월,오정로(부천시계),B-26,유입,오쇠삼거리->외발산사거리,7347.0,37.54318,126.8123,18시,604.0
0,20180813.0,월,오정로(부천시계),B-26,유입,오쇠삼거리->외발산사거리,7347.0,37.54318,126.8123,19시,421.0
0,20180813.0,월,오정로(부천시계),B-26,유입,오쇠삼거리->외발산사거리,7347.0,37.54318,126.8123,20시,351.0
0,20180814.0,화,오정로(부천시계),B-26,유입,오쇠삼거리->외발산사거리,7601.0,37.54318,126.8123,8시,716.0
0,20180814.0,화,오정로(부천시계),B-26,유입,오쇠삼거리->외발산사거리,7601.0,37.54318,126.8123,9시,708.0
0,20180814.0,화,오정로(부천시계),B-26,유입,오쇠삼거리->외발산사거리,7601.0,37.54318,126.8123,10시,618.0
0,20180814.0,화,오정로(부천시계),B-26,유입,오쇠삼거리->외발산사거리,7601.0,37.54318,126.8123,11시,568.0
0,20180814.0,화,오정로(부천시계),B-26,유입,오쇠삼거리->외발산사거리,7601.0,37.54318,126.8123,12시,549.0
0,20180814.0,화,오정로(부천시계),B-26,유입,오쇠삼거리->외발산사거리,7601.0,37.54318,126.8123,13시,520.0
0,20180814.0,화,오정로(부천시계),B-26,유입,오쇠삼거리->외발산사거리,7601.0,37.54318,126.8123,14시,560.0
0,20180814.0,화,오정로(부천시계),B-26,유입,오쇠삼거리->외발산사거리,7601.0,37.54318,126.8123,15시,554.0
0,20180814.0,화,오정로(부천시계),B-26,유입,오쇠삼거리->외발산사거리,7601.0,37.54318,126.8123,16시,604.0
0,20180814.0,화,오정로(부천시계),B-26,유입,오쇠삼거리->외발산사거리,7601.0,37.54318,126.8123,17시,688.0
0,20180814.0,화,오정로(부천시계),B-26,유입,오쇠삼거리->외발산사거리,7601.0,37.54318,126.8123,18시,592.0
0,20180814.0,화,오정로(부천시계),B-26,유입,오쇠삼거리->외발산사거리,7601.0,37.54318,126.8123,19시,513.0
0,20180814.0,화,오정로(부천시계),B-26,유입,오쇠삼거리->외발산사거리,7601.0,37.54318,126.8123,20시,411.0
0,20180815.0,수,오정로(부천시계),B-26,유입,오쇠삼거리->외발산사거리,6240.0,37.54318,126.8123,8시,382.0
0,20180815.0,수,오정로(부천시계),B-26,유입,오쇠삼거리->외발산사거리,6240.0,37.54318,126.8123,9시,536.0
0,20180815.0,수,오정로(부천시계),B-26,유입,오쇠삼거리->외발산사거리,6240.0,37.54318,126.8123,10시,501.0
0,20180815.0,수,오정로(부천시계),B-26,유입,오쇠삼거리->외발산사거리,6240.0,37.54318,126.8123,11시,618.0
0,20180815.0,수,오정로(부천시계),B-26,유입,오쇠삼거리->외발산사거리,6240.0,37.54318,126.8123,12시,575.0
0,20180815.0,수,오정로(부천시계),B-26,유입,오쇠삼거리->외발산사거리,6240.0,37.54318,126.8123,13시,508.0
0,20180815.0,수,오정로(부천시계),B-26,유입,오쇠삼거리->외발산사거리,6240.0,37.54318,126.8123,14시,504.0
0,20180815.0,수,오정로(부천시계),B-26,유입,오쇠삼거리->외발산사거리,6240.0,37.54318,126.8123,15시,473.0
0,20180815.0,수,오정로(부천시계),B-26,유입,오쇠삼거리->외발산사거리,6240.0,37.54318,126.8123,16시,494.0
0,20180815.0,수,오정로(부천시계),B-26,유입,오쇠삼거리->외발산사거리,6240.0,37.54318,126.8123,17시,514.0
0,20180815.0,수,오정로(부천시계),B-26,유입,오쇠삼거리->외발산사거리,6240.0,37.54318,126.8123,18시,445.0
0,20180815.0,수,오정로(부천시계),B-26,유입,오쇠삼거리->외발산사거리,6240.0,37.54318,126.8123,19시,391.0
0,20180815.0,수,오정로(부천시계),B-26,유입,오쇠삼거리->외발산사거리,6240.0,37.54318,126.8123,20시,299.0
0,20180816.0,목,오정로(부천시계),B-26,유입,오쇠삼거리->외발산사거리,7603.0,37.54318,126.8123,8시,789.0
0,20180816.0,목,오정로(부천시계),B-26,유입,오쇠삼거리->외발산사거리,7603.0,37.54318,126.8123,9시,695.0
0,20180816.0,목,오정로(부천시계),B-26,유입,오쇠삼거리->외발산사거리,7603.0,37.54318,126.8123,10시,575.0
0,20180816.0,목,오정로(부천시계),B-26,유입,오쇠삼거리->외발산사거리,7603.0,37.54318,126.8123,11시,586.0
0,20180816.0,목,오정로(부천시계),B-26,유입,오쇠삼거리->외발산사거리,7603.0,37.54318,126.8123,12시,582.0
0,20180816.0,목,오정로(부천시계),B-26,유입,오쇠삼거리->외발산사거리,7603.0,37.54318,126.8123,13시,513.0
0,20180816.0,목,오정로(부천시계),B-26,유입,오쇠삼거리->외발산사거리,7603.0,37.54318,126.8123,14시,524.0
0,20180816.0,목,오정로(부천시계),B-26,유입,오쇠삼거리->외발산사거리,7603.0,37.54318,126.8123,15시,546.0
0,20180816.0,목,오정로(부천시계),B-26,유입,오쇠삼거리->외발산사거리,7603.0,37.54318,126.8123,16시,580.0
0,20180816.0,목,오정로(부천시계),B-26,유입,오쇠삼거리->외발산사거리,7603.0,37.54318,126.8123,17시,628.0
0,20180816.0,목,오정로(부천시계),B-26,유입,오쇠삼거리->외발산사거리,7603.0,37.54318,126.8123,18시,635.0
0,20180816.0,목,오정로(부천시계),B-26,유입,오쇠삼거리->외발산사거리,7603.0,37.54318,126.8123,19시,552.0
0,20180816.0,목,오정로(부천시계),B-26,유입,오쇠삼거리->외발산사거리,7603.0,37.54318,126.8123,20시,398.0
0,20180817.0,금,오정로(부천시계),B-26,유입,오쇠삼거리->외발산사거리,7866.0,37.54318,126.8123,8시,837.0
0,20180817.0,금,오정로(부천시계),B-26,유입,오쇠삼거리->외발산사거리,7866.0,37.54318,126.8123,9시,714.0
0,20180817.0,금,오정로(부천시계),B-26,유입,오쇠삼거리->외발산사거리,7866.0,37.54318,126.8123,10시,606.0
0,20180817.0,금,오정로(부천시계),B-26,유입,오쇠삼거리->외발산사거리,7866.0,37.54318,126.8123,11시,630.0
0,20180817.0,금,오정로(부천시계),B-26,유입,오쇠삼거리->외발산사거리,7866.0,37.54318,126.8123,12시,565.0
0,20180817.0,금,오정로(부천시계),B-26,유입,오쇠삼거리->외발산사거리,7866.0,37.54318,126.8123,13시,512.0
0,20180817.0,금,오정로(부천시계),B-26,유입,오쇠삼거리->외발산사거리,7866.0,37.54318,126.8123,14시,569.0
0,20180817.0,금,오정로(부천시계),B-26,유입,오쇠삼거리->외발산사거리,7866.0,37.54318,126.8123,15시,593.0
0,20180817.0,금,오정로(부천시계),B-26,유입,오쇠삼거리->외발산사거리,7866.0,37.54318,126.8123,16시,595.0
0,20180817.0,금,오정로(부천시계),B-26,유입,오쇠삼거리->외발산사거리,7866.0,37.54318,126.8123,17시,721.0
0,20180817.0,금,오정로(부천시계),B-26,유입,오쇠삼거리->외발산사거리,7866.0,37.54318,126.8123,18시,586.0
0,20180817.0,금,오정로(부천시계),B-26,유입,오쇠삼거리->외발산사거리,7866.0,37.54318,126.8123,19시,529.0
0,20180817.0,금,오정로(부천시계),B-26,유입,오쇠삼거리->외발산사거리,7866.0,37.54318,126.8123,20시,409.0
0,20180818.0,토,오정로(부천시계),B-26,유입,오쇠삼거리->외발산사거리,7064.0,37.54318,126.8123,8시,543.0
0,20180818.0,토,오정로(부천시계),B-26,유입,오쇠삼거리->외발산사거리,7064.0,37.54318,126.8123,9시,578.0
0,20180818.0,토,오정로(부천시계),B-26,유입,오쇠삼거리->외발산사거리,7064.0,37.54318,126.8123,10시,622.0
0,20180818.0,토,오정로(부천시계),B-26,유입,오쇠삼거리->외발산사거리,7064.0,37.54318,126.8123,11시,644.0
0,20180818.0,토,오정로(부천시계),B-26,유입,오쇠삼거리->외발산사거리,7064.0,37.54318,126.8123,12시,597.0
0,20180818.0,토,오정로(부천시계),B-26,유입,오쇠삼거리->외발산사거리,7064.0,37.54318,126.8123,13시,598.0
0,20180818.0,토,오정로(부천시계),B-26,유입,오쇠삼거리->외발산사거리,7064.0,37.54318,126.8123,14시,583.0
0,20180818.0,토,오정로(부천시계),B-26,유입,오쇠삼거리->외발산사거리,7064.0,37.54318,126.8123,15시,521.0
0,20180818.0,토,오정로(부천시계),B-26,유입,오쇠삼거리->외발산사거리,7064.0,37.54318,126.8123,16시,521.0
0,20180818.0,토,오정로(부천시계),B-26,유입,오쇠삼거리->외발산사거리,7064.0,37.54318,126.8123,17시,627.0
0,20180818.0,토,오정로(부천시계),B-26,유입,오쇠삼거리->외발산사거리,7064.0,37.54318,126.8123,18시,457.0
0,20180818.0,토,오정로(부천시계),B-26,유입,오쇠삼거리->외발산사거리,7064.0,37.54318,126.8123,19시,427.0
0,20180818.0,토,오정로(부천시계),B-26,유입,오쇠삼거리->외발산사거리,7064.0,37.54318,126.8123,20시,346.0
0,20180819.0,일,오정로(부천시계),B-26,유입,오쇠삼거리->외발산사거리,5734.0,37.54318,126.8123,8시,326.0
0,20180819.0,일,오정로(부천시계),B-26,유입,오쇠삼거리->외발산사거리,5734.0,37.54318,126.8123,9시,421.0
0,20180819.0,일,오정로(부천시계),B-26,유입,오쇠삼거리->외발산사거리,5734.0,37.54318,126.8123,10시,454.0
0,20180819.0,일,오정로(부천시계),B-26,유입,오쇠삼거리->외발산사거리,5734.0,37.54318,126.8123,11시,450.0
0,20180819.0,일,오정로(부천시계),B-26,유입,오쇠삼거리->외발산사거리,5734.0,37.54318,126.8123,12시,488.0
0,20180819.0,일,오정로(부천시계),B-26,유입,오쇠삼거리->외발산사거리,5734.0,37.54318,126.8123,13시,518.0
0,20180819.0,일,오정로(부천시계),B-26,유입,오쇠삼거리->외발산사거리,5734.0,37.54318,126.8123,14시,487.0
0,20180819.0,일,오정로(부천시계),B-26,유입,오쇠삼거리->외발산사거리,5734.0,37.54318,126.8123,15시,488.0
0,20180819.0,일,오정로(부천시계),B-26,유입,오쇠삼거리->외발산사거리,5734.0,37.54318,126.8123,16시,474.0
0,20180819.0,일,오정로(부천시계),B-26,유입,오쇠삼거리->외발산사거리,5734.0,37.54318,126.8123,17시,482.0
0,20180819.0,일,오정로(부천시계),B-26,유입,오쇠삼거리->외발산사거리,5734.0,37.54318,126.8123,18시,441.0
0,20180819.0,일,오정로(부천시계),B-26,유입,오쇠삼거리->외발산사거리,5734.0,37.54318,126.8123,19시,408.0
0,20180819.0,일,오정로(부천시계),B-26,유입,오쇠삼거리->외발산사거리,5734.0,37.54318,126.8123,20시,297.0
0,20180820.0,월,오정로(부천시계),B-26,유입,오쇠삼거리->외발산사거리,7330.0,37.54318,126.8123,8시,813.0
0,20180820.0,월,오정로(부천시계),B-26,유입,오쇠삼거리->외발산사거리,7330.0,37.54318,126.8123,9시,697.0
0,20180820.0,월,오정로(부천시계),B-26,유입,오쇠삼거리->외발산사거리,7330.0,37.54318,126.8123,10시,590.0
0,20180820.0,월,오정로(부천시계),B-26,유입,오쇠삼거리->외발산사거리,7330.0,37.54318,126.8123,11시,587.0
0,20180820.0,월,오정로(부천시계),B-26,유입,오쇠삼거리->외발산사거리,7330.0,37.54318,126.8123,12시,525.0
0,20180820.0,월,오정로(부천시계),B-26,유입,오쇠삼거리->외발산사거리,7330.0,37.54318,126.8123,13시,483.0
0,20180820.0,월,오정로(부천시계),B-26,유입,오쇠삼거리->외발산사거리,7330.0,37.54318,126.8123,14시,460.0
0,20180820.0,월,오정로(부천시계),B-26,유입,오쇠삼거리->외발산사거리,7330.0,37.54318,126.8123,15시,486.0
0,20180820.0,월,오정로(부천시계),B-26,유입,오쇠삼거리->외발산사거리,7330.0,37.54318,126.8123,16시,563.0
0,20180820.0,월,오정로(부천시계),B-26,유입,오쇠삼거리->외발산사거리,7330.0,37.54318,126.8123,17시,648.0
0,20180820.0,월,오정로(부천시계),B-26,유입,오쇠삼거리->외발산사거리,7330.0,37.54318,126.8123,18시,571.0
0,20180820.0,월,오정로(부천시계),B-26,유입,오쇠삼거리->외발산사거리,7330.0,37.54318,126.8123,19시,542.0
0,20180820.0,월,오정로(부천시계),B-26,유입,오쇠삼거리->외발산사거리,7330.0,37.54318,126.8123,20시,365.0
0,20180821.0,화,오정로(부천시계),B-26,유입,오쇠삼거리->외발산사거리,7481.0,37.54318,126.8123,8시,817.0
0,20180821.0,화,오정로(부천시계),B-26,유입,오쇠삼거리->외발산사거리,7481.0,37.54318,126.8123,9시,735.0
0,20180821.0,화,오정로(부천시계),B-26,유입,오쇠삼거리->외발산사거리,7481.0,37.54318,126.8123,10시,613.0
0,20180821.0,화,오정로(부천시계),B-26,유입,오쇠삼거리->외발산사거리,7481.0,37.54318,126.8123,11시,582.0
0,20180821.0,화,오정로(부천시계),B-26,유입,오쇠삼거리->외발산사거리,7481.0,37.54318,126.8123,12시,526.0
0,20180821.0,화,오정로(부천시계),B-26,유입,오쇠삼거리->외발산사거리,7481.0,37.54318,126.8123,13시,459.0
0,20180821.0,화,오정로(부천시계),B-26,유입,오쇠삼거리->외발산사거리,7481.0,37.54318,126.8123,14시,518.0
0,20180821.0,화,오정로(부천시계),B-26,유입,오쇠삼거리->외발산사거리,7481.0,37.54318,126.8123,15시,554.0
0,20180821.0,화,오정로(부천시계),B-26,유입,오쇠삼거리->외발산사거리,7481.0,37.54318,126.8123,16시,564.0
0,20180821.0,화,오정로(부천시계),B-26,유입,오쇠삼거리->외발산사거리,7481.0,37.54318,126.8123,17시,647.0
0,20180821.0,화,오정로(부천시계),B-26,유입,오쇠삼거리->외발산사거리,7481.0,37.54318,126.8123,18시,583.0
0,20180821.0,화,오정로(부천시계),B-26,유입,오쇠삼거리->외발산사거리,7481.0,37.54318,126.8123,19시,480.0
0,20180821.0,화,오정로(부천시계),B-26,유입,오쇠삼거리->외발산사거리,7481.0,37.54318,126.8123,20시,403.0
0,20180822.0,수,오정로(부천시계),B-26,유입,오쇠삼거리->외발산사거리,7539.0,37.54318,126.8123,8시,804.0
0,20180822.0,수,오정로(부천시계),B-26,유입,오쇠삼거리->외발산사거리,7539.0,37.54318,126.8123,9시,681.0
0,20180822.0,수,오정로(부천시계),B-26,유입,오쇠삼거리->외발산사거리,7539.0,37.54318,126.8123,10시,607.0
0,20180822.0,수,오정로(부천시계),B-26,유입,오쇠삼거리->외발산사거리,7539.0,37.54318,126.8123,11시,608.0
0,20180822.0,수,오정로(부천시계),B-26,유입,오쇠삼거리->외발산사거리,7539.0,37.54318,126.8123,12시,529.0
0,20180822.0,수,오정로(부천시계),B-26,유입,오쇠삼거리->외발산사거리,7539.0,37.54318,126.8123,13시,495.0
0,20180822.0,수,오정로(부천시계),B-26,유입,오쇠삼거리->외발산사거리,7539.0,37.54318,126.8123,14시,491.0
0,20180822.0,수,오정로(부천시계),B-26,유입,오쇠삼거리->외발산사거리,7539.0,37.54318,126.8123,15시,547.0
0,20180822.0,수,오정로(부천시계),B-26,유입,오쇠삼거리->외발산사거리,7539.0,37.54318,126.8123,16시,549.0
0,20180822.0,수,오정로(부천시계),B-26,유입,오쇠삼거리->외발산사거리,7539.0,37.54318,126.8123,17시,666.0
0,20180822.0,수,오정로(부천시계),B-26,유입,오쇠삼거리->외발산사거리,7539.0,37.54318,126.8123,18시,615.0
0,20180822.0,수,오정로(부천시계),B-26,유입,오쇠삼거리->외발산사거리,7539.0,37.54318,126.8123,19시,526.0
0,20180822.0,수,오정로(부천시계),B-26,유입,오쇠삼거리->외발산사거리,7539.0,37.54318,126.8123,20시,421.0
0,20180823.0,목,오정로(부천시계),B-26,유입,오쇠삼거리->외발산사거리,6789.0,37.54318,126.8123,8시,739.0
0,20180823.0,목,오정로(부천시계),B-26,유입,오쇠삼거리->외발산사거리,6789.0,37.54318,126.8123,9시,684.0
0,20180823.0,목,오정로(부천시계),B-26,유입,오쇠삼거리->외발산사거리,6789.0,37.54318,126.8123,10시,539.0
0,20180823.0,목,오정로(부천시계),B-26,유입,오쇠삼거리->외발산사거리,6789.0,37.54318,126.8123,11시,515.0
0,20180823.0,목,오정로(부천시계),B-26,유입,오쇠삼거리->외발산사거리,6789.0,37.54318,126.8123,12시,482.0
0,20180823.0,목,오정로(부천시계),B-26,유입,오쇠삼거리->외발산사거리,6789.0,37.54318,126.8123,13시,445.0
0,20180823.0,목,오정로(부천시계),B-26,유입,오쇠삼거리->외발산사거리,6789.0,37.54318,126.8123,14시,450.0
0,20180823.0,목,오정로(부천시계),B-26,유입,오쇠삼거리->외발산사거리,6789.0,37.54318,126.8123,15시,481.0
0,20180823.0,목,오정로(부천시계),B-26,유입,오쇠삼거리->외발산사거리,6789.0,37.54318,126.8123,16시,493.0
0,20180823.0,목,오정로(부천시계),B-26,유입,오쇠삼거리->외발산사거리,6789.0,37.54318,126.8123,17시,650.0
0,20180823.0,목,오정로(부천시계),B-26,유입,오쇠삼거리->외발산사거리,6789.0,37.54318,126.8123,18시,565.0
0,20180823.0,목,오정로(부천시계),B-26,유입,오쇠삼거리->외발산사거리,6789.0,37.54318,126.8123,19시,434.0
0,20180823.0,목,오정로(부천시계),B-26,유입,오쇠삼거리->외발산사거리,6789.0,37.54318,126.8123,20시,312.0
0,20180824.0,금,오정로(부천시계),B-26,유입,오쇠삼거리->외발산사거리,7352.0,37.54318,126.8123,8시,770.0
0,20180824.0,금,오정로(부천시계),B-26,유입,오쇠삼거리->외발산사거리,7352.0,37.54318,126.8123,9시,645.0
0,20180824.0,금,오정로(부천시계),B-26,유입,오쇠삼거리->외발산사거리,7352.0,37.54318,126.8123,10시,539.0
0,20180824.0,금,오정로(부천시계),B-26,유입,오쇠삼거리->외발산사거리,7352.0,37.54318,126.8123,11시,556.0
0,20180824.0,금,오정로(부천시계),B-26,유입,오쇠삼거리->외발산사거리,7352.0,37.54318,126.8123,12시,561.0
0,20180824.0,금,오정로(부천시계),B-26,유입,오쇠삼거리->외발산사거리,7352.0,37.54318,126.8123,13시,543.0
0,20180824.0,금,오정로(부천시계),B-26,유입,오쇠삼거리->외발산사거리,7352.0,37.54318,126.8123,14시,545.0
0,20180824.0,금,오정로(부천시계),B-26,유입,오쇠삼거리->외발산사거리,7352.0,37.54318,126.8123,15시,551.0
0,20180824.0,금,오정로(부천시계),B-26,유입,오쇠삼거리->외발산사거리,7352.0,37.54318,126.8123,16시,568.0
0,20180824.0,금,오정로(부천시계),B-26,유입,오쇠삼거리->외발산사거리,7352.0,37.54318,126.8123,17시,687.0
0,20180824.0,금,오정로(부천시계),B-26,유입,오쇠삼거리->외발산사거리,7352.0,37.54318,126.8123,18시,556.0
0,20180824.0,금,오정로(부천시계),B-26,유입,오쇠삼거리->외발산사거리,7352.0,37.54318,126.8123,19시,486.0
0,20180824.0,금,오정로(부천시계),B-26,유입,오쇠삼거리->외발산사거리,7352.0,37.54318,126.8123,20시,345.0
0,20180825.0,토,오정로(부천시계),B-26,유입,오쇠삼거리->외발산사거리,7605.0,37.54318,126.8123,8시,526.0
0,20180825.0,토,오정로(부천시계),B-26,유입,오쇠삼거리->외발산사거리,7605.0,37.54318,126.8123,9시,639.0
0,20180825.0,토,오정로(부천시계),B-26,유입,오쇠삼거리->외발산사거리,7605.0,37.54318,126.8123,10시,601.0
0,20180825.0,토,오정로(부천시계),B-26,유입,오쇠삼거리->외발산사거리,7605.0,37.54318,126.8123,11시,681.0
0,20180825.0,토,오정로(부천시계),B-26,유입,오쇠삼거리->외발산사거리,7605.0,37.54318,126.8123,12시,679.0
0,20180825.0,토,오정로(부천시계),B-26,유입,오쇠삼거리->외발산사거리,7605.0,37.54318,126.8123,13시,716.0
0,20180825.0,토,오정로(부천시계),B-26,유입,오쇠삼거리->외발산사거리,7605.0,37.54318,126.8123,14시,652.0
0,20180825.0,토,오정로(부천시계),B-26,유입,오쇠삼거리->외발산사거리,7605.0,37.54318,126.8123,15시,656.0
0,20180825.0,토,오정로(부천시계),B-26,유입,오쇠삼거리->외발산사거리,7605.0,37.54318,126.8123,16시,571.0
0,20180825.0,토,오정로(부천시계),B-26,유입,오쇠삼거리->외발산사거리,7605.0,37.54318,126.8123,17시,620.0
0,20180825.0,토,오정로(부천시계),B-26,유입,오쇠삼거리->외발산사거리,7605.0,37.54318,126.8123,18시,485.0
0,20180825.0,토,오정로(부천시계),B-26,유입,오쇠삼거리->외발산사거리,7605.0,37.54318,126.8123,19시,414.0
0,20180825.0,토,오정로(부천시계),B-26,유입,오쇠삼거리->외발산사거리,7605.0,37.54318,126.8123,20시,365.0
0,20180826.0,일,오정로(부천시계),B-26,유입,오쇠삼거리->외발산사거리,5761.0,37.54318,126.8123,8시,338.0
0,20180826.0,일,오정로(부천시계),B-26,유입,오쇠삼거리->외발산사거리,5761.0,37.54318,126.8123,9시,456.0
0,20180826.0,일,오정로(부천시계),B-26,유입,오쇠삼거리->외발산사거리,5761.0,37.54318,126.8123,10시,438.0
0,20180826.0,일,오정로(부천시계),B-26,유입,오쇠삼거리->외발산사거리,5761.0,37.54318,126.8123,11시,479.0
0,20180826.0,일,오정로(부천시계),B-26,유입,오쇠삼거리->외발산사거리,5761.0,37.54318,126.8123,12시,488.0
0,20180826.0,일,오정로(부천시계),B-26,유입,오쇠삼거리->외발산사거리,5761.0,37.54318,126.8123,13시,542.0
0,20180826.0,일,오정로(부천시계),B-26,유입,오쇠삼거리->외발산사거리,5761.0,37.54318,126.8123,14시,504.0
0,20180826.0,일,오정로(부천시계),B-26,유입,오쇠삼거리->외발산사거리,5761.0,37.54318,126.8123,15시,459.0
0,20180826.0,일,오정로(부천시계),B-26,유입,오쇠삼거리->외발산사거리,5761.0,37.54318,126.8123,16시,462.0
0,20180826.0,일,오정로(부천시계),B-26,유입,오쇠삼거리->외발산사거리,5761.0,37.54318,126.8123,17시,485.0
0,20180826.0,일,오정로(부천시계),B-26,유입,오쇠삼거리->외발산사거리,5761.0,37.54318,126.8123,18시,441.0
0,20180826.0,일,오정로(부천시계),B-26,유입,오쇠삼거리->외발산사거리,5761.0,37.54318,126.8123,19시,361.0
0,20180826.0,일,오정로(부천시계),B-26,유입,오쇠삼거리->외발산사거리,5761.0,37.54318,126.8123,20시,308.0
0,20180827.0,월,오정로(부천시계),B-26,유입,오쇠삼거리->외발산사거리,7662.0,37.54318,126.8123,8시,845.0
0,20180827.0,월,오정로(부천시계),B-26,유입,오쇠삼거리->외발산사거리,7662.0,37.54318,126.8123,9시,716.0
0,20180827.0,월,오정로(부천시계),B-26,유입,오쇠삼거리->외발산사거리,7662.0,37.54318,126.8123,10시,611.0
0,20180827.0,월,오정로(부천시계),B-26,유입,오쇠삼거리->외발산사거리,7662.0,37.54318,126.8123,11시,661.0
0,20180827.0,월,오정로(부천시계),B-26,유입,오쇠삼거리->외발산사거리,7662.0,37.54318,126.8123,12시,530.0
0,20180827.0,월,오정로(부천시계),B-26,유입,오쇠삼거리->외발산사거리,7662.0,37.54318,126.8123,13시,500.0
0,20180827.0,월,오정로(부천시계),B-26,유입,오쇠삼거리->외발산사거리,7662.0,37.54318,126.8123,14시,552.0
0,20180827.0,월,오정로(부천시계),B-26,유입,오쇠삼거리->외발산사거리,7662.0,37.54318,126.8123,15시,559.0
0,20180827.0,월,오정로(부천시계),B-26,유입,오쇠삼거리->외발산사거리,7662.0,37.54318,126.8123,16시,597.0
0,20180827.0,월,오정로(부천시계),B-26,유입,오쇠삼거리->외발산사거리,7662.0,37.54318,126.8123,17시,674.0
0,20180827.0,월,오정로(부천시계),B-26,유입,오쇠삼거리->외발산사거리,7662.0,37.54318,126.8123,18시,589.0
0,20180827.0,월,오정로(부천시계),B-26,유입,오쇠삼거리->외발산사거리,7662.0,37.54318,126.8123,19시,475.0
0,20180827.0,월,오정로(부천시계),B-26,유입,오쇠삼거리->외발산사거리,7662.0,37.54318,126.8123,20시,353.0
0,20180828.0,화,오정로(부천시계),B-26,유입,오쇠삼거리->외발산사거리,7121.0,37.54318,126.8123,8시,852.0
0,20180828.0,화,오정로(부천시계),B-26,유입,오쇠삼거리->외발산사거리,7121.0,37.54318,126.8123,9시,707.0
0,20180828.0,화,오정로(부천시계),B-26,유입,오쇠삼거리->외발산사거리,7121.0,37.54318,126.8123,10시,583.0
0,20180828.0,화,오정로(부천시계),B-26,유입,오쇠삼거리->외발산사거리,7121.0,37.54318,126.8123,11시,562.0
0,20180828.0,화,오정로(부천시계),B-26,유입,오쇠삼거리->외발산사거리,7121.0,37.54318,126.8123,12시,523.0
0,20180828.0,화,오정로(부천시계),B-26,유입,오쇠삼거리->외발산사거리,7121.0,37.54318,126.8123,13시,499.0
0,20180828.0,화,오정로(부천시계),B-26,유입,오쇠삼거리->외발산사거리,7121.0,37.54318,126.8123,14시,516.0
0,20180828.0,화,오정로(부천시계),B-26,유입,오쇠삼거리->외발산사거리,7121.0,37.54318,126.8123,15시,512.0
0,20180828.0,화,오정로(부천시계),B-26,유입,오쇠삼거리->외발산사거리,7121.0,37.54318,126.8123,16시,516.0
0,20180828.0,화,오정로(부천시계),B-26,유입,오쇠삼거리->외발산사거리,7121.0,37.54318,126.8123,17시,653.0
0,20180828.0,화,오정로(부천시계),B-26,유입,오쇠삼거리->외발산사거리,7121.0,37.54318,126.8123,18시,556.0
0,20180828.0,화,오정로(부천시계),B-26,유입,오쇠삼거리->외발산사거리,7121.0,37.54318,126.8123,19시,364.0
0,20180828.0,화,오정로(부천시계),B-26,유입,오쇠삼거리->외발산사거리,7121.0,37.54318,126.8123,20시,278.0
0,20180831.0,금,오정로(부천시계),B-26,유입,오쇠삼거리->외발산사거리,7927.0,37.54318,126.8123,8시,851.0
0,20180831.0,금,오정로(부천시계),B-26,유입,오쇠삼거리->외발산사거리,7927.0,37.54318,126.8123,9시,689.0
0,20180831.0,금,오정로(부천시계),B-26,유입,오쇠삼거리->외발산사거리,7927.0,37.54318,126.8123,10시,618.0
0,20180831.0,금,오정로(부천시계),B-26,유입,오쇠삼거리->외발산사거리,7927.0,37.54318,126.8123,11시,631.0
0,20180831.0,금,오정로(부천시계),B-26,유입,오쇠삼거리->외발산사거리,7927.0,37.54318,126.8123,12시,536.0
0,20180831.0,금,오정로(부천시계),B-26,유입,오쇠삼거리->외발산사거리,7927.0,37.54318,126.8123,13시,558.0
0,20180831.0,금,오정로(부천시계),B-26,유입,오쇠삼거리->외발산사거리,7927.0,37.54318,126.8123,14시,565.0
0,20180831.0,금,오정로(부천시계),B-26,유입,오쇠삼거리->외발산사거리,7927.0,37.54318,126.8123,15시,575.0
0,20180831.0,금,오정로(부천시계),B-26,유입,오쇠삼거리->외발산사거리,7927.0,37.54318,126.8123,16시,599.0
0,20180831.0,금,오정로(부천시계),B-26,유입,오쇠삼거리->외발산사거리,7927.0,37.54318,126.8123,17시,712.0
0,20180831.0,금,오정로(부천시계),B-26,유입,오쇠삼거리->외발산사거리,7927.0,37.54318,126.8123,18시,608.0
0,20180831.0,금,오정로(부천시계),B-26,유입,오쇠삼거리->외발산사거리,7927.0,37.54318,126.8123,19시,553.0
0,20180831.0,금,오정로(부천시계),B-26,유입,오쇠삼거리->외발산사거리,7927.0,37.54318,126.8123,20시,432.0
0,20180801.0,수,오정로(부천시계),B-26,유출,외발산사거리->오쇠삼거리,10505.0,37.54318,126.8123,8시,824.0
0,20180801.0,수,오정로(부천시계),B-26,유출,외발산사거리->오쇠삼거리,10505.0,37.54318,126.8123,9시,681.0
0,20180801.0,수,오정로(부천시계),B-26,유출,외발산사거리->오쇠삼거리,10505.0,37.54318,126.8123,10시,640.0
0,20180801.0,수,오정로(부천시계),B-26,유출,외발산사거리->오쇠삼거리,10505.0,37.54318,126.8123,11시,711.0
0,20180801.0,수,오정로(부천시계),B-26,유출,외발산사거리->오쇠삼거리,10505.0,37.54318,126.8123,12시,653.0
0,20180801.0,수,오정로(부천시계),B-26,유출,외발산사거리->오쇠삼거리,10505.0,37.54318,126.8123,13시,652.0
0,20180801.0,수,오정로(부천시계),B-26,유출,외발산사거리->오쇠삼거리,10505.0,37.54318,126.8123,14시,737.0
0,20180801.0,수,오정로(부천시계),B-26,유출,외발산사거리->오쇠삼거리,10505.0,37.54318,126.8123,15시,754.0
0,20180801.0,수,오정로(부천시계),B-26,유출,외발산사거리->오쇠삼거리,10505.0,37.54318,126.8123,16시,880.0
0,20180801.0,수,오정로(부천시계),B-26,유출,외발산사거리->오쇠삼거리,10505.0,37.54318,126.8123,17시,1203.0
0,20180801.0,수,오정로(부천시계),B-26,유출,외발산사거리->오쇠삼거리,10505.0,37.54318,126.8123,18시,1228.0
0,20180801.0,수,오정로(부천시계),B-26,유출,외발산사거리->오쇠삼거리,10505.0,37.54318,126.8123,19시,929.0
0,20180801.0,수,오정로(부천시계),B-26,유출,외발산사거리->오쇠삼거리,10505.0,37.54318,126.8123,20시,613.0
0,20180802.0,목,오정로(부천시계),B-26,유출,외발산사거리->오쇠삼거리,9597.0,37.54318,126.8123,8시,780.0
0,20180802.0,목,오정로(부천시계),B-26,유출,외발산사거리->오쇠삼거리,9597.0,37.54318,126.8123,9시,654.0
0,20180802.0,목,오정로(부천시계),B-26,유출,외발산사거리->오쇠삼거리,9597.0,37.54318,126.8123,10시,558.0
0,20180802.0,목,오정로(부천시계),B-26,유출,외발산사거리->오쇠삼거리,9597.0,37.54318,126.8123,11시,648.0
0,20180802.0,목,오정로(부천시계),B-26,유출,외발산사거리->오쇠삼거리,9597.0,37.54318,126.8123,12시,644.0
0,20180802.0,목,오정로(부천시계),B-26,유출,외발산사거리->오쇠삼거리,9597.0,37.54318,126.8123,13시,274.0
0,20180802.0,목,오정로(부천시계),B-26,유출,외발산사거리->오쇠삼거리,9597.0,37.54318,126.8123,14시,704.0
0,20180802.0,목,오정로(부천시계),B-26,유출,외발산사거리->오쇠삼거리,9597.0,37.54318,126.8123,15시,730.0
0,20180802.0,목,오정로(부천시계),B-26,유출,외발산사거리->오쇠삼거리,9597.0,37.54318,126.8123,16시,874.0
0,20180802.0,목,오정로(부천시계),B-26,유출,외발산사거리->오쇠삼거리,9597.0,37.54318,126.8123,17시,1193.0
0,20180802.0,목,오정로(부천시계),B-26,유출,외발산사거리->오쇠삼거리,9597.0,37.54318,126.8123,18시,1139.0
0,20180802.0,목,오정로(부천시계),B-26,유출,외발산사거리->오쇠삼거리,9597.0,37.54318,126.8123,19시,848.0
0,20180802.0,목,오정로(부천시계),B-26,유출,외발산사거리->오쇠삼거리,9597.0,37.54318,126.8123,20시,551.0
0,20180803.0,금,오정로(부천시계),B-26,유출,외발산사거리->오쇠삼거리,10171.0,37.54318,126.8123,8시,742.0
0,20180803.0,금,오정로(부천시계),B-26,유출,외발산사거리->오쇠삼거리,10171.0,37.54318,126.8123,9시,605.0
0,20180803.0,금,오정로(부천시계),B-26,유출,외발산사거리->오쇠삼거리,10171.0,37.54318,126.8123,10시,579.0
0,20180803.0,금,오정로(부천시계),B-26,유출,외발산사거리->오쇠삼거리,10171.0,37.54318,126.8123,11시,599.0
0,20180803.0,금,오정로(부천시계),B-26,유출,외발산사거리->오쇠삼거리,10171.0,37.54318,126.8123,12시,702.0
0,20180803.0,금,오정로(부천시계),B-26,유출,외발산사거리->오쇠삼거리,10171.0,37.54318,126.8123,13시,698.0
0,20180803.0,금,오정로(부천시계),B-26,유출,외발산사거리->오쇠삼거리,10171.0,37.54318,126.8123,14시,725.0
0,20180803.0,금,오정로(부천시계),B-26,유출,외발산사거리->오쇠삼거리,10171.0,37.54318,126.8123,15시,816.0
0,20180803.0,금,오정로(부천시계),B-26,유출,외발산사거리->오쇠삼거리,10171.0,37.54318,126.8123,16시,953.0
0,20180803.0,금,오정로(부천시계),B-26,유출,외발산사거리->오쇠삼거리,10171.0,37.54318,126.8123,17시,1161.0
0,20180803.0,금,오정로(부천시계),B-26,유출,외발산사거리->오쇠삼거리,10171.0,37.54318,126.8123,18시,1133.0
0,20180803.0,금,오정로(부천시계),B-26,유출,외발산사거리->오쇠삼거리,10171.0,37.54318,126.8123,19시,870.0
0,20180803.0,금,오정로(부천시계),B-26,유출,외발산사거리->오쇠삼거리,10171.0,37.54318,126.8123,20시,588.0
0,20180805.0,일,오정로(부천시계),B-26,유출,외발산사거리->오쇠삼거리,7077.0,37.54318,126.8123,8시,300.0
0,20180805.0,일,오정로(부천시계),B-26,유출,외발산사거리->오쇠삼거리,7077.0,37.54318,126.8123,9시,445.0
0,20180805.0,일,오정로(부천시계),B-26,유출,외발산사거리->오쇠삼거리,7077.0,37.54318,126.8123,10시,451.0
0,20180805.0,일,오정로(부천시계),B-26,유출,외발산사거리->오쇠삼거리,7077.0,37.54318,126.8123,11시,487.0
0,20180805.0,일,오정로(부천시계),B-26,유출,외발산사거리->오쇠삼거리,7077.0,37.54318,126.8123,12시,496.0
0,20180805.0,일,오정로(부천시계),B-26,유출,외발산사거리->오쇠삼거리,7077.0,37.54318,126.8123,13시,536.0
0,20180805.0,일,오정로(부천시계),B-26,유출,외발산사거리->오쇠삼거리,7077.0,37.54318,126.8123,14시,613.0
0,20180805.0,일,오정로(부천시계),B-26,유출,외발산사거리->오쇠삼거리,7077.0,37.54318,126.8123,15시,658.0
0,20180805.0,일,오정로(부천시계),B-26,유출,외발산사거리->오쇠삼거리,7077.0,37.54318,126.8123,16시,689.0
0,20180805.0,일,오정로(부천시계),B-26,유출,외발산사거리->오쇠삼거리,7077.0,37.54318,126.8123,17시,742.0
0,20180805.0,일,오정로(부천시계),B-26,유출,외발산사거리->오쇠삼거리,7077.0,37.54318,126.8123,18시,653.0
0,20180805.0,일,오정로(부천시계),B-26,유출,외발산사거리->오쇠삼거리,7077.0,37.54318,126.8123,19시,542.0
0,20180805.0,일,오정로(부천시계),B-26,유출,외발산사거리->오쇠삼거리,7077.0,37.54318,126.8123,20시,465.0
0,20180806.0,월,오정로(부천시계),B-26,유출,외발산사거리->오쇠삼거리,10327.0,37.54318,126.8123,8시,886.0
0,20180806.0,월,오정로(부천시계),B-26,유출,외발산사거리->오쇠삼거리,10327.0,37.54318,126.8123,9시,662.0
0,20180806.0,월,오정로(부천시계),B-26,유출,외발산사거리->오쇠삼거리,10327.0,37.54318,126.8123,10시,597.0
0,20180806.0,월,오정로(부천시계),B-26,유출,외발산사거리->오쇠삼거리,10327.0,37.54318,126.8123,11시,679.0
0,20180806.0,월,오정로(부천시계),B-26,유출,외발산사거리->오쇠삼거리,10327.0,37.54318,126.8123,12시,599.0
0,20180806.0,월,오정로(부천시계),B-26,유출,외발산사거리->오쇠삼거리,10327.0,37.54318,126.8123,13시,677.0
0,20180806.0,월,오정로(부천시계),B-26,유출,외발산사거리->오쇠삼거리,10327.0,37.54318,126.8123,14시,714.0
0,20180806.0,월,오정로(부천시계),B-26,유출,외발산사거리->오쇠삼거리,10327.0,37.54318,126.8123,15시,736.0
0,20180806.0,월,오정로(부천시계),B-26,유출,외발산사거리->오쇠삼거리,10327.0,37.54318,126.8123,16시,849.0
0,20180806.0,월,오정로(부천시계),B-26,유출,외발산사거리->오쇠삼거리,10327.0,37.54318,126.8123,17시,1151.0
0,20180806.0,월,오정로(부천시계),B-26,유출,외발산사거리->오쇠삼거리,10327.0,37.54318,126.8123,18시,1208.0
0,20180806.0,월,오정로(부천시계),B-26,유출,외발산사거리->오쇠삼거리,10327.0,37.54318,126.8123,19시,948.0
0,20180806.0,월,오정로(부천시계),B-26,유출,외발산사거리->오쇠삼거리,10327.0,37.54318,126.8123,20시,621.0
0,20180807.0,화,오정로(부천시계),B-26,유출,외발산사거리->오쇠삼거리,10765.0,37.54318,126.8123,8시,861.0
0,20180807.0,화,오정로(부천시계),B-26,유출,외발산사거리->오쇠삼거리,10765.0,37.54318,126.8123,9시,676.0
0,20180807.0,화,오정로(부천시계),B-26,유출,외발산사거리->오쇠삼거리,10765.0,37.54318,126.8123,10시,673.0
0,20180807.0,화,오정로(부천시계),B-26,유출,외발산사거리->오쇠삼거리,10765.0,37.54318,126.8123,11시,715.0
0,20180807.0,화,오정로(부천시계),B-26,유출,외발산사거리->오쇠삼거리,10765.0,37.54318,126.8123,12시,634.0
0,20180807.0,화,오정로(부천시계),B-26,유출,외발산사거리->오쇠삼거리,10765.0,37.54318,126.8123,13시,731.0
0,20180807.0,화,오정로(부천시계),B-26,유출,외발산사거리->오쇠삼거리,10765.0,37.54318,126.8123,14시,712.0
0,20180807.0,화,오정로(부천시계),B-26,유출,외발산사거리->오쇠삼거리,10765.0,37.54318,126.8123,15시,787.0
0,20180807.0,화,오정로(부천시계),B-26,유출,외발산사거리->오쇠삼거리,10765.0,37.54318,126.8123,16시,904.0
0,20180807.0,화,오정로(부천시계),B-26,유출,외발산사거리->오쇠삼거리,10765.0,37.54318,126.8123,17시,1189.0
0,20180807.0,화,오정로(부천시계),B-26,유출,외발산사거리->오쇠삼거리,10765.0,37.54318,126.8123,18시,1273.0
0,20180807.0,화,오정로(부천시계),B-26,유출,외발산사거리->오쇠삼거리,10765.0,37.54318,126.8123,19시,946.0
0,20180807.0,화,오정로(부천시계),B-26,유출,외발산사거리->오쇠삼거리,10765.0,37.54318,126.8123,20시,664.0
0,20180808.0,수,오정로(부천시계),B-26,유출,외발산사거리->오쇠삼거리,10882.0,37.54318,126.8123,8시,892.0
0,20180808.0,수,오정로(부천시계),B-26,유출,외발산사거리->오쇠삼거리,10882.0,37.54318,126.8123,9시,709.0
0,20180808.0,수,오정로(부천시계),B-26,유출,외발산사거리->오쇠삼거리,10882.0,37.54318,126.8123,10시,644.0
0,20180808.0,수,오정로(부천시계),B-26,유출,외발산사거리->오쇠삼거리,10882.0,37.54318,126.8123,11시,667.0
0,20180808.0,수,오정로(부천시계),B-26,유출,외발산사거리->오쇠삼거리,10882.0,37.54318,126.8123,12시,658.0
0,20180808.0,수,오정로(부천시계),B-26,유출,외발산사거리->오쇠삼거리,10882.0,37.54318,126.8123,13시,620.0
0,20180808.0,수,오정로(부천시계),B-26,유출,외발산사거리->오쇠삼거리,10882.0,37.54318,126.8123,14시,736.0
0,20180808.0,수,오정로(부천시계),B-26,유출,외발산사거리->오쇠삼거리,10882.0,37.54318,126.8123,15시,790.0
0,20180808.0,수,오정로(부천시계),B-26,유출,외발산사거리->오쇠삼거리,10882.0,37.54318,126.8123,16시,884.0
0,20180808.0,수,오정로(부천시계),B-26,유출,외발산사거리->오쇠삼거리,10882.0,37.54318,126.8123,17시,1238.0
0,20180808.0,수,오정로(부천시계),B-26,유출,외발산사거리->오쇠삼거리,10882.0,37.54318,126.8123,18시,1354.0
0,20180808.0,수,오정로(부천시계),B-26,유출,외발산사거리->오쇠삼거리,10882.0,37.54318,126.8123,19시,1063.0
0,20180808.0,수,오정로(부천시계),B-26,유출,외발산사거리->오쇠삼거리,10882.0,37.54318,126.8123,20시,627.0
0,20180809.0,목,오정로(부천시계),B-26,유출,외발산사거리->오쇠삼거리,10933.0,37.54318,126.8123,8시,860.0
0,20180809.0,목,오정로(부천시계),B-26,유출,외발산사거리->오쇠삼거리,10933.0,37.54318,126.8123,9시,745.0
0,20180809.0,목,오정로(부천시계),B-26,유출,외발산사거리->오쇠삼거리,10933.0,37.54318,126.8123,10시,692.0
0,20180809.0,목,오정로(부천시계),B-26,유출,외발산사거리->오쇠삼거리,10933.0,37.54318,126.8123,11시,748.0
0,20180809.0,목,오정로(부천시계),B-26,유출,외발산사거리->오쇠삼거리,10933.0,37.54318,126.8123,12시,630.0
0,20180809.0,목,오정로(부천시계),B-26,유출,외발산사거리->오쇠삼거리,10933.0,37.54318,126.8123,13시,695.0
0,20180809.0,목,오정로(부천시계),B-26,유출,외발산사거리->오쇠삼거리,10933.0,37.54318,126.8123,14시,725.0
0,20180809.0,목,오정로(부천시계),B-26,유출,외발산사거리->오쇠삼거리,10933.0,37.54318,126.8123,15시,813.0
0,20180809.0,목,오정로(부천시계),B-26,유출,외발산사거리->오쇠삼거리,10933.0,37.54318,126.8123,16시,940.0
0,20180809.0,목,오정로(부천시계),B-26,유출,외발산사거리->오쇠삼거리,10933.0,37.54318,126.8123,17시,1141.0
0,20180809.0,목,오정로(부천시계),B-26,유출,외발산사거리->오쇠삼거리,10933.0,37.54318,126.8123,18시,1322.0
0,20180809.0,목,오정로(부천시계),B-26,유출,외발산사거리->오쇠삼거리,10933.0,37.54318,126.8123,19시,1025.0
0,20180809.0,목,오정로(부천시계),B-26,유출,외발산사거리->오쇠삼거리,10933.0,37.54318,126.8123,20시,597.0
0,20180810.0,금,오정로(부천시계),B-26,유출,외발산사거리->오쇠삼거리,11834.0,37.54318,126.8123,8시,923.0
0,20180810.0,금,오정로(부천시계),B-26,유출,외발산사거리->오쇠삼거리,11834.0,37.54318,126.8123,9시,695.0
0,20180810.0,금,오정로(부천시계),B-26,유출,외발산사거리->오쇠삼거리,11834.0,37.54318,126.8123,10시,720.0
0,20180810.0,금,오정로(부천시계),B-26,유출,외발산사거리->오쇠삼거리,11834.0,37.54318,126.8123,11시,698.0
0,20180810.0,금,오정로(부천시계),B-26,유출,외발산사거리->오쇠삼거리,11834.0,37.54318,126.8123,12시,748.0
0,20180810.0,금,오정로(부천시계),B-26,유출,외발산사거리->오쇠삼거리,11834.0,37.54318,126.8123,13시,748.0
0,20180810.0,금,오정로(부천시계),B-26,유출,외발산사거리->오쇠삼거리,11834.0,37.54318,126.8123,14시,781.0
0,20180810.0,금,오정로(부천시계),B-26,유출,외발산사거리->오쇠삼거리,11834.0,37.54318,126.8123,15시,889.0
0,20180810.0,금,오정로(부천시계),B-26,유출,외발산사거리->오쇠삼거리,11834.0,37.54318,126.8123,16시,1077.0
0,20180810.0,금,오정로(부천시계),B-26,유출,외발산사거리->오쇠삼거리,11834.0,37.54318,126.8123,17시,1232.0
0,20180810.0,금,오정로(부천시계),B-26,유출,외발산사거리->오쇠삼거리,11834.0,37.54318,126.8123,18시,1312.0
0,20180810.0,금,오정로(부천시계),B-26,유출,외발산사거리->오쇠삼거리,11834.0,37.54318,126.8123,19시,1235.0
0,20180810.0,금,오정로(부천시계),B-26,유출,외발산사거리->오쇠삼거리,11834.0,37.54318,126.8123,20시,776.0
0,20180811.0,토,오정로(부천시계),B-26,유출,외발산사거리->오쇠삼거리,9351.0,37.54318,126.8123,8시,482.0
0,20180811.0,토,오정로(부천시계),B-26,유출,외발산사거리->오쇠삼거리,9351.0,37.54318,126.8123,9시,561.0
0,20180811.0,토,오정로(부천시계),B-26,유출,외발산사거리->오쇠삼거리,9351.0,37.54318,126.8123,10시,575.0
0,20180811.0,토,오정로(부천시계),B-26,유출,외발산사거리->오쇠삼거리,9351.0,37.54318,126.8123,11시,657.0
0,20180811.0,토,오정로(부천시계),B-26,유출,외발산사거리->오쇠삼거리,9351.0,37.54318,126.8123,12시,689.0
0,20180811.0,토,오정로(부천시계),B-26,유출,외발산사거리->오쇠삼거리,9351.0,37.54318,126.8123,13시,685.0
0,20180811.0,토,오정로(부천시계),B-26,유출,외발산사거리->오쇠삼거리,9351.0,37.54318,126.8123,14시,778.0
0,20180811.0,토,오정로(부천시계),B-26,유출,외발산사거리->오쇠삼거리,9351.0,37.54318,126.8123,15시,818.0
0,20180811.0,토,오정로(부천시계),B-26,유출,외발산사거리->오쇠삼거리,9351.0,37.54318,126.8123,16시,982.0
0,20180811.0,토,오정로(부천시계),B-26,유출,외발산사거리->오쇠삼거리,9351.0,37.54318,126.8123,17시,1083.0
0,20180811.0,토,오정로(부천시계),B-26,유출,외발산사거리->오쇠삼거리,9351.0,37.54318,126.8123,18시,912.0
0,20180811.0,토,오정로(부천시계),B-26,유출,외발산사거리->오쇠삼거리,9351.0,37.54318,126.8123,19시,621.0
0,20180811.0,토,오정로(부천시계),B-26,유출,외발산사거리->오쇠삼거리,9351.0,37.54318,126.8123,20시,508.0
0,20180812.0,일,오정로(부천시계),B-26,유출,외발산사거리->오쇠삼거리,7334.0,37.54318,126.8123,8시,306.0
0,20180812.0,일,오정로(부천시계),B-26,유출,외발산사거리->오쇠삼거리,7334.0,37.54318,126.8123,9시,374.0
0,20180812.0,일,오정로(부천시계),B-26,유출,외발산사거리->오쇠삼거리,7334.0,37.54318,126.8123,10시,471.0
0,20180812.0,일,오정로(부천시계),B-26,유출,외발산사거리->오쇠삼거리,7334.0,37.54318,126.8123,11시,461.0
0,20180812.0,일,오정로(부천시계),B-26,유출,외발산사거리->오쇠삼거리,7334.0,37.54318,126.8123,12시,531.0
0,20180812.0,일,오정로(부천시계),B-26,유출,외발산사거리->오쇠삼거리,7334.0,37.54318,126.8123,13시,555.0
0,20180812.0,일,오정로(부천시계),B-26,유출,외발산사거리->오쇠삼거리,7334.0,37.54318,126.8123,14시,560.0
0,20180812.0,일,오정로(부천시계),B-26,유출,외발산사거리->오쇠삼거리,7334.0,37.54318,126.8123,15시,696.0
0,20180812.0,일,오정로(부천시계),B-26,유출,외발산사거리->오쇠삼거리,7334.0,37.54318,126.8123,16시,814.0
0,20180812.0,일,오정로(부천시계),B-26,유출,외발산사거리->오쇠삼거리,7334.0,37.54318,126.8123,17시,755.0
0,20180812.0,일,오정로(부천시계),B-26,유출,외발산사거리->오쇠삼거리,7334.0,37.54318,126.8123,18시,733.0
0,20180812.0,일,오정로(부천시계),B-26,유출,외발산사거리->오쇠삼거리,7334.0,37.54318,126.8123,19시,579.0
0,20180812.0,일,오정로(부천시계),B-26,유출,외발산사거리->오쇠삼거리,7334.0,37.54318,126.8123,20시,499.0
0,20180813.0,월,오정로(부천시계),B-26,유출,외발산사거리->오쇠삼거리,10453.0,37.54318,126.8123,8시,847.0
0,20180813.0,월,오정로(부천시계),B-26,유출,외발산사거리->오쇠삼거리,10453.0,37.54318,126.8123,9시,657.0
0,20180813.0,월,오정로(부천시계),B-26,유출,외발산사거리->오쇠삼거리,10453.0,37.54318,126.8123,10시,672.0
0,20180813.0,월,오정로(부천시계),B-26,유출,외발산사거리->오쇠삼거리,10453.0,37.54318,126.8123,11시,636.0
0,20180813.0,월,오정로(부천시계),B-26,유출,외발산사거리->오쇠삼거리,10453.0,37.54318,126.8123,12시,595.0
0,20180813.0,월,오정로(부천시계),B-26,유출,외발산사거리->오쇠삼거리,10453.0,37.54318,126.8123,13시,664.0
0,20180813.0,월,오정로(부천시계),B-26,유출,외발산사거리->오쇠삼거리,10453.0,37.54318,126.8123,14시,729.0
0,20180813.0,월,오정로(부천시계),B-26,유출,외발산사거리->오쇠삼거리,10453.0,37.54318,126.8123,15시,726.0
0,20180813.0,월,오정로(부천시계),B-26,유출,외발산사거리->오쇠삼거리,10453.0,37.54318,126.8123,16시,906.0
0,20180813.0,월,오정로(부천시계),B-26,유출,외발산사거리->오쇠삼거리,10453.0,37.54318,126.8123,17시,1233.0
0,20180813.0,월,오정로(부천시계),B-26,유출,외발산사거리->오쇠삼거리,10453.0,37.54318,126.8123,18시,1268.0
0,20180813.0,월,오정로(부천시계),B-26,유출,외발산사거리->오쇠삼거리,10453.0,37.54318,126.8123,19시,964.0
0,20180813.0,월,오정로(부천시계),B-26,유출,외발산사거리->오쇠삼거리,10453.0,37.54318,126.8123,20시,556.0
0,20180814.0,화,오정로(부천시계),B-26,유출,외발산사거리->오쇠삼거리,11491.0,37.54318,126.8123,8시,887.0
0,20180814.0,화,오정로(부천시계),B-26,유출,외발산사거리->오쇠삼거리,11491.0,37.54318,126.8123,9시,713.0
0,20180814.0,화,오정로(부천시계),B-26,유출,외발산사거리->오쇠삼거리,11491.0,37.54318,126.8123,10시,702.0
0,20180814.0,화,오정로(부천시계),B-26,유출,외발산사거리->오쇠삼거리,11491.0,37.54318,126.8123,11시,765.0
0,20180814.0,화,오정로(부천시계),B-26,유출,외발산사거리->오쇠삼거리,11491.0,37.54318,126.8123,12시,692.0
0,20180814.0,화,오정로(부천시계),B-26,유출,외발산사거리->오쇠삼거리,11491.0,37.54318,126.8123,13시,664.0
0,20180814.0,화,오정로(부천시계),B-26,유출,외발산사거리->오쇠삼거리,11491.0,37.54318,126.8123,14시,691.0
0,20180814.0,화,오정로(부천시계),B-26,유출,외발산사거리->오쇠삼거리,11491.0,37.54318,126.8123,15시,749.0
0,20180814.0,화,오정로(부천시계),B-26,유출,외발산사거리->오쇠삼거리,11491.0,37.54318,126.8123,16시,994.0
0,20180814.0,화,오정로(부천시계),B-26,유출,외발산사거리->오쇠삼거리,11491.0,37.54318,126.8123,17시,1204.0
0,20180814.0,화,오정로(부천시계),B-26,유출,외발산사거리->오쇠삼거리,11491.0,37.54318,126.8123,18시,1342.0
0,20180814.0,화,오정로(부천시계),B-26,유출,외발산사거리->오쇠삼거리,11491.0,37.54318,126.8123,19시,1200.0
0,20180814.0,화,오정로(부천시계),B-26,유출,외발산사거리->오쇠삼거리,11491.0,37.54318,126.8123,20시,888.0
0,20180815.0,수,오정로(부천시계),B-26,유출,외발산사거리->오쇠삼거리,8389.0,37.54318,126.8123,8시,471.0
0,20180815.0,수,오정로(부천시계),B-26,유출,외발산사거리->오쇠삼거리,8389.0,37.54318,126.8123,9시,510.0
0,20180815.0,수,오정로(부천시계),B-26,유출,외발산사거리->오쇠삼거리,8389.0,37.54318,126.8123,10시,483.0
0,20180815.0,수,오정로(부천시계),B-26,유출,외발산사거리->오쇠삼거리,8389.0,37.54318,126.8123,11시,562.0
0,20180815.0,수,오정로(부천시계),B-26,유출,외발산사거리->오쇠삼거리,8389.0,37.54318,126.8123,12시,523.0
0,20180815.0,수,오정로(부천시계),B-26,유출,외발산사거리->오쇠삼거리,8389.0,37.54318,126.8123,13시,633.0
0,20180815.0,수,오정로(부천시계),B-26,유출,외발산사거리->오쇠삼거리,8389.0,37.54318,126.8123,14시,658.0
0,20180815.0,수,오정로(부천시계),B-26,유출,외발산사거리->오쇠삼거리,8389.0,37.54318,126.8123,15시,773.0
0,20180815.0,수,오정로(부천시계),B-26,유출,외발산사거리->오쇠삼거리,8389.0,37.54318,126.8123,16시,855.0
0,20180815.0,수,오정로(부천시계),B-26,유출,외발산사거리->오쇠삼거리,8389.0,37.54318,126.8123,17시,945.0
0,20180815.0,수,오정로(부천시계),B-26,유출,외발산사거리->오쇠삼거리,8389.0,37.54318,126.8123,18시,845.0
0,20180815.0,수,오정로(부천시계),B-26,유출,외발산사거리->오쇠삼거리,8389.0,37.54318,126.8123,19시,637.0
0,20180815.0,수,오정로(부천시계),B-26,유출,외발산사거리->오쇠삼거리,8389.0,37.54318,126.8123,20시,494.0
0,20180816.0,목,오정로(부천시계),B-26,유출,외발산사거리->오쇠삼거리,11211.0,37.54318,126.8123,8시,934.0
0,20180816.0,목,오정로(부천시계),B-26,유출,외발산사거리->오쇠삼거리,11211.0,37.54318,126.8123,9시,673.0
0,20180816.0,목,오정로(부천시계),B-26,유출,외발산사거리->오쇠삼거리,11211.0,37.54318,126.8123,10시,674.0
0,20180816.0,목,오정로(부천시계),B-26,유출,외발산사거리->오쇠삼거리,11211.0,37.54318,126.8123,11시,763.0
0,20180816.0,목,오정로(부천시계),B-26,유출,외발산사거리->오쇠삼거리,11211.0,37.54318,126.8123,12시,687.0
0,20180816.0,목,오정로(부천시계),B-26,유출,외발산사거리->오쇠삼거리,11211.0,37.54318,126.8123,13시,709.0
0,20180816.0,목,오정로(부천시계),B-26,유출,외발산사거리->오쇠삼거리,11211.0,37.54318,126.8123,14시,733.0
0,20180816.0,목,오정로(부천시계),B-26,유출,외발산사거리->오쇠삼거리,11211.0,37.54318,126.8123,15시,784.0
0,20180816.0,목,오정로(부천시계),B-26,유출,외발산사거리->오쇠삼거리,11211.0,37.54318,126.8123,16시,995.0
0,20180816.0,목,오정로(부천시계),B-26,유출,외발산사거리->오쇠삼거리,11211.0,37.54318,126.8123,17시,1264.0
0,20180816.0,목,오정로(부천시계),B-26,유출,외발산사거리->오쇠삼거리,11211.0,37.54318,126.8123,18시,1343.0
0,20180816.0,목,오정로(부천시계),B-26,유출,외발산사거리->오쇠삼거리,11211.0,37.54318,126.8123,19시,1024.0
0,20180816.0,목,오정로(부천시계),B-26,유출,외발산사거리->오쇠삼거리,11211.0,37.54318,126.8123,20시,628.0
0,20180817.0,금,오정로(부천시계),B-26,유출,외발산사거리->오쇠삼거리,11646.0,37.54318,126.8123,8시,954.0
0,20180817.0,금,오정로(부천시계),B-26,유출,외발산사거리->오쇠삼거리,11646.0,37.54318,126.8123,9시,685.0
0,20180817.0,금,오정로(부천시계),B-26,유출,외발산사거리->오쇠삼거리,11646.0,37.54318,126.8123,10시,618.0
0,20180817.0,금,오정로(부천시계),B-26,유출,외발산사거리->오쇠삼거리,11646.0,37.54318,126.8123,11시,713.0
0,20180817.0,금,오정로(부천시계),B-26,유출,외발산사거리->오쇠삼거리,11646.0,37.54318,126.8123,12시,640.0
0,20180817.0,금,오정로(부천시계),B-26,유출,외발산사거리->오쇠삼거리,11646.0,37.54318,126.8123,13시,737.0
0,20180817.0,금,오정로(부천시계),B-26,유출,외발산사거리->오쇠삼거리,11646.0,37.54318,126.8123,14시,812.0
0,20180817.0,금,오정로(부천시계),B-26,유출,외발산사거리->오쇠삼거리,11646.0,37.54318,126.8123,15시,830.0
0,20180817.0,금,오정로(부천시계),B-26,유출,외발산사거리->오쇠삼거리,11646.0,37.54318,126.8123,16시,1077.0
0,20180817.0,금,오정로(부천시계),B-26,유출,외발산사거리->오쇠삼거리,11646.0,37.54318,126.8123,17시,1245.0
0,20180817.0,금,오정로(부천시계),B-26,유출,외발산사거리->오쇠삼거리,11646.0,37.54318,126.8123,18시,1332.0
0,20180817.0,금,오정로(부천시계),B-26,유출,외발산사거리->오쇠삼거리,11646.0,37.54318,126.8123,19시,1234.0
0,20180817.0,금,오정로(부천시계),B-26,유출,외발산사거리->오쇠삼거리,11646.0,37.54318,126.8123,20시,769.0
0,20180818.0,토,오정로(부천시계),B-26,유출,외발산사거리->오쇠삼거리,9480.0,37.54318,126.8123,8시,569.0
0,20180818.0,토,오정로(부천시계),B-26,유출,외발산사거리->오쇠삼거리,9480.0,37.54318,126.8123,9시,581.0
0,20180818.0,토,오정로(부천시계),B-26,유출,외발산사거리->오쇠삼거리,9480.0,37.54318,126.8123,10시,594.0
0,20180818.0,토,오정로(부천시계),B-26,유출,외발산사거리->오쇠삼거리,9480.0,37.54318,126.8123,11시,670.0
0,20180818.0,토,오정로(부천시계),B-26,유출,외발산사거리->오쇠삼거리,9480.0,37.54318,126.8123,12시,716.0
0,20180818.0,토,오정로(부천시계),B-26,유출,외발산사거리->오쇠삼거리,9480.0,37.54318,126.8123,13시,713.0
0,20180818.0,토,오정로(부천시계),B-26,유출,외발산사거리->오쇠삼거리,9480.0,37.54318,126.8123,14시,708.0
0,20180818.0,토,오정로(부천시계),B-26,유출,외발산사거리->오쇠삼거리,9480.0,37.54318,126.8123,15시,795.0
0,20180818.0,토,오정로(부천시계),B-26,유출,외발산사거리->오쇠삼거리,9480.0,37.54318,126.8123,16시,968.0
0,20180818.0,토,오정로(부천시계),B-26,유출,외발산사거리->오쇠삼거리,9480.0,37.54318,126.8123,17시,1069.0
0,20180818.0,토,오정로(부천시계),B-26,유출,외발산사거리->오쇠삼거리,9480.0,37.54318,126.8123,18시,972.0
0,20180818.0,토,오정로(부천시계),B-26,유출,외발산사거리->오쇠삼거리,9480.0,37.54318,126.8123,19시,641.0
0,20180818.0,토,오정로(부천시계),B-26,유출,외발산사거리->오쇠삼거리,9480.0,37.54318,126.8123,20시,484.0
0,20180819.0,일,오정로(부천시계),B-26,유출,외발산사거리->오쇠삼거리,7246.0,37.54318,126.8123,8시,361.0
0,20180819.0,일,오정로(부천시계),B-26,유출,외발산사거리->오쇠삼거리,7246.0,37.54318,126.8123,9시,367.0
0,20180819.0,일,오정로(부천시계),B-26,유출,외발산사거리->오쇠삼거리,7246.0,37.54318,126.8123,10시,438.0
0,20180819.0,일,오정로(부천시계),B-26,유출,외발산사거리->오쇠삼거리,7246.0,37.54318,126.8123,11시,478.0
0,20180819.0,일,오정로(부천시계),B-26,유출,외발산사거리->오쇠삼거리,7246.0,37.54318,126.8123,12시,509.0
0,20180819.0,일,오정로(부천시계),B-26,유출,외발산사거리->오쇠삼거리,7246.0,37.54318,126.8123,13시,631.0
0,20180819.0,일,오정로(부천시계),B-26,유출,외발산사거리->오쇠삼거리,7246.0,37.54318,126.8123,14시,582.0
0,20180819.0,일,오정로(부천시계),B-26,유출,외발산사거리->오쇠삼거리,7246.0,37.54318,126.8123,15시,706.0
0,20180819.0,일,오정로(부천시계),B-26,유출,외발산사거리->오쇠삼거리,7246.0,37.54318,126.8123,16시,760.0
0,20180819.0,일,오정로(부천시계),B-26,유출,외발산사거리->오쇠삼거리,7246.0,37.54318,126.8123,17시,752.0
0,20180819.0,일,오정로(부천시계),B-26,유출,외발산사거리->오쇠삼거리,7246.0,37.54318,126.8123,18시,671.0
0,20180819.0,일,오정로(부천시계),B-26,유출,외발산사거리->오쇠삼거리,7246.0,37.54318,126.8123,19시,523.0
0,20180819.0,일,오정로(부천시계),B-26,유출,외발산사거리->오쇠삼거리,7246.0,37.54318,126.8123,20시,468.0
0,20180820.0,월,오정로(부천시계),B-26,유출,외발산사거리->오쇠삼거리,10710.0,37.54318,126.8123,8시,872.0
0,20180820.0,월,오정로(부천시계),B-26,유출,외발산사거리->오쇠삼거리,10710.0,37.54318,126.8123,9시,692.0
0,20180820.0,월,오정로(부천시계),B-26,유출,외발산사거리->오쇠삼거리,10710.0,37.54318,126.8123,10시,661.0
0,20180820.0,월,오정로(부천시계),B-26,유출,외발산사거리->오쇠삼거리,10710.0,37.54318,126.8123,11시,713.0
0,20180820.0,월,오정로(부천시계),B-26,유출,외발산사거리->오쇠삼거리,10710.0,37.54318,126.8123,12시,625.0
0,20180820.0,월,오정로(부천시계),B-26,유출,외발산사거리->오쇠삼거리,10710.0,37.54318,126.8123,13시,646.0
0,20180820.0,월,오정로(부천시계),B-26,유출,외발산사거리->오쇠삼거리,10710.0,37.54318,126.8123,14시,684.0
0,20180820.0,월,오정로(부천시계),B-26,유출,외발산사거리->오쇠삼거리,10710.0,37.54318,126.8123,15시,774.0
0,20180820.0,월,오정로(부천시계),B-26,유출,외발산사거리->오쇠삼거리,10710.0,37.54318,126.8123,16시,884.0
0,20180820.0,월,오정로(부천시계),B-26,유출,외발산사거리->오쇠삼거리,10710.0,37.54318,126.8123,17시,1238.0
0,20180820.0,월,오정로(부천시계),B-26,유출,외발산사거리->오쇠삼거리,10710.0,37.54318,126.8123,18시,1248.0
0,20180820.0,월,오정로(부천시계),B-26,유출,외발산사거리->오쇠삼거리,10710.0,37.54318,126.8123,19시,1100.0
0,20180820.0,월,오정로(부천시계),B-26,유출,외발산사거리->오쇠삼거리,10710.0,37.54318,126.8123,20시,573.0
0,20180821.0,화,오정로(부천시계),B-26,유출,외발산사거리->오쇠삼거리,11005.0,37.54318,126.8123,8시,932.0
0,20180821.0,화,오정로(부천시계),B-26,유출,외발산사거리->오쇠삼거리,11005.0,37.54318,126.8123,9시,724.0
0,20180821.0,화,오정로(부천시계),B-26,유출,외발산사거리->오쇠삼거리,11005.0,37.54318,126.8123,10시,682.0
0,20180821.0,화,오정로(부천시계),B-26,유출,외발산사거리->오쇠삼거리,11005.0,37.54318,126.8123,11시,744.0
0,20180821.0,화,오정로(부천시계),B-26,유출,외발산사거리->오쇠삼거리,11005.0,37.54318,126.8123,12시,666.0
0,20180821.0,화,오정로(부천시계),B-26,유출,외발산사거리->오쇠삼거리,11005.0,37.54318,126.8123,13시,656.0
0,20180821.0,화,오정로(부천시계),B-26,유출,외발산사거리->오쇠삼거리,11005.0,37.54318,126.8123,14시,691.0
0,20180821.0,화,오정로(부천시계),B-26,유출,외발산사거리->오쇠삼거리,11005.0,37.54318,126.8123,15시,758.0
0,20180821.0,화,오정로(부천시계),B-26,유출,외발산사거리->오쇠삼거리,11005.0,37.54318,126.8123,16시,932.0
0,20180821.0,화,오정로(부천시계),B-26,유출,외발산사거리->오쇠삼거리,11005.0,37.54318,126.8123,17시,1220.0
0,20180821.0,화,오정로(부천시계),B-26,유출,외발산사거리->오쇠삼거리,11005.0,37.54318,126.8123,18시,1398.0
0,20180821.0,화,오정로(부천시계),B-26,유출,외발산사거리->오쇠삼거리,11005.0,37.54318,126.8123,19시,988.0
0,20180821.0,화,오정로(부천시계),B-26,유출,외발산사거리->오쇠삼거리,11005.0,37.54318,126.8123,20시,614.0
0,20180822.0,수,오정로(부천시계),B-26,유출,외발산사거리->오쇠삼거리,11371.0,37.54318,126.8123,8시,908.0
0,20180822.0,수,오정로(부천시계),B-26,유출,외발산사거리->오쇠삼거리,11371.0,37.54318,126.8123,9시,700.0
0,20180822.0,수,오정로(부천시계),B-26,유출,외발산사거리->오쇠삼거리,11371.0,37.54318,126.8123,10시,655.0
0,20180822.0,수,오정로(부천시계),B-26,유출,외발산사거리->오쇠삼거리,11371.0,37.54318,126.8123,11시,655.0
0,20180822.0,수,오정로(부천시계),B-26,유출,외발산사거리->오쇠삼거리,11371.0,37.54318,126.8123,12시,587.0
0,20180822.0,수,오정로(부천시계),B-26,유출,외발산사거리->오쇠삼거리,11371.0,37.54318,126.8123,13시,663.0
0,20180822.0,수,오정로(부천시계),B-26,유출,외발산사거리->오쇠삼거리,11371.0,37.54318,126.8123,14시,718.0
0,20180822.0,수,오정로(부천시계),B-26,유출,외발산사거리->오쇠삼거리,11371.0,37.54318,126.8123,15시,845.0
0,20180822.0,수,오정로(부천시계),B-26,유출,외발산사거리->오쇠삼거리,11371.0,37.54318,126.8123,16시,1033.0
0,20180822.0,수,오정로(부천시계),B-26,유출,외발산사거리->오쇠삼거리,11371.0,37.54318,126.8123,17시,1196.0
0,20180822.0,수,오정로(부천시계),B-26,유출,외발산사거리->오쇠삼거리,11371.0,37.54318,126.8123,18시,1351.0
0,20180822.0,수,오정로(부천시계),B-26,유출,외발산사거리->오쇠삼거리,11371.0,37.54318,126.8123,19시,1228.0
0,20180822.0,수,오정로(부천시계),B-26,유출,외발산사거리->오쇠삼거리,11371.0,37.54318,126.8123,20시,832.0
0,20180824.0,금,오정로(부천시계),B-26,유출,외발산사거리->오쇠삼거리,10152.0,37.54318,126.8123,8시,879.0
0,20180824.0,금,오정로(부천시계),B-26,유출,외발산사거리->오쇠삼거리,10152.0,37.54318,126.8123,9시,623.0
0,20180824.0,금,오정로(부천시계),B-26,유출,외발산사거리->오쇠삼거리,10152.0,37.54318,126.8123,10시,530.0
0,20180824.0,금,오정로(부천시계),B-26,유출,외발산사거리->오쇠삼거리,10152.0,37.54318,126.8123,11시,578.0
0,20180824.0,금,오정로(부천시계),B-26,유출,외발산사거리->오쇠삼거리,10152.0,37.54318,126.8123,12시,574.0
0,20180824.0,금,오정로(부천시계),B-26,유출,외발산사거리->오쇠삼거리,10152.0,37.54318,126.8123,13시,668.0
0,20180824.0,금,오정로(부천시계),B-26,유출,외발산사거리->오쇠삼거리,10152.0,37.54318,126.8123,14시,721.0
0,20180824.0,금,오정로(부천시계),B-26,유출,외발산사거리->오쇠삼거리,10152.0,37.54318,126.8123,15시,721.0
0,20180824.0,금,오정로(부천시계),B-26,유출,외발산사거리->오쇠삼거리,10152.0,37.54318,126.8123,16시,870.0
0,20180824.0,금,오정로(부천시계),B-26,유출,외발산사거리->오쇠삼거리,10152.0,37.54318,126.8123,17시,1173.0
0,20180824.0,금,오정로(부천시계),B-26,유출,외발산사거리->오쇠삼거리,10152.0,37.54318,126.8123,18시,1314.0
0,20180824.0,금,오정로(부천시계),B-26,유출,외발산사거리->오쇠삼거리,10152.0,37.54318,126.8123,19시,909.0
0,20180824.0,금,오정로(부천시계),B-26,유출,외발산사거리->오쇠삼거리,10152.0,37.54318,126.8123,20시,592.0
0,20180825.0,토,오정로(부천시계),B-26,유출,외발산사거리->오쇠삼거리,10113.0,37.54318,126.8123,8시,540.0
0,20180825.0,토,오정로(부천시계),B-26,유출,외발산사거리->오쇠삼거리,10113.0,37.54318,126.8123,9시,635.0
0,20180825.0,토,오정로(부천시계),B-26,유출,외발산사거리->오쇠삼거리,10113.0,37.54318,126.8123,10시,588.0
0,20180825.0,토,오정로(부천시계),B-26,유출,외발산사거리->오쇠삼거리,10113.0,37.54318,126.8123,11시,708.0
0,20180825.0,토,오정로(부천시계),B-26,유출,외발산사거리->오쇠삼거리,10113.0,37.54318,126.8123,12시,693.0
0,20180825.0,토,오정로(부천시계),B-26,유출,외발산사거리->오쇠삼거리,10113.0,37.54318,126.8123,13시,761.0
0,20180825.0,토,오정로(부천시계),B-26,유출,외발산사거리->오쇠삼거리,10113.0,37.54318,126.8123,14시,810.0
0,20180825.0,토,오정로(부천시계),B-26,유출,외발산사거리->오쇠삼거리,10113.0,37.54318,126.8123,15시,911.0
0,20180825.0,토,오정로(부천시계),B-26,유출,외발산사거리->오쇠삼거리,10113.0,37.54318,126.8123,16시,1002.0
0,20180825.0,토,오정로(부천시계),B-26,유출,외발산사거리->오쇠삼거리,10113.0,37.54318,126.8123,17시,1056.0
0,20180825.0,토,오정로(부천시계),B-26,유출,외발산사거리->오쇠삼거리,10113.0,37.54318,126.8123,18시,1115.0
0,20180825.0,토,오정로(부천시계),B-26,유출,외발산사거리->오쇠삼거리,10113.0,37.54318,126.8123,19시,761.0
0,20180825.0,토,오정로(부천시계),B-26,유출,외발산사거리->오쇠삼거리,10113.0,37.54318,126.8123,20시,533.0
0,20180826.0,일,오정로(부천시계),B-26,유출,외발산사거리->오쇠삼거리,7527.0,37.54318,126.8123,8시,350.0
0,20180826.0,일,오정로(부천시계),B-26,유출,외발산사거리->오쇠삼거리,7527.0,37.54318,126.8123,9시,376.0
0,20180826.0,일,오정로(부천시계),B-26,유출,외발산사거리->오쇠삼거리,7527.0,37.54318,126.8123,10시,445.0
0,20180826.0,일,오정로(부천시계),B-26,유출,외발산사거리->오쇠삼거리,7527.0,37.54318,126.8123,11시,468.0
0,20180826.0,일,오정로(부천시계),B-26,유출,외발산사거리->오쇠삼거리,7527.0,37.54318,126.8123,12시,502.0
0,20180826.0,일,오정로(부천시계),B-26,유출,외발산사거리->오쇠삼거리,7527.0,37.54318,126.8123,13시,597.0
0,20180826.0,일,오정로(부천시계),B-26,유출,외발산사거리->오쇠삼거리,7527.0,37.54318,126.8123,14시,629.0
0,20180826.0,일,오정로(부천시계),B-26,유출,외발산사거리->오쇠삼거리,7527.0,37.54318,126.8123,15시,734.0
0,20180826.0,일,오정로(부천시계),B-26,유출,외발산사거리->오쇠삼거리,7527.0,37.54318,126.8123,16시,863.0
0,20180826.0,일,오정로(부천시계),B-26,유출,외발산사거리->오쇠삼거리,7527.0,37.54318,126.8123,17시,835.0
0,20180826.0,일,오정로(부천시계),B-26,유출,외발산사거리->오쇠삼거리,7527.0,37.54318,126.8123,18시,713.0
0,20180826.0,일,오정로(부천시계),B-26,유출,외발산사거리->오쇠삼거리,7527.0,37.54318,126.8123,19시,527.0
0,20180826.0,일,오정로(부천시계),B-26,유출,외발산사거리->오쇠삼거리,7527.0,37.54318,126.8123,20시,488.0
0,20180827.0,월,오정로(부천시계),B-26,유출,외발산사거리->오쇠삼거리,10349.0,37.54318,126.8123,8시,928.0
0,20180827.0,월,오정로(부천시계),B-26,유출,외발산사거리->오쇠삼거리,10349.0,37.54318,126.8123,9시,615.0
0,20180827.0,월,오정로(부천시계),B-26,유출,외발산사거리->오쇠삼거리,10349.0,37.54318,126.8123,10시,663.0
0,20180827.0,월,오정로(부천시계),B-26,유출,외발산사거리->오쇠삼거리,10349.0,37.54318,126.8123,11시,697.0
0,20180827.0,월,오정로(부천시계),B-26,유출,외발산사거리->오쇠삼거리,10349.0,37.54318,126.8123,12시,643.0
0,20180827.0,월,오정로(부천시계),B-26,유출,외발산사거리->오쇠삼거리,10349.0,37.54318,126.8123,13시,628.0
0,20180827.0,월,오정로(부천시계),B-26,유출,외발산사거리->오쇠삼거리,10349.0,37.54318,126.8123,14시,660.0
0,20180827.0,월,오정로(부천시계),B-26,유출,외발산사거리->오쇠삼거리,10349.0,37.54318,126.8123,15시,753.0
0,20180827.0,월,오정로(부천시계),B-26,유출,외발산사거리->오쇠삼거리,10349.0,37.54318,126.8123,16시,944.0
0,20180827.0,월,오정로(부천시계),B-26,유출,외발산사거리->오쇠삼거리,10349.0,37.54318,126.8123,17시,1203.0
0,20180827.0,월,오정로(부천시계),B-26,유출,외발산사거리->오쇠삼거리,10349.0,37.54318,126.8123,18시,1241.0
0,20180827.0,월,오정로(부천시계),B-26,유출,외발산사거리->오쇠삼거리,10349.0,37.54318,126.8123,19시,822.0
0,20180827.0,월,오정로(부천시계),B-26,유출,외발산사거리->오쇠삼거리,10349.0,37.54318,126.8123,20시,552.0
0,20180828.0,화,오정로(부천시계),B-26,유출,외발산사거리->오쇠삼거리,10621.0,37.54318,126.8123,8시,980.0
0,20180828.0,화,오정로(부천시계),B-26,유출,외발산사거리->오쇠삼거리,10621.0,37.54318,126.8123,9시,706.0
0,20180828.0,화,오정로(부천시계),B-26,유출,외발산사거리->오쇠삼거리,10621.0,37.54318,126.8123,10시,694.0
0,20180828.0,화,오정로(부천시계),B-26,유출,외발산사거리->오쇠삼거리,10621.0,37.54318,126.8123,11시,670.0
0,20180828.0,화,오정로(부천시계),B-26,유출,외발산사거리->오쇠삼거리,10621.0,37.54318,126.8123,12시,722.0
0,20180828.0,화,오정로(부천시계),B-26,유출,외발산사거리->오쇠삼거리,10621.0,37.54318,126.8123,13시,687.0
0,20180828.0,화,오정로(부천시계),B-26,유출,외발산사거리->오쇠삼거리,10621.0,37.54318,126.8123,14시,752.0
0,20180828.0,화,오정로(부천시계),B-26,유출,외발산사거리->오쇠삼거리,10621.0,37.54318,126.8123,15시,741.0
0,20180828.0,화,오정로(부천시계),B-26,유출,외발산사거리->오쇠삼거리,10621.0,37.54318,126.8123,16시,932.0
0,20180828.0,화,오정로(부천시계),B-26,유출,외발산사거리->오쇠삼거리,10621.0,37.54318,126.8123,17시,1113.0
0,20180828.0,화,오정로(부천시계),B-26,유출,외발산사거리->오쇠삼거리,10621.0,37.54318,126.8123,18시,1228.0
0,20180828.0,화,오정로(부천시계),B-26,유출,외발산사거리->오쇠삼거리,10621.0,37.54318,126.8123,19시,894.0
0,20180828.0,화,오정로(부천시계),B-26,유출,외발산사거리->오쇠삼거리,10621.0,37.54318,126.8123,20시,502.0
0,20180831.0,금,오정로(부천시계),B-26,유출,외발산사거리->오쇠삼거리,11622.0,37.54318,126.8123,8시,913.0
0,20180831.0,금,오정로(부천시계),B-26,유출,외발산사거리->오쇠삼거리,11622.0,37.54318,126.8123,9시,729.0
0,20180831.0,금,오정로(부천시계),B-26,유출,외발산사거리->오쇠삼거리,11622.0,37.54318,126.8123,10시,657.0
0,20180831.0,금,오정로(부천시계),B-26,유출,외발산사거리->오쇠삼거리,11622.0,37.54318,126.8123,11시,763.0
0,20180831.0,금,오정로(부천시계),B-26,유출,외발산사거리->오쇠삼거리,11622.0,37.54318,126.8123,12시,657.0
0,20180831.0,금,오정로(부천시계),B-26,유출,외발산사거리->오쇠삼거리,11622.0,37.54318,126.8123,13시,706.0
0,20180831.0,금,오정로(부천시계),B-26,유출,외발산사거리->오쇠삼거리,11622.0,37.54318,126.8123,14시,765.0
0,20180831.0,금,오정로(부천시계),B-26,유출,외발산사거리->오쇠삼거리,11622.0,37.54318,126.8123,15시,684.0
0,20180831.0,금,오정로(부천시계),B-26,유출,외발산사거리->오쇠삼거리,11622.0,37.54318,126.8123,16시,1096.0
0,20180831.0,금,오정로(부천시계),B-26,유출,외발산사거리->오쇠삼거리,11622.0,37.54318,126.8123,17시,1232.0
0,20180831.0,금,오정로(부천시계),B-26,유출,외발산사거리->오쇠삼거리,11622.0,37.54318,126.8123,18시,1313.0
0,20180831.0,금,오정로(부천시계),B-26,유출,외발산사거리->오쇠삼거리,11622.0,37.54318,126.8123,19시,1226.0
0,20180831.0,금,오정로(부천시계),B-26,유출,외발산사거리->오쇠삼거리,11622.0,37.54318,126.8123,20시,881.0
0,20180901.0,토,오정로(부천시계),B-26,유입,오쇠삼거리->외발산사거리,7269.0,37.54318,126.8123,8시,573.0
0,20180901.0,토,오정로(부천시계),B-26,유입,오쇠삼거리->외발산사거리,7269.0,37.54318,126.8123,9시,598.0
0,20180901.0,토,오정로(부천시계),B-26,유입,오쇠삼거리->외발산사거리,7269.0,37.54318,126.8123,10시,592.0
0,20180901.0,토,오정로(부천시계),B-26,유입,오쇠삼거리->외발산사거리,7269.0,37.54318,126.8123,11시,683.0
0,20180901.0,토,오정로(부천시계),B-26,유입,오쇠삼거리->외발산사거리,7269.0,37.54318,126.8123,12시,645.0
0,20180901.0,토,오정로(부천시계),B-26,유입,오쇠삼거리->외발산사거리,7269.0,37.54318,126.8123,13시,606.0
0,20180901.0,토,오정로(부천시계),B-26,유입,오쇠삼거리->외발산사거리,7269.0,37.54318,126.8123,14시,643.0
0,20180901.0,토,오정로(부천시계),B-26,유입,오쇠삼거리->외발산사거리,7269.0,37.54318,126.8123,15시,601.0
0,20180901.0,토,오정로(부천시계),B-26,유입,오쇠삼거리->외발산사거리,7269.0,37.54318,126.8123,16시,573.0
0,20180901.0,토,오정로(부천시계),B-26,유입,오쇠삼거리->외발산사거리,7269.0,37.54318,126.8123,17시,586.0
0,20180901.0,토,오정로(부천시계),B-26,유입,오쇠삼거리->외발산사거리,7269.0,37.54318,126.8123,18시,461.0
0,20180901.0,토,오정로(부천시계),B-26,유입,오쇠삼거리->외발산사거리,7269.0,37.54318,126.8123,19시,413.0
0,20180901.0,토,오정로(부천시계),B-26,유입,오쇠삼거리->외발산사거리,7269.0,37.54318,126.8123,20시,295.0
0,20180902.0,일,오정로(부천시계),B-26,유입,오쇠삼거리->외발산사거리,5922.0,37.54318,126.8123,8시,357.0
0,20180902.0,일,오정로(부천시계),B-26,유입,오쇠삼거리->외발산사거리,5922.0,37.54318,126.8123,9시,442.0
0,20180902.0,일,오정로(부천시계),B-26,유입,오쇠삼거리->외발산사거리,5922.0,37.54318,126.8123,10시,491.0
0,20180902.0,일,오정로(부천시계),B-26,유입,오쇠삼거리->외발산사거리,5922.0,37.54318,126.8123,11시,435.0
0,20180902.0,일,오정로(부천시계),B-26,유입,오쇠삼거리->외발산사거리,5922.0,37.54318,126.8123,12시,476.0
0,20180902.0,일,오정로(부천시계),B-26,유입,오쇠삼거리->외발산사거리,5922.0,37.54318,126.8123,13시,528.0
0,20180902.0,일,오정로(부천시계),B-26,유입,오쇠삼거리->외발산사거리,5922.0,37.54318,126.8123,14시,519.0
0,20180902.0,일,오정로(부천시계),B-26,유입,오쇠삼거리->외발산사거리,5922.0,37.54318,126.8123,15시,488.0
0,20180902.0,일,오정로(부천시계),B-26,유입,오쇠삼거리->외발산사거리,5922.0,37.54318,126.8123,16시,525.0
0,20180902.0,일,오정로(부천시계),B-26,유입,오쇠삼거리->외발산사거리,5922.0,37.54318,126.8123,17시,526.0
0,20180902.0,일,오정로(부천시계),B-26,유입,오쇠삼거리->외발산사거리,5922.0,37.54318,126.8123,18시,447.0
0,20180902.0,일,오정로(부천시계),B-26,유입,오쇠삼거리->외발산사거리,5922.0,37.54318,126.8123,19시,362.0
0,20180902.0,일,오정로(부천시계),B-26,유입,오쇠삼거리->외발산사거리,5922.0,37.54318,126.8123,20시,326.0
0,20180903.0,월,오정로(부천시계),B-26,유입,오쇠삼거리->외발산사거리,7309.0,37.54318,126.8123,8시,786.0
0,20180903.0,월,오정로(부천시계),B-26,유입,오쇠삼거리->외발산사거리,7309.0,37.54318,126.8123,9시,705.0
0,20180903.0,월,오정로(부천시계),B-26,유입,오쇠삼거리->외발산사거리,7309.0,37.54318,126.8123,10시,595.0
0,20180903.0,월,오정로(부천시계),B-26,유입,오쇠삼거리->외발산사거리,7309.0,37.54318,126.8123,11시,586.0
0,20180903.0,월,오정로(부천시계),B-26,유입,오쇠삼거리->외발산사거리,7309.0,37.54318,126.8123,12시,533.0
0,20180903.0,월,오정로(부천시계),B-26,유입,오쇠삼거리->외발산사거리,7309.0,37.54318,126.8123,13시,510.0
0,20180903.0,월,오정로(부천시계),B-26,유입,오쇠삼거리->외발산사거리,7309.0,37.54318,126.8123,14시,534.0
0,20180903.0,월,오정로(부천시계),B-26,유입,오쇠삼거리->외발산사거리,7309.0,37.54318,126.8123,15시,501.0
0,20180903.0,월,오정로(부천시계),B-26,유입,오쇠삼거리->외발산사거리,7309.0,37.54318,126.8123,16시,528.0
0,20180903.0,월,오정로(부천시계),B-26,유입,오쇠삼거리->외발산사거리,7309.0,37.54318,126.8123,17시,643.0
0,20180903.0,월,오정로(부천시계),B-26,유입,오쇠삼거리->외발산사거리,7309.0,37.54318,126.8123,18시,590.0
0,20180903.0,월,오정로(부천시계),B-26,유입,오쇠삼거리->외발산사거리,7309.0,37.54318,126.8123,19시,448.0
0,20180903.0,월,오정로(부천시계),B-26,유입,오쇠삼거리->외발산사거리,7309.0,37.54318,126.8123,20시,350.0
0,20180904.0,화,오정로(부천시계),B-26,유입,오쇠삼거리->외발산사거리,7736.0,37.54318,126.8123,8시,810.0
0,20180904.0,화,오정로(부천시계),B-26,유입,오쇠삼거리->외발산사거리,7736.0,37.54318,126.8123,9시,716.0
0,20180904.0,화,오정로(부천시계),B-26,유입,오쇠삼거리->외발산사거리,7736.0,37.54318,126.8123,10시,634.0
0,20180904.0,화,오정로(부천시계),B-26,유입,오쇠삼거리->외발산사거리,7736.0,37.54318,126.8123,11시,645.0
0,20180904.0,화,오정로(부천시계),B-26,유입,오쇠삼거리->외발산사거리,7736.0,37.54318,126.8123,12시,501.0
0,20180904.0,화,오정로(부천시계),B-26,유입,오쇠삼거리->외발산사거리,7736.0,37.54318,126.8123,13시,534.0
0,20180904.0,화,오정로(부천시계),B-26,유입,오쇠삼거리->외발산사거리,7736.0,37.54318,126.8123,14시,540.0
0,20180904.0,화,오정로(부천시계),B-26,유입,오쇠삼거리->외발산사거리,7736.0,37.54318,126.8123,15시,592.0
0,20180904.0,화,오정로(부천시계),B-26,유입,오쇠삼거리->외발산사거리,7736.0,37.54318,126.8123,16시,581.0
0,20180904.0,화,오정로(부천시계),B-26,유입,오쇠삼거리->외발산사거리,7736.0,37.54318,126.8123,17시,706.0
0,20180904.0,화,오정로(부천시계),B-26,유입,오쇠삼거리->외발산사거리,7736.0,37.54318,126.8123,18시,605.0
0,20180904.0,화,오정로(부천시계),B-26,유입,오쇠삼거리->외발산사거리,7736.0,37.54318,126.8123,19시,494.0
0,20180904.0,화,오정로(부천시계),B-26,유입,오쇠삼거리->외발산사거리,7736.0,37.54318,126.8123,20시,378.0
0,20180905.0,수,오정로(부천시계),B-26,유입,오쇠삼거리->외발산사거리,7667.0,37.54318,126.8123,8시,786.0
0,20180905.0,수,오정로(부천시계),B-26,유입,오쇠삼거리->외발산사거리,7667.0,37.54318,126.8123,9시,753.0
0,20180905.0,수,오정로(부천시계),B-26,유입,오쇠삼거리->외발산사거리,7667.0,37.54318,126.8123,10시,669.0
0,20180905.0,수,오정로(부천시계),B-26,유입,오쇠삼거리->외발산사거리,7667.0,37.54318,126.8123,11시,602.0
0,20180905.0,수,오정로(부천시계),B-26,유입,오쇠삼거리->외발산사거리,7667.0,37.54318,126.8123,12시,534.0
0,20180905.0,수,오정로(부천시계),B-26,유입,오쇠삼거리->외발산사거리,7667.0,37.54318,126.8123,13시,553.0
0,20180905.0,수,오정로(부천시계),B-26,유입,오쇠삼거리->외발산사거리,7667.0,37.54318,126.8123,14시,534.0
0,20180905.0,수,오정로(부천시계),B-26,유입,오쇠삼거리->외발산사거리,7667.0,37.54318,126.8123,15시,508.0
0,20180905.0,수,오정로(부천시계),B-26,유입,오쇠삼거리->외발산사거리,7667.0,37.54318,126.8123,16시,563.0
0,20180905.0,수,오정로(부천시계),B-26,유입,오쇠삼거리->외발산사거리,7667.0,37.54318,126.8123,17시,727.0
0,20180905.0,수,오정로(부천시계),B-26,유입,오쇠삼거리->외발산사거리,7667.0,37.54318,126.8123,18시,584.0
0,20180905.0,수,오정로(부천시계),B-26,유입,오쇠삼거리->외발산사거리,7667.0,37.54318,126.8123,19시,490.0
0,20180905.0,수,오정로(부천시계),B-26,유입,오쇠삼거리->외발산사거리,7667.0,37.54318,126.8123,20시,364.0
0,20180906.0,목,오정로(부천시계),B-26,유입,오쇠삼거리->외발산사거리,7832.0,37.54318,126.8123,8시,821.0
0,20180906.0,목,오정로(부천시계),B-26,유입,오쇠삼거리->외발산사거리,7832.0,37.54318,126.8123,9시,700.0
0,20180906.0,목,오정로(부천시계),B-26,유입,오쇠삼거리->외발산사거리,7832.0,37.54318,126.8123,10시,664.0
0,20180906.0,목,오정로(부천시계),B-26,유입,오쇠삼거리->외발산사거리,7832.0,37.54318,126.8123,11시,643.0
0,20180906.0,목,오정로(부천시계),B-26,유입,오쇠삼거리->외발산사거리,7832.0,37.54318,126.8123,12시,527.0
0,20180906.0,목,오정로(부천시계),B-26,유입,오쇠삼거리->외발산사거리,7832.0,37.54318,126.8123,13시,549.0
0,20180906.0,목,오정로(부천시계),B-26,유입,오쇠삼거리->외발산사거리,7832.0,37.54318,126.8123,14시,557.0
0,20180906.0,목,오정로(부천시계),B-26,유입,오쇠삼거리->외발산사거리,7832.0,37.54318,126.8123,15시,561.0
0,20180906.0,목,오정로(부천시계),B-26,유입,오쇠삼거리->외발산사거리,7832.0,37.54318,126.8123,16시,630.0
0,20180906.0,목,오정로(부천시계),B-26,유입,오쇠삼거리->외발산사거리,7832.0,37.54318,126.8123,17시,738.0
0,20180906.0,목,오정로(부천시계),B-26,유입,오쇠삼거리->외발산사거리,7832.0,37.54318,126.8123,18시,588.0
0,20180906.0,목,오정로(부천시계),B-26,유입,오쇠삼거리->외발산사거리,7832.0,37.54318,126.8123,19시,475.0
0,20180906.0,목,오정로(부천시계),B-26,유입,오쇠삼거리->외발산사거리,7832.0,37.54318,126.8123,20시,379.0
0,20180907.0,금,오정로(부천시계),B-26,유입,오쇠삼거리->외발산사거리,7869.0,37.54318,126.8123,8시,791.0
0,20180907.0,금,오정로(부천시계),B-26,유입,오쇠삼거리->외발산사거리,7869.0,37.54318,126.8123,9시,705.0
0,20180907.0,금,오정로(부천시계),B-26,유입,오쇠삼거리->외발산사거리,7869.0,37.54318,126.8123,10시,615.0
0,20180907.0,금,오정로(부천시계),B-26,유입,오쇠삼거리->외발산사거리,7869.0,37.54318,126.8123,11시,569.0
0,20180907.0,금,오정로(부천시계),B-26,유입,오쇠삼거리->외발산사거리,7869.0,37.54318,126.8123,12시,583.0
0,20180907.0,금,오정로(부천시계),B-26,유입,오쇠삼거리->외발산사거리,7869.0,37.54318,126.8123,13시,527.0
0,20180907.0,금,오정로(부천시계),B-26,유입,오쇠삼거리->외발산사거리,7869.0,37.54318,126.8123,14시,569.0
0,20180907.0,금,오정로(부천시계),B-26,유입,오쇠삼거리->외발산사거리,7869.0,37.54318,126.8123,15시,556.0
0,20180907.0,금,오정로(부천시계),B-26,유입,오쇠삼거리->외발산사거리,7869.0,37.54318,126.8123,16시,644.0
0,20180907.0,금,오정로(부천시계),B-26,유입,오쇠삼거리->외발산사거리,7869.0,37.54318,126.8123,17시,732.0
0,20180907.0,금,오정로(부천시계),B-26,유입,오쇠삼거리->외발산사거리,7869.0,37.54318,126.8123,18시,625.0
0,20180907.0,금,오정로(부천시계),B-26,유입,오쇠삼거리->외발산사거리,7869.0,37.54318,126.8123,19시,563.0
0,20180907.0,금,오정로(부천시계),B-26,유입,오쇠삼거리->외발산사거리,7869.0,37.54318,126.8123,20시,390.0
0,20180908.0,토,오정로(부천시계),B-26,유입,오쇠삼거리->외발산사거리,7579.0,37.54318,126.8123,8시,573.0
0,20180908.0,토,오정로(부천시계),B-26,유입,오쇠삼거리->외발산사거리,7579.0,37.54318,126.8123,9시,590.0
0,20180908.0,토,오정로(부천시계),B-26,유입,오쇠삼거리->외발산사거리,7579.0,37.54318,126.8123,10시,641.0
0,20180908.0,토,오정로(부천시계),B-26,유입,오쇠삼거리->외발산사거리,7579.0,37.54318,126.8123,11시,718.0
0,20180908.0,토,오정로(부천시계),B-26,유입,오쇠삼거리->외발산사거리,7579.0,37.54318,126.8123,12시,633.0
0,20180908.0,토,오정로(부천시계),B-26,유입,오쇠삼거리->외발산사거리,7579.0,37.54318,126.8123,13시,622.0
0,20180908.0,토,오정로(부천시계),B-26,유입,오쇠삼거리->외발산사거리,7579.0,37.54318,126.8123,14시,600.0
0,20180908.0,토,오정로(부천시계),B-26,유입,오쇠삼거리->외발산사거리,7579.0,37.54318,126.8123,15시,680.0
0,20180908.0,토,오정로(부천시계),B-26,유입,오쇠삼거리->외발산사거리,7579.0,37.54318,126.8123,16시,588.0
0,20180908.0,토,오정로(부천시계),B-26,유입,오쇠삼거리->외발산사거리,7579.0,37.54318,126.8123,17시,640.0
0,20180908.0,토,오정로(부천시계),B-26,유입,오쇠삼거리->외발산사거리,7579.0,37.54318,126.8123,18시,559.0
0,20180908.0,토,오정로(부천시계),B-26,유입,오쇠삼거리->외발산사거리,7579.0,37.54318,126.8123,19시,414.0
0,20180908.0,토,오정로(부천시계),B-26,유입,오쇠삼거리->외발산사거리,7579.0,37.54318,126.8123,20시,321.0
0,20180909.0,일,오정로(부천시계),B-26,유입,오쇠삼거리->외발산사거리,5982.0,37.54318,126.8123,8시,330.0
0,20180909.0,일,오정로(부천시계),B-26,유입,오쇠삼거리->외발산사거리,5982.0,37.54318,126.8123,9시,468.0
0,20180909.0,일,오정로(부천시계),B-26,유입,오쇠삼거리->외발산사거리,5982.0,37.54318,126.8123,10시,487.0
0,20180909.0,일,오정로(부천시계),B-26,유입,오쇠삼거리->외발산사거리,5982.0,37.54318,126.8123,11시,444.0
0,20180909.0,일,오정로(부천시계),B-26,유입,오쇠삼거리->외발산사거리,5982.0,37.54318,126.8123,12시,493.0
0,20180909.0,일,오정로(부천시계),B-26,유입,오쇠삼거리->외발산사거리,5982.0,37.54318,126.8123,13시,523.0
0,20180909.0,일,오정로(부천시계),B-26,유입,오쇠삼거리->외발산사거리,5982.0,37.54318,126.8123,14시,487.0
0,20180909.0,일,오정로(부천시계),B-26,유입,오쇠삼거리->외발산사거리,5982.0,37.54318,126.8123,15시,522.0
0,20180909.0,일,오정로(부천시계),B-26,유입,오쇠삼거리->외발산사거리,5982.0,37.54318,126.8123,16시,533.0
0,20180909.0,일,오정로(부천시계),B-26,유입,오쇠삼거리->외발산사거리,5982.0,37.54318,126.8123,17시,521.0
0,20180909.0,일,오정로(부천시계),B-26,유입,오쇠삼거리->외발산사거리,5982.0,37.54318,126.8123,18시,467.0
0,20180909.0,일,오정로(부천시계),B-26,유입,오쇠삼거리->외발산사거리,5982.0,37.54318,126.8123,19시,394.0
0,20180909.0,일,오정로(부천시계),B-26,유입,오쇠삼거리->외발산사거리,5982.0,37.54318,126.8123,20시,313.0
0,20180910.0,월,오정로(부천시계),B-26,유입,오쇠삼거리->외발산사거리,7819.0,37.54318,126.8123,8시,817.0
0,20180910.0,월,오정로(부천시계),B-26,유입,오쇠삼거리->외발산사거리,7819.0,37.54318,126.8123,9시,709.0
0,20180910.0,월,오정로(부천시계),B-26,유입,오쇠삼거리->외발산사거리,7819.0,37.54318,126.8123,10시,637.0
0,20180910.0,월,오정로(부천시계),B-26,유입,오쇠삼거리->외발산사거리,7819.0,37.54318,126.8123,11시,602.0
0,20180910.0,월,오정로(부천시계),B-26,유입,오쇠삼거리->외발산사거리,7819.0,37.54318,126.8123,12시,566.0
0,20180910.0,월,오정로(부천시계),B-26,유입,오쇠삼거리->외발산사거리,7819.0,37.54318,126.8123,13시,565.0
0,20180910.0,월,오정로(부천시계),B-26,유입,오쇠삼거리->외발산사거리,7819.0,37.54318,126.8123,14시,539.0
0,20180910.0,월,오정로(부천시계),B-26,유입,오쇠삼거리->외발산사거리,7819.0,37.54318,126.8123,15시,582.0
0,20180910.0,월,오정로(부천시계),B-26,유입,오쇠삼거리->외발산사거리,7819.0,37.54318,126.8123,16시,601.0
0,20180910.0,월,오정로(부천시계),B-26,유입,오쇠삼거리->외발산사거리,7819.0,37.54318,126.8123,17시,761.0
0,20180910.0,월,오정로(부천시계),B-26,유입,오쇠삼거리->외발산사거리,7819.0,37.54318,126.8123,18시,611.0
0,20180910.0,월,오정로(부천시계),B-26,유입,오쇠삼거리->외발산사거리,7819.0,37.54318,126.8123,19시,472.0
0,20180910.0,월,오정로(부천시계),B-26,유입,오쇠삼거리->외발산사거리,7819.0,37.54318,126.8123,20시,357.0
0,20180911.0,화,오정로(부천시계),B-26,유입,오쇠삼거리->외발산사거리,7694.0,37.54318,126.8123,8시,809.0
0,20180911.0,화,오정로(부천시계),B-26,유입,오쇠삼거리->외발산사거리,7694.0,37.54318,126.8123,9시,795.0
0,20180911.0,화,오정로(부천시계),B-26,유입,오쇠삼거리->외발산사거리,7694.0,37.54318,126.8123,10시,606.0
0,20180911.0,화,오정로(부천시계),B-26,유입,오쇠삼거리->외발산사거리,7694.0,37.54318,126.8123,11시,625.0
0,20180911.0,화,오정로(부천시계),B-26,유입,오쇠삼거리->외발산사거리,7694.0,37.54318,126.8123,12시,559.0
0,20180911.0,화,오정로(부천시계),B-26,유입,오쇠삼거리->외발산사거리,7694.0,37.54318,126.8123,13시,502.0
0,20180911.0,화,오정로(부천시계),B-26,유입,오쇠삼거리->외발산사거리,7694.0,37.54318,126.8123,14시,515.0
0,20180911.0,화,오정로(부천시계),B-26,유입,오쇠삼거리->외발산사거리,7694.0,37.54318,126.8123,15시,561.0
0,20180911.0,화,오정로(부천시계),B-26,유입,오쇠삼거리->외발산사거리,7694.0,37.54318,126.8123,16시,574.0
0,20180911.0,화,오정로(부천시계),B-26,유입,오쇠삼거리->외발산사거리,7694.0,37.54318,126.8123,17시,722.0
0,20180911.0,화,오정로(부천시계),B-26,유입,오쇠삼거리->외발산사거리,7694.0,37.54318,126.8123,18시,588.0
0,20180911.0,화,오정로(부천시계),B-26,유입,오쇠삼거리->외발산사거리,7694.0,37.54318,126.8123,19시,455.0
0,20180911.0,화,오정로(부천시계),B-26,유입,오쇠삼거리->외발산사거리,7694.0,37.54318,126.8123,20시,383.0
0,20180912.0,수,오정로(부천시계),B-26,유입,오쇠삼거리->외발산사거리,7833.0,37.54318,126.8123,8시,807.0
0,20180912.0,수,오정로(부천시계),B-26,유입,오쇠삼거리->외발산사거리,7833.0,37.54318,126.8123,9시,756.0
0,20180912.0,수,오정로(부천시계),B-26,유입,오쇠삼거리->외발산사거리,7833.0,37.54318,126.8123,10시,649.0
0,20180912.0,수,오정로(부천시계),B-26,유입,오쇠삼거리->외발산사거리,7833.0,37.54318,126.8123,11시,627.0
0,20180912.0,수,오정로(부천시계),B-26,유입,오쇠삼거리->외발산사거리,7833.0,37.54318,126.8123,12시,502.0
0,20180912.0,수,오정로(부천시계),B-26,유입,오쇠삼거리->외발산사거리,7833.0,37.54318,126.8123,13시,567.0
0,20180912.0,수,오정로(부천시계),B-26,유입,오쇠삼거리->외발산사거리,7833.0,37.54318,126.8123,14시,539.0
0,20180912.0,수,오정로(부천시계),B-26,유입,오쇠삼거리->외발산사거리,7833.0,37.54318,126.8123,15시,608.0
0,20180912.0,수,오정로(부천시계),B-26,유입,오쇠삼거리->외발산사거리,7833.0,37.54318,126.8123,16시,573.0
0,20180912.0,수,오정로(부천시계),B-26,유입,오쇠삼거리->외발산사거리,7833.0,37.54318,126.8123,17시,749.0
0,20180912.0,수,오정로(부천시계),B-26,유입,오쇠삼거리->외발산사거리,7833.0,37.54318,126.8123,18시,595.0
0,20180912.0,수,오정로(부천시계),B-26,유입,오쇠삼거리->외발산사거리,7833.0,37.54318,126.8123,19시,500.0
0,20180912.0,수,오정로(부천시계),B-26,유입,오쇠삼거리->외발산사거리,7833.0,37.54318,126.8123,20시,361.0
0,20180913.0,목,오정로(부천시계),B-26,유입,오쇠삼거리->외발산사거리,7774.0,37.54318,126.8123,8시,821.0
0,20180913.0,목,오정로(부천시계),B-26,유입,오쇠삼거리->외발산사거리,7774.0,37.54318,126.8123,9시,750.0
0,20180913.0,목,오정로(부천시계),B-26,유입,오쇠삼거리->외발산사거리,7774.0,37.54318,126.8123,10시,670.0
0,20180913.0,목,오정로(부천시계),B-26,유입,오쇠삼거리->외발산사거리,7774.0,37.54318,126.8123,11시,638.0
0,20180913.0,목,오정로(부천시계),B-26,유입,오쇠삼거리->외발산사거리,7774.0,37.54318,126.8123,12시,568.0
0,20180913.0,목,오정로(부천시계),B-26,유입,오쇠삼거리->외발산사거리,7774.0,37.54318,126.8123,13시,535.0
0,20180913.0,목,오정로(부천시계),B-26,유입,오쇠삼거리->외발산사거리,7774.0,37.54318,126.8123,14시,552.0
0,20180913.0,목,오정로(부천시계),B-26,유입,오쇠삼거리->외발산사거리,7774.0,37.54318,126.8123,15시,528.0
0,20180913.0,목,오정로(부천시계),B-26,유입,오쇠삼거리->외발산사거리,7774.0,37.54318,126.8123,16시,603.0
0,20180913.0,목,오정로(부천시계),B-26,유입,오쇠삼거리->외발산사거리,7774.0,37.54318,126.8123,17시,698.0
0,20180913.0,목,오정로(부천시계),B-26,유입,오쇠삼거리->외발산사거리,7774.0,37.54318,126.8123,18시,575.0
0,20180913.0,목,오정로(부천시계),B-26,유입,오쇠삼거리->외발산사거리,7774.0,37.54318,126.8123,19시,480.0
0,20180913.0,목,오정로(부천시계),B-26,유입,오쇠삼거리->외발산사거리,7774.0,37.54318,126.8123,20시,356.0
0,20180914.0,금,오정로(부천시계),B-26,유입,오쇠삼거리->외발산사거리,7958.0,37.54318,126.8123,8시,861.0
0,20180914.0,금,오정로(부천시계),B-26,유입,오쇠삼거리->외발산사거리,7958.0,37.54318,126.8123,9시,721.0
0,20180914.0,금,오정로(부천시계),B-26,유입,오쇠삼거리->외발산사거리,7958.0,37.54318,126.8123,10시,604.0
0,20180914.0,금,오정로(부천시계),B-26,유입,오쇠삼거리->외발산사거리,7958.0,37.54318,126.8123,11시,626.0
0,20180914.0,금,오정로(부천시계),B-26,유입,오쇠삼거리->외발산사거리,7958.0,37.54318,126.8123,12시,528.0
0,20180914.0,금,오정로(부천시계),B-26,유입,오쇠삼거리->외발산사거리,7958.0,37.54318,126.8123,13시,578.0
0,20180914.0,금,오정로(부천시계),B-26,유입,오쇠삼거리->외발산사거리,7958.0,37.54318,126.8123,14시,591.0
0,20180914.0,금,오정로(부천시계),B-26,유입,오쇠삼거리->외발산사거리,7958.0,37.54318,126.8123,15시,586.0
0,20180914.0,금,오정로(부천시계),B-26,유입,오쇠삼거리->외발산사거리,7958.0,37.54318,126.8123,16시,621.0
0,20180914.0,금,오정로(부천시계),B-26,유입,오쇠삼거리->외발산사거리,7958.0,37.54318,126.8123,17시,740.0
0,20180914.0,금,오정로(부천시계),B-26,유입,오쇠삼거리->외발산사거리,7958.0,37.54318,126.8123,18시,552.0
0,20180914.0,금,오정로(부천시계),B-26,유입,오쇠삼거리->외발산사거리,7958.0,37.54318,126.8123,19시,547.0
0,20180914.0,금,오정로(부천시계),B-26,유입,오쇠삼거리->외발산사거리,7958.0,37.54318,126.8123,20시,403.0
0,20180915.0,토,오정로(부천시계),B-26,유입,오쇠삼거리->외발산사거리,7568.0,37.54318,126.8123,8시,602.0
0,20180915.0,토,오정로(부천시계),B-26,유입,오쇠삼거리->외발산사거리,7568.0,37.54318,126.8123,9시,641.0
0,20180915.0,토,오정로(부천시계),B-26,유입,오쇠삼거리->외발산사거리,7568.0,37.54318,126.8123,10시,630.0
0,20180915.0,토,오정로(부천시계),B-26,유입,오쇠삼거리->외발산사거리,7568.0,37.54318,126.8123,11시,640.0
0,20180915.0,토,오정로(부천시계),B-26,유입,오쇠삼거리->외발산사거리,7568.0,37.54318,126.8123,12시,608.0
0,20180915.0,토,오정로(부천시계),B-26,유입,오쇠삼거리->외발산사거리,7568.0,37.54318,126.8123,13시,671.0
0,20180915.0,토,오정로(부천시계),B-26,유입,오쇠삼거리->외발산사거리,7568.0,37.54318,126.8123,14시,682.0
0,20180915.0,토,오정로(부천시계),B-26,유입,오쇠삼거리->외발산사거리,7568.0,37.54318,126.8123,15시,584.0
0,20180915.0,토,오정로(부천시계),B-26,유입,오쇠삼거리->외발산사거리,7568.0,37.54318,126.8123,16시,682.0
0,20180915.0,토,오정로(부천시계),B-26,유입,오쇠삼거리->외발산사거리,7568.0,37.54318,126.8123,17시,631.0
0,20180915.0,토,오정로(부천시계),B-26,유입,오쇠삼거리->외발산사거리,7568.0,37.54318,126.8123,18시,501.0
0,20180915.0,토,오정로(부천시계),B-26,유입,오쇠삼거리->외발산사거리,7568.0,37.54318,126.8123,19시,371.0
0,20180915.0,토,오정로(부천시계),B-26,유입,오쇠삼거리->외발산사거리,7568.0,37.54318,126.8123,20시,325.0
0,20180916.0,일,오정로(부천시계),B-26,유입,오쇠삼거리->외발산사거리,5897.0,37.54318,126.8123,8시,366.0
0,20180916.0,일,오정로(부천시계),B-26,유입,오쇠삼거리->외발산사거리,5897.0,37.54318,126.8123,9시,474.0
0,20180916.0,일,오정로(부천시계),B-26,유입,오쇠삼거리->외발산사거리,5897.0,37.54318,126.8123,10시,474.0
0,20180916.0,일,오정로(부천시계),B-26,유입,오쇠삼거리->외발산사거리,5897.0,37.54318,126.8123,11시,479.0
0,20180916.0,일,오정로(부천시계),B-26,유입,오쇠삼거리->외발산사거리,5897.0,37.54318,126.8123,12시,558.0
0,20180916.0,일,오정로(부천시계),B-26,유입,오쇠삼거리->외발산사거리,5897.0,37.54318,126.8123,13시,506.0
0,20180916.0,일,오정로(부천시계),B-26,유입,오쇠삼거리->외발산사거리,5897.0,37.54318,126.8123,14시,510.0
0,20180916.0,일,오정로(부천시계),B-26,유입,오쇠삼거리->외발산사거리,5897.0,37.54318,126.8123,15시,460.0
0,20180916.0,일,오정로(부천시계),B-26,유입,오쇠삼거리->외발산사거리,5897.0,37.54318,126.8123,16시,457.0
0,20180916.0,일,오정로(부천시계),B-26,유입,오쇠삼거리->외발산사거리,5897.0,37.54318,126.8123,17시,518.0
0,20180916.0,일,오정로(부천시계),B-26,유입,오쇠삼거리->외발산사거리,5897.0,37.54318,126.8123,18시,463.0
0,20180916.0,일,오정로(부천시계),B-26,유입,오쇠삼거리->외발산사거리,5897.0,37.54318,126.8123,19시,342.0
0,20180916.0,일,오정로(부천시계),B-26,유입,오쇠삼거리->외발산사거리,5897.0,37.54318,126.8123,20시,290.0
0,20180917.0,월,오정로(부천시계),B-26,유입,오쇠삼거리->외발산사거리,7874.0,37.54318,126.8123,8시,822.0
0,20180917.0,월,오정로(부천시계),B-26,유입,오쇠삼거리->외발산사거리,7874.0,37.54318,126.8123,9시,758.0
0,20180917.0,월,오정로(부천시계),B-26,유입,오쇠삼거리->외발산사거리,7874.0,37.54318,126.8123,10시,592.0
0,20180917.0,월,오정로(부천시계),B-26,유입,오쇠삼거리->외발산사거리,7874.0,37.54318,126.8123,11시,602.0
0,20180917.0,월,오정로(부천시계),B-26,유입,오쇠삼거리->외발산사거리,7874.0,37.54318,126.8123,12시,595.0
0,20180917.0,월,오정로(부천시계),B-26,유입,오쇠삼거리->외발산사거리,7874.0,37.54318,126.8123,13시,546.0
0,20180917.0,월,오정로(부천시계),B-26,유입,오쇠삼거리->외발산사거리,7874.0,37.54318,126.8123,14시,520.0
0,20180917.0,월,오정로(부천시계),B-26,유입,오쇠삼거리->외발산사거리,7874.0,37.54318,126.8123,15시,548.0
0,20180917.0,월,오정로(부천시계),B-26,유입,오쇠삼거리->외발산사거리,7874.0,37.54318,126.8123,16시,635.0
0,20180917.0,월,오정로(부천시계),B-26,유입,오쇠삼거리->외발산사거리,7874.0,37.54318,126.8123,17시,725.0
0,20180917.0,월,오정로(부천시계),B-26,유입,오쇠삼거리->외발산사거리,7874.0,37.54318,126.8123,18시,620.0
0,20180917.0,월,오정로(부천시계),B-26,유입,오쇠삼거리->외발산사거리,7874.0,37.54318,126.8123,19시,541.0
0,20180917.0,월,오정로(부천시계),B-26,유입,오쇠삼거리->외발산사거리,7874.0,37.54318,126.8123,20시,370.0
0,20180918.0,화,오정로(부천시계),B-26,유입,오쇠삼거리->외발산사거리,7931.0,37.54318,126.8123,8시,814.0
0,20180918.0,화,오정로(부천시계),B-26,유입,오쇠삼거리->외발산사거리,7931.0,37.54318,126.8123,9시,727.0
0,20180918.0,화,오정로(부천시계),B-26,유입,오쇠삼거리->외발산사거리,7931.0,37.54318,126.8123,10시,656.0
0,20180918.0,화,오정로(부천시계),B-26,유입,오쇠삼거리->외발산사거리,7931.0,37.54318,126.8123,11시,630.0
0,20180918.0,화,오정로(부천시계),B-26,유입,오쇠삼거리->외발산사거리,7931.0,37.54318,126.8123,12시,559.0
0,20180918.0,화,오정로(부천시계),B-26,유입,오쇠삼거리->외발산사거리,7931.0,37.54318,126.8123,13시,570.0
0,20180918.0,화,오정로(부천시계),B-26,유입,오쇠삼거리->외발산사거리,7931.0,37.54318,126.8123,14시,549.0
0,20180918.0,화,오정로(부천시계),B-26,유입,오쇠삼거리->외발산사거리,7931.0,37.54318,126.8123,15시,611.0
0,20180918.0,화,오정로(부천시계),B-26,유입,오쇠삼거리->외발산사거리,7931.0,37.54318,126.8123,16시,617.0
0,20180918.0,화,오정로(부천시계),B-26,유입,오쇠삼거리->외발산사거리,7931.0,37.54318,126.8123,17시,691.0
0,20180918.0,화,오정로(부천시계),B-26,유입,오쇠삼거리->외발산사거리,7931.0,37.54318,126.8123,18시,637.0
0,20180918.0,화,오정로(부천시계),B-26,유입,오쇠삼거리->외발산사거리,7931.0,37.54318,126.8123,19시,464.0
0,20180918.0,화,오정로(부천시계),B-26,유입,오쇠삼거리->외발산사거리,7931.0,37.54318,126.8123,20시,406.0
0,20180919.0,수,오정로(부천시계),B-26,유입,오쇠삼거리->외발산사거리,7768.0,37.54318,126.8123,8시,800.0
0,20180919.0,수,오정로(부천시계),B-26,유입,오쇠삼거리->외발산사거리,7768.0,37.54318,126.8123,9시,711.0
0,20180919.0,수,오정로(부천시계),B-26,유입,오쇠삼거리->외발산사거리,7768.0,37.54318,126.8123,10시,642.0
0,20180919.0,수,오정로(부천시계),B-26,유입,오쇠삼거리->외발산사거리,7768.0,37.54318,126.8123,11시,607.0
0,20180919.0,수,오정로(부천시계),B-26,유입,오쇠삼거리->외발산사거리,7768.0,37.54318,126.8123,12시,564.0
0,20180919.0,수,오정로(부천시계),B-26,유입,오쇠삼거리->외발산사거리,7768.0,37.54318,126.8123,13시,507.0
0,20180919.0,수,오정로(부천시계),B-26,유입,오쇠삼거리->외발산사거리,7768.0,37.54318,126.8123,14시,554.0
0,20180919.0,수,오정로(부천시계),B-26,유입,오쇠삼거리->외발산사거리,7768.0,37.54318,126.8123,15시,567.0
0,20180919.0,수,오정로(부천시계),B-26,유입,오쇠삼거리->외발산사거리,7768.0,37.54318,126.8123,16시,614.0
0,20180919.0,수,오정로(부천시계),B-26,유입,오쇠삼거리->외발산사거리,7768.0,37.54318,126.8123,17시,683.0
0,20180919.0,수,오정로(부천시계),B-26,유입,오쇠삼거리->외발산사거리,7768.0,37.54318,126.8123,18시,608.0
0,20180919.0,수,오정로(부천시계),B-26,유입,오쇠삼거리->외발산사거리,7768.0,37.54318,126.8123,19시,529.0
0,20180919.0,수,오정로(부천시계),B-26,유입,오쇠삼거리->외발산사거리,7768.0,37.54318,126.8123,20시,382.0
0,20180920.0,목,오정로(부천시계),B-26,유입,오쇠삼거리->외발산사거리,8128.0,37.54318,126.8123,8시,835.0
0,20180920.0,목,오정로(부천시계),B-26,유입,오쇠삼거리->외발산사거리,8128.0,37.54318,126.8123,9시,697.0
0,20180920.0,목,오정로(부천시계),B-26,유입,오쇠삼거리->외발산사거리,8128.0,37.54318,126.8123,10시,715.0
0,20180920.0,목,오정로(부천시계),B-26,유입,오쇠삼거리->외발산사거리,8128.0,37.54318,126.8123,11시,679.0
0,20180920.0,목,오정로(부천시계),B-26,유입,오쇠삼거리->외발산사거리,8128.0,37.54318,126.8123,12시,598.0
0,20180920.0,목,오정로(부천시계),B-26,유입,오쇠삼거리->외발산사거리,8128.0,37.54318,126.8123,13시,595.0
0,20180920.0,목,오정로(부천시계),B-26,유입,오쇠삼거리->외발산사거리,8128.0,37.54318,126.8123,14시,613.0
0,20180920.0,목,오정로(부천시계),B-26,유입,오쇠삼거리->외발산사거리,8128.0,37.54318,126.8123,15시,606.0
0,20180920.0,목,오정로(부천시계),B-26,유입,오쇠삼거리->외발산사거리,8128.0,37.54318,126.8123,16시,601.0
0,20180920.0,목,오정로(부천시계),B-26,유입,오쇠삼거리->외발산사거리,8128.0,37.54318,126.8123,17시,738.0
0,20180920.0,목,오정로(부천시계),B-26,유입,오쇠삼거리->외발산사거리,8128.0,37.54318,126.8123,18시,584.0
0,20180920.0,목,오정로(부천시계),B-26,유입,오쇠삼거리->외발산사거리,8128.0,37.54318,126.8123,19시,479.0
0,20180920.0,목,오정로(부천시계),B-26,유입,오쇠삼거리->외발산사거리,8128.0,37.54318,126.8123,20시,388.0
0,20180921.0,금,오정로(부천시계),B-26,유입,오쇠삼거리->외발산사거리,8256.0,37.54318,126.8123,8시,786.0
0,20180921.0,금,오정로(부천시계),B-26,유입,오쇠삼거리->외발산사거리,8256.0,37.54318,126.8123,9시,732.0
0,20180921.0,금,오정로(부천시계),B-26,유입,오쇠삼거리->외발산사거리,8256.0,37.54318,126.8123,10시,661.0
0,20180921.0,금,오정로(부천시계),B-26,유입,오쇠삼거리->외발산사거리,8256.0,37.54318,126.8123,11시,665.0
0,20180921.0,금,오정로(부천시계),B-26,유입,오쇠삼거리->외발산사거리,8256.0,37.54318,126.8123,12시,633.0
0,20180921.0,금,오정로(부천시계),B-26,유입,오쇠삼거리->외발산사거리,8256.0,37.54318,126.8123,13시,615.0
0,20180921.0,금,오정로(부천시계),B-26,유입,오쇠삼거리->외발산사거리,8256.0,37.54318,126.8123,14시,661.0
0,20180921.0,금,오정로(부천시계),B-26,유입,오쇠삼거리->외발산사거리,8256.0,37.54318,126.8123,15시,637.0
0,20180921.0,금,오정로(부천시계),B-26,유입,오쇠삼거리->외발산사거리,8256.0,37.54318,126.8123,16시,661.0
0,20180921.0,금,오정로(부천시계),B-26,유입,오쇠삼거리->외발산사거리,8256.0,37.54318,126.8123,17시,803.0
0,20180921.0,금,오정로(부천시계),B-26,유입,오쇠삼거리->외발산사거리,8256.0,37.54318,126.8123,18시,568.0
0,20180921.0,금,오정로(부천시계),B-26,유입,오쇠삼거리->외발산사거리,8256.0,37.54318,126.8123,19시,454.0
0,20180921.0,금,오정로(부천시계),B-26,유입,오쇠삼거리->외발산사거리,8256.0,37.54318,126.8123,20시,380.0
0,20180923.0,일,오정로(부천시계),B-26,유입,오쇠삼거리->외발산사거리,6382.0,37.54318,126.8123,8시,369.0
0,20180923.0,일,오정로(부천시계),B-26,유입,오쇠삼거리->외발산사거리,6382.0,37.54318,126.8123,9시,488.0
0,20180923.0,일,오정로(부천시계),B-26,유입,오쇠삼거리->외발산사거리,6382.0,37.54318,126.8123,10시,553.0
0,20180923.0,일,오정로(부천시계),B-26,유입,오쇠삼거리->외발산사거리,6382.0,37.54318,126.8123,11시,639.0
0,20180923.0,일,오정로(부천시계),B-26,유입,오쇠삼거리->외발산사거리,6382.0,37.54318,126.8123,12시,619.0
0,20180923.0,일,오정로(부천시계),B-26,유입,오쇠삼거리->외발산사거리,6382.0,37.54318,126.8123,13시,608.0
0,20180923.0,일,오정로(부천시계),B-26,유입,오쇠삼거리->외발산사거리,6382.0,37.54318,126.8123,14시,562.0
0,20180923.0,일,오정로(부천시계),B-26,유입,오쇠삼거리->외발산사거리,6382.0,37.54318,126.8123,15시,520.0
0,20180923.0,일,오정로(부천시계),B-26,유입,오쇠삼거리->외발산사거리,6382.0,37.54318,126.8123,16시,496.0
0,20180923.0,일,오정로(부천시계),B-26,유입,오쇠삼거리->외발산사거리,6382.0,37.54318,126.8123,17시,529.0
0,20180923.0,일,오정로(부천시계),B-26,유입,오쇠삼거리->외발산사거리,6382.0,37.54318,126.8123,18시,399.0
0,20180923.0,일,오정로(부천시계),B-26,유입,오쇠삼거리->외발산사거리,6382.0,37.54318,126.8123,19시,315.0
0,20180923.0,일,오정로(부천시계),B-26,유입,오쇠삼거리->외발산사거리,6382.0,37.54318,126.8123,20시,285.0
0,20180924.0,월,오정로(부천시계),B-26,유입,오쇠삼거리->외발산사거리,7785.0,37.54318,126.8123,8시,514.0
0,20180924.0,월,오정로(부천시계),B-26,유입,오쇠삼거리->외발산사거리,7785.0,37.54318,126.8123,9시,516.0
0,20180924.0,월,오정로(부천시계),B-26,유입,오쇠삼거리->외발산사거리,7785.0,37.54318,126.8123,10시,659.0
0,20180924.0,월,오정로(부천시계),B-26,유입,오쇠삼거리->외발산사거리,7785.0,37.54318,126.8123,11시,916.0
0,20180924.0,월,오정로(부천시계),B-26,유입,오쇠삼거리->외발산사거리,7785.0,37.54318,126.8123,12시,741.0
0,20180924.0,월,오정로(부천시계),B-26,유입,오쇠삼거리->외발산사거리,7785.0,37.54318,126.8123,13시,843.0
0,20180924.0,월,오정로(부천시계),B-26,유입,오쇠삼거리->외발산사거리,7785.0,37.54318,126.8123,14시,665.0
0,20180924.0,월,오정로(부천시계),B-26,유입,오쇠삼거리->외발산사거리,7785.0,37.54318,126.8123,15시,638.0
0,20180924.0,월,오정로(부천시계),B-26,유입,오쇠삼거리->외발산사거리,7785.0,37.54318,126.8123,16시,647.0
0,20180924.0,월,오정로(부천시계),B-26,유입,오쇠삼거리->외발산사거리,7785.0,37.54318,126.8123,17시,565.0
0,20180924.0,월,오정로(부천시계),B-26,유입,오쇠삼거리->외발산사거리,7785.0,37.54318,126.8123,18시,413.0
0,20180924.0,월,오정로(부천시계),B-26,유입,오쇠삼거리->외발산사거리,7785.0,37.54318,126.8123,19시,339.0
0,20180924.0,월,오정로(부천시계),B-26,유입,오쇠삼거리->외발산사거리,7785.0,37.54318,126.8123,20시,329.0
0,20180925.0,화,오정로(부천시계),B-26,유입,오쇠삼거리->외발산사거리,6398.0,37.54318,126.8123,8시,287.0
0,20180925.0,화,오정로(부천시계),B-26,유입,오쇠삼거리->외발산사거리,6398.0,37.54318,126.8123,9시,378.0
0,20180925.0,화,오정로(부천시계),B-26,유입,오쇠삼거리->외발산사거리,6398.0,37.54318,126.8123,10시,505.0
0,20180925.0,화,오정로(부천시계),B-26,유입,오쇠삼거리->외발산사거리,6398.0,37.54318,126.8123,11시,685.0
0,20180925.0,화,오정로(부천시계),B-26,유입,오쇠삼거리->외발산사거리,6398.0,37.54318,126.8123,12시,732.0
0,20180925.0,화,오정로(부천시계),B-26,유입,오쇠삼거리->외발산사거리,6398.0,37.54318,126.8123,13시,666.0
0,20180925.0,화,오정로(부천시계),B-26,유입,오쇠삼거리->외발산사거리,6398.0,37.54318,126.8123,14시,565.0
0,20180925.0,화,오정로(부천시계),B-26,유입,오쇠삼거리->외발산사거리,6398.0,37.54318,126.8123,15시,515.0
0,20180925.0,화,오정로(부천시계),B-26,유입,오쇠삼거리->외발산사거리,6398.0,37.54318,126.8123,16시,512.0
0,20180925.0,화,오정로(부천시계),B-26,유입,오쇠삼거리->외발산사거리,6398.0,37.54318,126.8123,17시,496.0
0,20180925.0,화,오정로(부천시계),B-26,유입,오쇠삼거리->외발산사거리,6398.0,37.54318,126.8123,18시,448.0
0,20180925.0,화,오정로(부천시계),B-26,유입,오쇠삼거리->외발산사거리,6398.0,37.54318,126.8123,19시,337.0
0,20180925.0,화,오정로(부천시계),B-26,유입,오쇠삼거리->외발산사거리,6398.0,37.54318,126.8123,20시,272.0
0,20180926.0,수,오정로(부천시계),B-26,유입,오쇠삼거리->외발산사거리,6024.0,37.54318,126.8123,8시,323.0
0,20180926.0,수,오정로(부천시계),B-26,유입,오쇠삼거리->외발산사거리,6024.0,37.54318,126.8123,9시,415.0
0,20180926.0,수,오정로(부천시계),B-26,유입,오쇠삼거리->외발산사거리,6024.0,37.54318,126.8123,10시,447.0
0,20180926.0,수,오정로(부천시계),B-26,유입,오쇠삼거리->외발산사거리,6024.0,37.54318,126.8123,11시,549.0
0,20180926.0,수,오정로(부천시계),B-26,유입,오쇠삼거리->외발산사거리,6024.0,37.54318,126.8123,12시,584.0
0,20180926.0,수,오정로(부천시계),B-26,유입,오쇠삼거리->외발산사거리,6024.0,37.54318,126.8123,13시,576.0
0,20180926.0,수,오정로(부천시계),B-26,유입,오쇠삼거리->외발산사거리,6024.0,37.54318,126.8123,14시,511.0
0,20180926.0,수,오정로(부천시계),B-26,유입,오쇠삼거리->외발산사거리,6024.0,37.54318,126.8123,15시,508.0
0,20180926.0,수,오정로(부천시계),B-26,유입,오쇠삼거리->외발산사거리,6024.0,37.54318,126.8123,16시,507.0
0,20180926.0,수,오정로(부천시계),B-26,유입,오쇠삼거리->외발산사거리,6024.0,37.54318,126.8123,17시,474.0
0,20180926.0,수,오정로(부천시계),B-26,유입,오쇠삼거리->외발산사거리,6024.0,37.54318,126.8123,18시,466.0
0,20180926.0,수,오정로(부천시계),B-26,유입,오쇠삼거리->외발산사거리,6024.0,37.54318,126.8123,19시,383.0
0,20180926.0,수,오정로(부천시계),B-26,유입,오쇠삼거리->외발산사거리,6024.0,37.54318,126.8123,20시,281.0
0,20180927.0,목,오정로(부천시계),B-26,유입,오쇠삼거리->외발산사거리,7604.0,37.54318,126.8123,8시,806.0
0,20180927.0,목,오정로(부천시계),B-26,유입,오쇠삼거리->외발산사거리,7604.0,37.54318,126.8123,9시,604.0
0,20180927.0,목,오정로(부천시계),B-26,유입,오쇠삼거리->외발산사거리,7604.0,37.54318,126.8123,10시,601.0
0,20180927.0,목,오정로(부천시계),B-26,유입,오쇠삼거리->외발산사거리,7604.0,37.54318,126.8123,11시,611.0
0,20180927.0,목,오정로(부천시계),B-26,유입,오쇠삼거리->외발산사거리,7604.0,37.54318,126.8123,12시,540.0
0,20180927.0,목,오정로(부천시계),B-26,유입,오쇠삼거리->외발산사거리,7604.0,37.54318,126.8123,13시,566.0
0,20180927.0,목,오정로(부천시계),B-26,유입,오쇠삼거리->외발산사거리,7604.0,37.54318,126.8123,14시,574.0
0,20180927.0,목,오정로(부천시계),B-26,유입,오쇠삼거리->외발산사거리,7604.0,37.54318,126.8123,15시,567.0
0,20180927.0,목,오정로(부천시계),B-26,유입,오쇠삼거리->외발산사거리,7604.0,37.54318,126.8123,16시,585.0
0,20180927.0,목,오정로(부천시계),B-26,유입,오쇠삼거리->외발산사거리,7604.0,37.54318,126.8123,17시,649.0
0,20180927.0,목,오정로(부천시계),B-26,유입,오쇠삼거리->외발산사거리,7604.0,37.54318,126.8123,18시,627.0
0,20180927.0,목,오정로(부천시계),B-26,유입,오쇠삼거리->외발산사거리,7604.0,37.54318,126.8123,19시,504.0
0,20180927.0,목,오정로(부천시계),B-26,유입,오쇠삼거리->외발산사거리,7604.0,37.54318,126.8123,20시,370.0
0,20180901.0,토,오정로(부천시계),B-26,유출,외발산사거리->오쇠삼거리,10121.0,37.54318,126.8123,8시,540.0
0,20180901.0,토,오정로(부천시계),B-26,유출,외발산사거리->오쇠삼거리,10121.0,37.54318,126.8123,9시,573.0
0,20180901.0,토,오정로(부천시계),B-26,유출,외발산사거리->오쇠삼거리,10121.0,37.54318,126.8123,10시,602.0
0,20180901.0,토,오정로(부천시계),B-26,유출,외발산사거리->오쇠삼거리,10121.0,37.54318,126.8123,11시,674.0
0,20180901.0,토,오정로(부천시계),B-26,유출,외발산사거리->오쇠삼거리,10121.0,37.54318,126.8123,12시,731.0
0,20180901.0,토,오정로(부천시계),B-26,유출,외발산사거리->오쇠삼거리,10121.0,37.54318,126.8123,13시,751.0
0,20180901.0,토,오정로(부천시계),B-26,유출,외발산사거리->오쇠삼거리,10121.0,37.54318,126.8123,14시,927.0
0,20180901.0,토,오정로(부천시계),B-26,유출,외발산사거리->오쇠삼거리,10121.0,37.54318,126.8123,15시,961.0
0,20180901.0,토,오정로(부천시계),B-26,유출,외발산사거리->오쇠삼거리,10121.0,37.54318,126.8123,16시,1016.0
0,20180901.0,토,오정로(부천시계),B-26,유출,외발산사거리->오쇠삼거리,10121.0,37.54318,126.8123,17시,1069.0
0,20180901.0,토,오정로(부천시계),B-26,유출,외발산사거리->오쇠삼거리,10121.0,37.54318,126.8123,18시,956.0
0,20180901.0,토,오정로(부천시계),B-26,유출,외발산사거리->오쇠삼거리,10121.0,37.54318,126.8123,19시,776.0
0,20180901.0,토,오정로(부천시계),B-26,유출,외발산사거리->오쇠삼거리,10121.0,37.54318,126.8123,20시,545.0
0,20180902.0,일,오정로(부천시계),B-26,유출,외발산사거리->오쇠삼거리,7630.0,37.54318,126.8123,8시,345.0
0,20180902.0,일,오정로(부천시계),B-26,유출,외발산사거리->오쇠삼거리,7630.0,37.54318,126.8123,9시,427.0
0,20180902.0,일,오정로(부천시계),B-26,유출,외발산사거리->오쇠삼거리,7630.0,37.54318,126.8123,10시,454.0
0,20180902.0,일,오정로(부천시계),B-26,유출,외발산사거리->오쇠삼거리,7630.0,37.54318,126.8123,11시,484.0
0,20180902.0,일,오정로(부천시계),B-26,유출,외발산사거리->오쇠삼거리,7630.0,37.54318,126.8123,12시,518.0
0,20180902.0,일,오정로(부천시계),B-26,유출,외발산사거리->오쇠삼거리,7630.0,37.54318,126.8123,13시,616.0
0,20180902.0,일,오정로(부천시계),B-26,유출,외발산사거리->오쇠삼거리,7630.0,37.54318,126.8123,14시,700.0
0,20180902.0,일,오정로(부천시계),B-26,유출,외발산사거리->오쇠삼거리,7630.0,37.54318,126.8123,15시,731.0
0,20180902.0,일,오정로(부천시계),B-26,유출,외발산사거리->오쇠삼거리,7630.0,37.54318,126.8123,16시,765.0
0,20180902.0,일,오정로(부천시계),B-26,유출,외발산사거리->오쇠삼거리,7630.0,37.54318,126.8123,17시,795.0
0,20180902.0,일,오정로(부천시계),B-26,유출,외발산사거리->오쇠삼거리,7630.0,37.54318,126.8123,18시,718.0
0,20180902.0,일,오정로(부천시계),B-26,유출,외발산사거리->오쇠삼거리,7630.0,37.54318,126.8123,19시,601.0
0,20180902.0,일,오정로(부천시계),B-26,유출,외발산사거리->오쇠삼거리,7630.0,37.54318,126.8123,20시,476.0
0,20180903.0,월,오정로(부천시계),B-26,유출,외발산사거리->오쇠삼거리,10776.0,37.54318,126.8123,8시,978.0
0,20180903.0,월,오정로(부천시계),B-26,유출,외발산사거리->오쇠삼거리,10776.0,37.54318,126.8123,9시,736.0
0,20180903.0,월,오정로(부천시계),B-26,유출,외발산사거리->오쇠삼거리,10776.0,37.54318,126.8123,10시,688.0
0,20180903.0,월,오정로(부천시계),B-26,유출,외발산사거리->오쇠삼거리,10776.0,37.54318,126.8123,11시,727.0
0,20180903.0,월,오정로(부천시계),B-26,유출,외발산사거리->오쇠삼거리,10776.0,37.54318,126.8123,12시,619.0
0,20180903.0,월,오정로(부천시계),B-26,유출,외발산사거리->오쇠삼거리,10776.0,37.54318,126.8123,13시,664.0
0,20180903.0,월,오정로(부천시계),B-26,유출,외발산사거리->오쇠삼거리,10776.0,37.54318,126.8123,14시,703.0
0,20180903.0,월,오정로(부천시계),B-26,유출,외발산사거리->오쇠삼거리,10776.0,37.54318,126.8123,15시,824.0
0,20180903.0,월,오정로(부천시계),B-26,유출,외발산사거리->오쇠삼거리,10776.0,37.54318,126.8123,16시,888.0
0,20180903.0,월,오정로(부천시계),B-26,유출,외발산사거리->오쇠삼거리,10776.0,37.54318,126.8123,17시,1086.0
0,20180903.0,월,오정로(부천시계),B-26,유출,외발산사거리->오쇠삼거리,10776.0,37.54318,126.8123,18시,1261.0
0,20180903.0,월,오정로(부천시계),B-26,유출,외발산사거리->오쇠삼거리,10776.0,37.54318,126.8123,19시,1023.0
0,20180903.0,월,오정로(부천시계),B-26,유출,외발산사거리->오쇠삼거리,10776.0,37.54318,126.8123,20시,579.0
0,20180904.0,화,오정로(부천시계),B-26,유출,외발산사거리->오쇠삼거리,10982.0,37.54318,126.8123,8시,926.0
0,20180904.0,화,오정로(부천시계),B-26,유출,외발산사거리->오쇠삼거리,10982.0,37.54318,126.8123,9시,680.0
0,20180904.0,화,오정로(부천시계),B-26,유출,외발산사거리->오쇠삼거리,10982.0,37.54318,126.8123,10시,706.0
0,20180904.0,화,오정로(부천시계),B-26,유출,외발산사거리->오쇠삼거리,10982.0,37.54318,126.8123,11시,767.0
0,20180904.0,화,오정로(부천시계),B-26,유출,외발산사거리->오쇠삼거리,10982.0,37.54318,126.8123,12시,605.0
0,20180904.0,화,오정로(부천시계),B-26,유출,외발산사거리->오쇠삼거리,10982.0,37.54318,126.8123,13시,665.0
0,20180904.0,화,오정로(부천시계),B-26,유출,외발산사거리->오쇠삼거리,10982.0,37.54318,126.8123,14시,675.0
0,20180904.0,화,오정로(부천시계),B-26,유출,외발산사거리->오쇠삼거리,10982.0,37.54318,126.8123,15시,739.0
0,20180904.0,화,오정로(부천시계),B-26,유출,외발산사거리->오쇠삼거리,10982.0,37.54318,126.8123,16시,905.0
0,20180904.0,화,오정로(부천시계),B-26,유출,외발산사거리->오쇠삼거리,10982.0,37.54318,126.8123,17시,1250.0
0,20180904.0,화,오정로(부천시계),B-26,유출,외발산사거리->오쇠삼거리,10982.0,37.54318,126.8123,18시,1299.0
0,20180904.0,화,오정로(부천시계),B-26,유출,외발산사거리->오쇠삼거리,10982.0,37.54318,126.8123,19시,1042.0
0,20180904.0,화,오정로(부천시계),B-26,유출,외발산사거리->오쇠삼거리,10982.0,37.54318,126.8123,20시,723.0
0,20180905.0,수,오정로(부천시계),B-26,유출,외발산사거리->오쇠삼거리,11027.0,37.54318,126.8123,8시,931.0
0,20180905.0,수,오정로(부천시계),B-26,유출,외발산사거리->오쇠삼거리,11027.0,37.54318,126.8123,9시,685.0
0,20180905.0,수,오정로(부천시계),B-26,유출,외발산사거리->오쇠삼거리,11027.0,37.54318,126.8123,10시,700.0
0,20180905.0,수,오정로(부천시계),B-26,유출,외발산사거리->오쇠삼거리,11027.0,37.54318,126.8123,11시,674.0
0,20180905.0,수,오정로(부천시계),B-26,유출,외발산사거리->오쇠삼거리,11027.0,37.54318,126.8123,12시,664.0
0,20180905.0,수,오정로(부천시계),B-26,유출,외발산사거리->오쇠삼거리,11027.0,37.54318,126.8123,13시,647.0
0,20180905.0,수,오정로(부천시계),B-26,유출,외발산사거리->오쇠삼거리,11027.0,37.54318,126.8123,14시,692.0
0,20180905.0,수,오정로(부천시계),B-26,유출,외발산사거리->오쇠삼거리,11027.0,37.54318,126.8123,15시,805.0
0,20180905.0,수,오정로(부천시계),B-26,유출,외발산사거리->오쇠삼거리,11027.0,37.54318,126.8123,16시,991.0
0,20180905.0,수,오정로(부천시계),B-26,유출,외발산사거리->오쇠삼거리,11027.0,37.54318,126.8123,17시,1234.0
0,20180905.0,수,오정로(부천시계),B-26,유출,외발산사거리->오쇠삼거리,11027.0,37.54318,126.8123,18시,1341.0
0,20180905.0,수,오정로(부천시계),B-26,유출,외발산사거리->오쇠삼거리,11027.0,37.54318,126.8123,19시,1003.0
0,20180905.0,수,오정로(부천시계),B-26,유출,외발산사거리->오쇠삼거리,11027.0,37.54318,126.8123,20시,660.0
0,20180906.0,목,오정로(부천시계),B-26,유출,외발산사거리->오쇠삼거리,11426.0,37.54318,126.8123,8시,916.0
0,20180906.0,목,오정로(부천시계),B-26,유출,외발산사거리->오쇠삼거리,11426.0,37.54318,126.8123,9시,764.0
0,20180906.0,목,오정로(부천시계),B-26,유출,외발산사거리->오쇠삼거리,11426.0,37.54318,126.8123,10시,728.0
0,20180906.0,목,오정로(부천시계),B-26,유출,외발산사거리->오쇠삼거리,11426.0,37.54318,126.8123,11시,712.0
0,20180906.0,목,오정로(부천시계),B-26,유출,외발산사거리->오쇠삼거리,11426.0,37.54318,126.8123,12시,684.0
0,20180906.0,목,오정로(부천시계),B-26,유출,외발산사거리->오쇠삼거리,11426.0,37.54318,126.8123,13시,685.0
0,20180906.0,목,오정로(부천시계),B-26,유출,외발산사거리->오쇠삼거리,11426.0,37.54318,126.8123,14시,722.0
0,20180906.0,목,오정로(부천시계),B-26,유출,외발산사거리->오쇠삼거리,11426.0,37.54318,126.8123,15시,825.0
0,20180906.0,목,오정로(부천시계),B-26,유출,외발산사거리->오쇠삼거리,11426.0,37.54318,126.8123,16시,1018.0
0,20180906.0,목,오정로(부천시계),B-26,유출,외발산사거리->오쇠삼거리,11426.0,37.54318,126.8123,17시,1270.0
0,20180906.0,목,오정로(부천시계),B-26,유출,외발산사거리->오쇠삼거리,11426.0,37.54318,126.8123,18시,1361.0
0,20180906.0,목,오정로(부천시계),B-26,유출,외발산사거리->오쇠삼거리,11426.0,37.54318,126.8123,19시,1115.0
0,20180906.0,목,오정로(부천시계),B-26,유출,외발산사거리->오쇠삼거리,11426.0,37.54318,126.8123,20시,626.0
0,20180907.0,금,오정로(부천시계),B-26,유출,외발산사거리->오쇠삼거리,11754.0,37.54318,126.8123,8시,919.0
0,20180907.0,금,오정로(부천시계),B-26,유출,외발산사거리->오쇠삼거리,11754.0,37.54318,126.8123,9시,783.0
0,20180907.0,금,오정로(부천시계),B-26,유출,외발산사거리->오쇠삼거리,11754.0,37.54318,126.8123,10시,715.0
0,20180907.0,금,오정로(부천시계),B-26,유출,외발산사거리->오쇠삼거리,11754.0,37.54318,126.8123,11시,741.0
0,20180907.0,금,오정로(부천시계),B-26,유출,외발산사거리->오쇠삼거리,11754.0,37.54318,126.8123,12시,722.0
0,20180907.0,금,오정로(부천시계),B-26,유출,외발산사거리->오쇠삼거리,11754.0,37.54318,126.8123,13시,654.0
0,20180907.0,금,오정로(부천시계),B-26,유출,외발산사거리->오쇠삼거리,11754.0,37.54318,126.8123,14시,724.0
0,20180907.0,금,오정로(부천시계),B-26,유출,외발산사거리->오쇠삼거리,11754.0,37.54318,126.8123,15시,857.0
0,20180907.0,금,오정로(부천시계),B-26,유출,외발산사거리->오쇠삼거리,11754.0,37.54318,126.8123,16시,1075.0
0,20180907.0,금,오정로(부천시계),B-26,유출,외발산사거리->오쇠삼거리,11754.0,37.54318,126.8123,17시,1259.0
0,20180907.0,금,오정로(부천시계),B-26,유출,외발산사거리->오쇠삼거리,11754.0,37.54318,126.8123,18시,1350.0
0,20180907.0,금,오정로(부천시계),B-26,유출,외발산사거리->오쇠삼거리,11754.0,37.54318,126.8123,19시,1132.0
0,20180907.0,금,오정로(부천시계),B-26,유출,외발산사거리->오쇠삼거리,11754.0,37.54318,126.8123,20시,823.0
0,20180908.0,토,오정로(부천시계),B-26,유출,외발산사거리->오쇠삼거리,9966.0,37.54318,126.8123,8시,549.0
0,20180908.0,토,오정로(부천시계),B-26,유출,외발산사거리->오쇠삼거리,9966.0,37.54318,126.8123,9시,581.0
0,20180908.0,토,오정로(부천시계),B-26,유출,외발산사거리->오쇠삼거리,9966.0,37.54318,126.8123,10시,626.0
0,20180908.0,토,오정로(부천시계),B-26,유출,외발산사거리->오쇠삼거리,9966.0,37.54318,126.8123,11시,704.0
0,20180908.0,토,오정로(부천시계),B-26,유출,외발산사거리->오쇠삼거리,9966.0,37.54318,126.8123,12시,802.0
0,20180908.0,토,오정로(부천시계),B-26,유출,외발산사거리->오쇠삼거리,9966.0,37.54318,126.8123,13시,788.0
0,20180908.0,토,오정로(부천시계),B-26,유출,외발산사거리->오쇠삼거리,9966.0,37.54318,126.8123,14시,818.0
0,20180908.0,토,오정로(부천시계),B-26,유출,외발산사거리->오쇠삼거리,9966.0,37.54318,126.8123,15시,954.0
0,20180908.0,토,오정로(부천시계),B-26,유출,외발산사거리->오쇠삼거리,9966.0,37.54318,126.8123,16시,1038.0
0,20180908.0,토,오정로(부천시계),B-26,유출,외발산사거리->오쇠삼거리,9966.0,37.54318,126.8123,17시,1058.0
0,20180908.0,토,오정로(부천시계),B-26,유출,외발산사거리->오쇠삼거리,9966.0,37.54318,126.8123,18시,754.0
0,20180908.0,토,오정로(부천시계),B-26,유출,외발산사거리->오쇠삼거리,9966.0,37.54318,126.8123,19시,751.0
0,20180908.0,토,오정로(부천시계),B-26,유출,외발산사거리->오쇠삼거리,9966.0,37.54318,126.8123,20시,543.0
0,20180909.0,일,오정로(부천시계),B-26,유출,외발산사거리->오쇠삼거리,7598.0,37.54318,126.8123,8시,331.0
0,20180909.0,일,오정로(부천시계),B-26,유출,외발산사거리->오쇠삼거리,7598.0,37.54318,126.8123,9시,428.0
0,20180909.0,일,오정로(부천시계),B-26,유출,외발산사거리->오쇠삼거리,7598.0,37.54318,126.8123,10시,460.0
0,20180909.0,일,오정로(부천시계),B-26,유출,외발산사거리->오쇠삼거리,7598.0,37.54318,126.8123,11시,446.0
0,20180909.0,일,오정로(부천시계),B-26,유출,외발산사거리->오쇠삼거리,7598.0,37.54318,126.8123,12시,580.0
0,20180909.0,일,오정로(부천시계),B-26,유출,외발산사거리->오쇠삼거리,7598.0,37.54318,126.8123,13시,609.0
0,20180909.0,일,오정로(부천시계),B-26,유출,외발산사거리->오쇠삼거리,7598.0,37.54318,126.8123,14시,625.0
0,20180909.0,일,오정로(부천시계),B-26,유출,외발산사거리->오쇠삼거리,7598.0,37.54318,126.8123,15시,740.0
0,20180909.0,일,오정로(부천시계),B-26,유출,외발산사거리->오쇠삼거리,7598.0,37.54318,126.8123,16시,820.0
0,20180909.0,일,오정로(부천시계),B-26,유출,외발산사거리->오쇠삼거리,7598.0,37.54318,126.8123,17시,808.0
0,20180909.0,일,오정로(부천시계),B-26,유출,외발산사거리->오쇠삼거리,7598.0,37.54318,126.8123,18시,689.0
0,20180909.0,일,오정로(부천시계),B-26,유출,외발산사거리->오쇠삼거리,7598.0,37.54318,126.8123,19시,597.0
0,20180909.0,일,오정로(부천시계),B-26,유출,외발산사거리->오쇠삼거리,7598.0,37.54318,126.8123,20시,465.0
0,20180910.0,월,오정로(부천시계),B-26,유출,외발산사거리->오쇠삼거리,10969.0,37.54318,126.8123,8시,986.0
0,20180910.0,월,오정로(부천시계),B-26,유출,외발산사거리->오쇠삼거리,10969.0,37.54318,126.8123,9시,715.0
0,20180910.0,월,오정로(부천시계),B-26,유출,외발산사거리->오쇠삼거리,10969.0,37.54318,126.8123,10시,659.0
0,20180910.0,월,오정로(부천시계),B-26,유출,외발산사거리->오쇠삼거리,10969.0,37.54318,126.8123,11시,714.0
0,20180910.0,월,오정로(부천시계),B-26,유출,외발산사거리->오쇠삼거리,10969.0,37.54318,126.8123,12시,680.0
0,20180910.0,월,오정로(부천시계),B-26,유출,외발산사거리->오쇠삼거리,10969.0,37.54318,126.8123,13시,672.0
0,20180910.0,월,오정로(부천시계),B-26,유출,외발산사거리->오쇠삼거리,10969.0,37.54318,126.8123,14시,706.0
0,20180910.0,월,오정로(부천시계),B-26,유출,외발산사거리->오쇠삼거리,10969.0,37.54318,126.8123,15시,766.0
0,20180910.0,월,오정로(부천시계),B-26,유출,외발산사거리->오쇠삼거리,10969.0,37.54318,126.8123,16시,966.0
0,20180910.0,월,오정로(부천시계),B-26,유출,외발산사거리->오쇠삼거리,10969.0,37.54318,126.8123,17시,1242.0
0,20180910.0,월,오정로(부천시계),B-26,유출,외발산사거리->오쇠삼거리,10969.0,37.54318,126.8123,18시,1274.0
0,20180910.0,월,오정로(부천시계),B-26,유출,외발산사거리->오쇠삼거리,10969.0,37.54318,126.8123,19시,971.0
0,20180910.0,월,오정로(부천시계),B-26,유출,외발산사거리->오쇠삼거리,10969.0,37.54318,126.8123,20시,618.0
0,20180911.0,화,오정로(부천시계),B-26,유출,외발산사거리->오쇠삼거리,11523.0,37.54318,126.8123,8시,1003.0
0,20180911.0,화,오정로(부천시계),B-26,유출,외발산사거리->오쇠삼거리,11523.0,37.54318,126.8123,9시,749.0
0,20180911.0,화,오정로(부천시계),B-26,유출,외발산사거리->오쇠삼거리,11523.0,37.54318,126.8123,10시,753.0
0,20180911.0,화,오정로(부천시계),B-26,유출,외발산사거리->오쇠삼거리,11523.0,37.54318,126.8123,11시,735.0
0,20180911.0,화,오정로(부천시계),B-26,유출,외발산사거리->오쇠삼거리,11523.0,37.54318,126.8123,12시,684.0
0,20180911.0,화,오정로(부천시계),B-26,유출,외발산사거리->오쇠삼거리,11523.0,37.54318,126.8123,13시,694.0
0,20180911.0,화,오정로(부천시계),B-26,유출,외발산사거리->오쇠삼거리,11523.0,37.54318,126.8123,14시,706.0
0,20180911.0,화,오정로(부천시계),B-26,유출,외발산사거리->오쇠삼거리,11523.0,37.54318,126.8123,15시,795.0
0,20180911.0,화,오정로(부천시계),B-26,유출,외발산사거리->오쇠삼거리,11523.0,37.54318,126.8123,16시,992.0
0,20180911.0,화,오정로(부천시계),B-26,유출,외발산사거리->오쇠삼거리,11523.0,37.54318,126.8123,17시,1247.0
0,20180911.0,화,오정로(부천시계),B-26,유출,외발산사거리->오쇠삼거리,11523.0,37.54318,126.8123,18시,1358.0
0,20180911.0,화,오정로(부천시계),B-26,유출,외발산사거리->오쇠삼거리,11523.0,37.54318,126.8123,19시,1154.0
0,20180911.0,화,오정로(부천시계),B-26,유출,외발산사거리->오쇠삼거리,11523.0,37.54318,126.8123,20시,653.0
0,20180912.0,수,오정로(부천시계),B-26,유출,외발산사거리->오쇠삼거리,11466.0,37.54318,126.8123,8시,1008.0
0,20180912.0,수,오정로(부천시계),B-26,유출,외발산사거리->오쇠삼거리,11466.0,37.54318,126.8123,9시,808.0
0,20180912.0,수,오정로(부천시계),B-26,유출,외발산사거리->오쇠삼거리,11466.0,37.54318,126.8123,10시,715.0
0,20180912.0,수,오정로(부천시계),B-26,유출,외발산사거리->오쇠삼거리,11466.0,37.54318,126.8123,11시,783.0
0,20180912.0,수,오정로(부천시계),B-26,유출,외발산사거리->오쇠삼거리,11466.0,37.54318,126.8123,12시,653.0
0,20180912.0,수,오정로(부천시계),B-26,유출,외발산사거리->오쇠삼거리,11466.0,37.54318,126.8123,13시,679.0
0,20180912.0,수,오정로(부천시계),B-26,유출,외발산사거리->오쇠삼거리,11466.0,37.54318,126.8123,14시,720.0
0,20180912.0,수,오정로(부천시계),B-26,유출,외발산사거리->오쇠삼거리,11466.0,37.54318,126.8123,15시,824.0
0,20180912.0,수,오정로(부천시계),B-26,유출,외발산사거리->오쇠삼거리,11466.0,37.54318,126.8123,16시,995.0
0,20180912.0,수,오정로(부천시계),B-26,유출,외발산사거리->오쇠삼거리,11466.0,37.54318,126.8123,17시,1232.0
0,20180912.0,수,오정로(부천시계),B-26,유출,외발산사거리->오쇠삼거리,11466.0,37.54318,126.8123,18시,1237.0
0,20180912.0,수,오정로(부천시계),B-26,유출,외발산사거리->오쇠삼거리,11466.0,37.54318,126.8123,19시,1093.0
0,20180912.0,수,오정로(부천시계),B-26,유출,외발산사거리->오쇠삼거리,11466.0,37.54318,126.8123,20시,719.0
0,20180913.0,목,오정로(부천시계),B-26,유출,외발산사거리->오쇠삼거리,11282.0,37.54318,126.8123,8시,942.0
0,20180913.0,목,오정로(부천시계),B-26,유출,외발산사거리->오쇠삼거리,11282.0,37.54318,126.8123,9시,734.0
0,20180913.0,목,오정로(부천시계),B-26,유출,외발산사거리->오쇠삼거리,11282.0,37.54318,126.8123,10시,758.0
0,20180913.0,목,오정로(부천시계),B-26,유출,외발산사거리->오쇠삼거리,11282.0,37.54318,126.8123,11시,708.0
0,20180913.0,목,오정로(부천시계),B-26,유출,외발산사거리->오쇠삼거리,11282.0,37.54318,126.8123,12시,727.0
0,20180913.0,목,오정로(부천시계),B-26,유출,외발산사거리->오쇠삼거리,11282.0,37.54318,126.8123,13시,666.0
0,20180913.0,목,오정로(부천시계),B-26,유출,외발산사거리->오쇠삼거리,11282.0,37.54318,126.8123,14시,722.0
0,20180913.0,목,오정로(부천시계),B-26,유출,외발산사거리->오쇠삼거리,11282.0,37.54318,126.8123,15시,779.0
0,20180913.0,목,오정로(부천시계),B-26,유출,외발산사거리->오쇠삼거리,11282.0,37.54318,126.8123,16시,938.0
0,20180913.0,목,오정로(부천시계),B-26,유출,외발산사거리->오쇠삼거리,11282.0,37.54318,126.8123,17시,1275.0
0,20180913.0,목,오정로(부천시계),B-26,유출,외발산사거리->오쇠삼거리,11282.0,37.54318,126.8123,18시,1304.0
0,20180913.0,목,오정로(부천시계),B-26,유출,외발산사거리->오쇠삼거리,11282.0,37.54318,126.8123,19시,1047.0
0,20180913.0,목,오정로(부천시계),B-26,유출,외발산사거리->오쇠삼거리,11282.0,37.54318,126.8123,20시,682.0
0,20180914.0,금,오정로(부천시계),B-26,유출,외발산사거리->오쇠삼거리,12125.0,37.54318,126.8123,8시,965.0
0,20180914.0,금,오정로(부천시계),B-26,유출,외발산사거리->오쇠삼거리,12125.0,37.54318,126.8123,9시,761.0
0,20180914.0,금,오정로(부천시계),B-26,유출,외발산사거리->오쇠삼거리,12125.0,37.54318,126.8123,10시,761.0
0,20180914.0,금,오정로(부천시계),B-26,유출,외발산사거리->오쇠삼거리,12125.0,37.54318,126.8123,11시,749.0
0,20180914.0,금,오정로(부천시계),B-26,유출,외발산사거리->오쇠삼거리,12125.0,37.54318,126.8123,12시,729.0
0,20180914.0,금,오정로(부천시계),B-26,유출,외발산사거리->오쇠삼거리,12125.0,37.54318,126.8123,13시,728.0
0,20180914.0,금,오정로(부천시계),B-26,유출,외발산사거리->오쇠삼거리,12125.0,37.54318,126.8123,14시,821.0
0,20180914.0,금,오정로(부천시계),B-26,유출,외발산사거리->오쇠삼거리,12125.0,37.54318,126.8123,15시,926.0
0,20180914.0,금,오정로(부천시계),B-26,유출,외발산사거리->오쇠삼거리,12125.0,37.54318,126.8123,16시,1096.0
0,20180914.0,금,오정로(부천시계),B-26,유출,외발산사거리->오쇠삼거리,12125.0,37.54318,126.8123,17시,1318.0
0,20180914.0,금,오정로(부천시계),B-26,유출,외발산사거리->오쇠삼거리,12125.0,37.54318,126.8123,18시,1252.0
0,20180914.0,금,오정로(부천시계),B-26,유출,외발산사거리->오쇠삼거리,12125.0,37.54318,126.8123,19시,1151.0
0,20180914.0,금,오정로(부천시계),B-26,유출,외발산사거리->오쇠삼거리,12125.0,37.54318,126.8123,20시,868.0
0,20180915.0,토,오정로(부천시계),B-26,유출,외발산사거리->오쇠삼거리,10333.0,37.54318,126.8123,8시,611.0
0,20180915.0,토,오정로(부천시계),B-26,유출,외발산사거리->오쇠삼거리,10333.0,37.54318,126.8123,9시,612.0
0,20180915.0,토,오정로(부천시계),B-26,유출,외발산사거리->오쇠삼거리,10333.0,37.54318,126.8123,10시,617.0
0,20180915.0,토,오정로(부천시계),B-26,유출,외발산사거리->오쇠삼거리,10333.0,37.54318,126.8123,11시,745.0
0,20180915.0,토,오정로(부천시계),B-26,유출,외발산사거리->오쇠삼거리,10333.0,37.54318,126.8123,12시,789.0
0,20180915.0,토,오정로(부천시계),B-26,유출,외발산사거리->오쇠삼거리,10333.0,37.54318,126.8123,13시,764.0
0,20180915.0,토,오정로(부천시계),B-26,유출,외발산사거리->오쇠삼거리,10333.0,37.54318,126.8123,14시,835.0
0,20180915.0,토,오정로(부천시계),B-26,유출,외발산사거리->오쇠삼거리,10333.0,37.54318,126.8123,15시,890.0
0,20180915.0,토,오정로(부천시계),B-26,유출,외발산사거리->오쇠삼거리,10333.0,37.54318,126.8123,16시,1036.0
0,20180915.0,토,오정로(부천시계),B-26,유출,외발산사거리->오쇠삼거리,10333.0,37.54318,126.8123,17시,1126.0
0,20180915.0,토,오정로(부천시계),B-26,유출,외발산사거리->오쇠삼거리,10333.0,37.54318,126.8123,18시,1044.0
0,20180915.0,토,오정로(부천시계),B-26,유출,외발산사거리->오쇠삼거리,10333.0,37.54318,126.8123,19시,739.0
0,20180915.0,토,오정로(부천시계),B-26,유출,외발산사거리->오쇠삼거리,10333.0,37.54318,126.8123,20시,525.0
0,20180916.0,일,오정로(부천시계),B-26,유출,외발산사거리->오쇠삼거리,7498.0,37.54318,126.8123,8시,342.0
0,20180916.0,일,오정로(부천시계),B-26,유출,외발산사거리->오쇠삼거리,7498.0,37.54318,126.8123,9시,404.0
0,20180916.0,일,오정로(부천시계),B-26,유출,외발산사거리->오쇠삼거리,7498.0,37.54318,126.8123,10시,426.0
0,20180916.0,일,오정로(부천시계),B-26,유출,외발산사거리->오쇠삼거리,7498.0,37.54318,126.8123,11시,505.0
0,20180916.0,일,오정로(부천시계),B-26,유출,외발산사거리->오쇠삼거리,7498.0,37.54318,126.8123,12시,503.0
0,20180916.0,일,오정로(부천시계),B-26,유출,외발산사거리->오쇠삼거리,7498.0,37.54318,126.8123,13시,608.0
0,20180916.0,일,오정로(부천시계),B-26,유출,외발산사거리->오쇠삼거리,7498.0,37.54318,126.8123,14시,618.0
0,20180916.0,일,오정로(부천시계),B-26,유출,외발산사거리->오쇠삼거리,7498.0,37.54318,126.8123,15시,746.0
0,20180916.0,일,오정로(부천시계),B-26,유출,외발산사거리->오쇠삼거리,7498.0,37.54318,126.8123,16시,751.0
0,20180916.0,일,오정로(부천시계),B-26,유출,외발산사거리->오쇠삼거리,7498.0,37.54318,126.8123,17시,820.0
0,20180916.0,일,오정로(부천시계),B-26,유출,외발산사거리->오쇠삼거리,7498.0,37.54318,126.8123,18시,784.0
0,20180916.0,일,오정로(부천시계),B-26,유출,외발산사거리->오쇠삼거리,7498.0,37.54318,126.8123,19시,541.0
0,20180916.0,일,오정로(부천시계),B-26,유출,외발산사거리->오쇠삼거리,7498.0,37.54318,126.8123,20시,450.0
0,20180917.0,월,오정로(부천시계),B-26,유출,외발산사거리->오쇠삼거리,11200.0,37.54318,126.8123,8시,951.0
0,20180917.0,월,오정로(부천시계),B-26,유출,외발산사거리->오쇠삼거리,11200.0,37.54318,126.8123,9시,700.0
0,20180917.0,월,오정로(부천시계),B-26,유출,외발산사거리->오쇠삼거리,11200.0,37.54318,126.8123,10시,679.0
0,20180917.0,월,오정로(부천시계),B-26,유출,외발산사거리->오쇠삼거리,11200.0,37.54318,126.8123,11시,703.0
0,20180917.0,월,오정로(부천시계),B-26,유출,외발산사거리->오쇠삼거리,11200.0,37.54318,126.8123,12시,660.0
0,20180917.0,월,오정로(부천시계),B-26,유출,외발산사거리->오쇠삼거리,11200.0,37.54318,126.8123,13시,695.0
0,20180917.0,월,오정로(부천시계),B-26,유출,외발산사거리->오쇠삼거리,11200.0,37.54318,126.8123,14시,710.0
0,20180917.0,월,오정로(부천시계),B-26,유출,외발산사거리->오쇠삼거리,11200.0,37.54318,126.8123,15시,811.0
0,20180917.0,월,오정로(부천시계),B-26,유출,외발산사거리->오쇠삼거리,11200.0,37.54318,126.8123,16시,951.0
0,20180917.0,월,오정로(부천시계),B-26,유출,외발산사거리->오쇠삼거리,11200.0,37.54318,126.8123,17시,1238.0
0,20180917.0,월,오정로(부천시계),B-26,유출,외발산사거리->오쇠삼거리,11200.0,37.54318,126.8123,18시,1317.0
0,20180917.0,월,오정로(부천시계),B-26,유출,외발산사거리->오쇠삼거리,11200.0,37.54318,126.8123,19시,1145.0
0,20180917.0,월,오정로(부천시계),B-26,유출,외발산사거리->오쇠삼거리,11200.0,37.54318,126.8123,20시,640.0
0,20180918.0,화,오정로(부천시계),B-26,유출,외발산사거리->오쇠삼거리,11971.0,37.54318,126.8123,8시,974.0
0,20180918.0,화,오정로(부천시계),B-26,유출,외발산사거리->오쇠삼거리,11971.0,37.54318,126.8123,9시,766.0
0,20180918.0,화,오정로(부천시계),B-26,유출,외발산사거리->오쇠삼거리,11971.0,37.54318,126.8123,10시,775.0
0,20180918.0,화,오정로(부천시계),B-26,유출,외발산사거리->오쇠삼거리,11971.0,37.54318,126.8123,11시,858.0
0,20180918.0,화,오정로(부천시계),B-26,유출,외발산사거리->오쇠삼거리,11971.0,37.54318,126.8123,12시,749.0
0,20180918.0,화,오정로(부천시계),B-26,유출,외발산사거리->오쇠삼거리,11971.0,37.54318,126.8123,13시,726.0
0,20180918.0,화,오정로(부천시계),B-26,유출,외발산사거리->오쇠삼거리,11971.0,37.54318,126.8123,14시,778.0
0,20180918.0,화,오정로(부천시계),B-26,유출,외발산사거리->오쇠삼거리,11971.0,37.54318,126.8123,15시,875.0
0,20180918.0,화,오정로(부천시계),B-26,유출,외발산사거리->오쇠삼거리,11971.0,37.54318,126.8123,16시,1038.0
0,20180918.0,화,오정로(부천시계),B-26,유출,외발산사거리->오쇠삼거리,11971.0,37.54318,126.8123,17시,1254.0
0,20180918.0,화,오정로(부천시계),B-26,유출,외발산사거리->오쇠삼거리,11971.0,37.54318,126.8123,18시,1340.0
0,20180918.0,화,오정로(부천시계),B-26,유출,외발산사거리->오쇠삼거리,11971.0,37.54318,126.8123,19시,1147.0
0,20180918.0,화,오정로(부천시계),B-26,유출,외발산사거리->오쇠삼거리,11971.0,37.54318,126.8123,20시,691.0
0,20180919.0,수,오정로(부천시계),B-26,유출,외발산사거리->오쇠삼거리,12050.0,37.54318,126.8123,8시,959.0
0,20180919.0,수,오정로(부천시계),B-26,유출,외발산사거리->오쇠삼거리,12050.0,37.54318,126.8123,9시,751.0
0,20180919.0,수,오정로(부천시계),B-26,유출,외발산사거리->오쇠삼거리,12050.0,37.54318,126.8123,10시,734.0
0,20180919.0,수,오정로(부천시계),B-26,유출,외발산사거리->오쇠삼거리,12050.0,37.54318,126.8123,11시,853.0
0,20180919.0,수,오정로(부천시계),B-26,유출,외발산사거리->오쇠삼거리,12050.0,37.54318,126.8123,12시,724.0
0,20180919.0,수,오정로(부천시계),B-26,유출,외발산사거리->오쇠삼거리,12050.0,37.54318,126.8123,13시,742.0
0,20180919.0,수,오정로(부천시계),B-26,유출,외발산사거리->오쇠삼거리,12050.0,37.54318,126.8123,14시,712.0
0,20180919.0,수,오정로(부천시계),B-26,유출,외발산사거리->오쇠삼거리,12050.0,37.54318,126.8123,15시,898.0
0,20180919.0,수,오정로(부천시계),B-26,유출,외발산사거리->오쇠삼거리,12050.0,37.54318,126.8123,16시,1124.0
0,20180919.0,수,오정로(부천시계),B-26,유출,외발산사거리->오쇠삼거리,12050.0,37.54318,126.8123,17시,1331.0
0,20180919.0,수,오정로(부천시계),B-26,유출,외발산사거리->오쇠삼거리,12050.0,37.54318,126.8123,18시,1213.0
0,20180919.0,수,오정로(부천시계),B-26,유출,외발산사거리->오쇠삼거리,12050.0,37.54318,126.8123,19시,1229.0
0,20180919.0,수,오정로(부천시계),B-26,유출,외발산사거리->오쇠삼거리,12050.0,37.54318,126.8123,20시,780.0
0,20180920.0,목,오정로(부천시계),B-26,유출,외발산사거리->오쇠삼거리,12412.0,37.54318,126.8123,8시,938.0
0,20180920.0,목,오정로(부천시계),B-26,유출,외발산사거리->오쇠삼거리,12412.0,37.54318,126.8123,9시,771.0
0,20180920.0,목,오정로(부천시계),B-26,유출,외발산사거리->오쇠삼거리,12412.0,37.54318,126.8123,10시,715.0
0,20180920.0,목,오정로(부천시계),B-26,유출,외발산사거리->오쇠삼거리,12412.0,37.54318,126.8123,11시,795.0
0,20180920.0,목,오정로(부천시계),B-26,유출,외발산사거리->오쇠삼거리,12412.0,37.54318,126.8123,12시,898.0
0,20180920.0,목,오정로(부천시계),B-26,유출,외발산사거리->오쇠삼거리,12412.0,37.54318,126.8123,13시,898.0
0,20180920.0,목,오정로(부천시계),B-26,유출,외발산사거리->오쇠삼거리,12412.0,37.54318,126.8123,14시,947.0
0,20180920.0,목,오정로(부천시계),B-26,유출,외발산사거리->오쇠삼거리,12412.0,37.54318,126.8123,15시,955.0
0,20180920.0,목,오정로(부천시계),B-26,유출,외발산사거리->오쇠삼거리,12412.0,37.54318,126.8123,16시,1043.0
0,20180920.0,목,오정로(부천시계),B-26,유출,외발산사거리->오쇠삼거리,12412.0,37.54318,126.8123,17시,1210.0
0,20180920.0,목,오정로(부천시계),B-26,유출,외발산사거리->오쇠삼거리,12412.0,37.54318,126.8123,18시,1299.0
0,20180920.0,목,오정로(부천시계),B-26,유출,외발산사거리->오쇠삼거리,12412.0,37.54318,126.8123,19시,1217.0
0,20180920.0,목,오정로(부천시계),B-26,유출,외발산사거리->오쇠삼거리,12412.0,37.54318,126.8123,20시,726.0
0,20180921.0,금,오정로(부천시계),B-26,유출,외발산사거리->오쇠삼거리,12377.0,37.54318,126.8123,8시,952.0
0,20180921.0,금,오정로(부천시계),B-26,유출,외발산사거리->오쇠삼거리,12377.0,37.54318,126.8123,9시,716.0
0,20180921.0,금,오정로(부천시계),B-26,유출,외발산사거리->오쇠삼거리,12377.0,37.54318,126.8123,10시,726.0
0,20180921.0,금,오정로(부천시계),B-26,유출,외발산사거리->오쇠삼거리,12377.0,37.54318,126.8123,11시,799.0
0,20180921.0,금,오정로(부천시계),B-26,유출,외발산사거리->오쇠삼거리,12377.0,37.54318,126.8123,12시,882.0
0,20180921.0,금,오정로(부천시계),B-26,유출,외발산사거리->오쇠삼거리,12377.0,37.54318,126.8123,13시,860.0
0,20180921.0,금,오정로(부천시계),B-26,유출,외발산사거리->오쇠삼거리,12377.0,37.54318,126.8123,14시,962.0
0,20180921.0,금,오정로(부천시계),B-26,유출,외발산사거리->오쇠삼거리,12377.0,37.54318,126.8123,15시,1068.0
0,20180921.0,금,오정로(부천시계),B-26,유출,외발산사거리->오쇠삼거리,12377.0,37.54318,126.8123,16시,1182.0
0,20180921.0,금,오정로(부천시계),B-26,유출,외발산사거리->오쇠삼거리,12377.0,37.54318,126.8123,17시,1284.0
0,20180921.0,금,오정로(부천시계),B-26,유출,외발산사거리->오쇠삼거리,12377.0,37.54318,126.8123,18시,1347.0
0,20180921.0,금,오정로(부천시계),B-26,유출,외발산사거리->오쇠삼거리,12377.0,37.54318,126.8123,19시,996.0
0,20180921.0,금,오정로(부천시계),B-26,유출,외발산사거리->오쇠삼거리,12377.0,37.54318,126.8123,20시,603.0
0,20180923.0,일,오정로(부천시계),B-26,유출,외발산사거리->오쇠삼거리,7222.0,37.54318,126.8123,8시,390.0
0,20180923.0,일,오정로(부천시계),B-26,유출,외발산사거리->오쇠삼거리,7222.0,37.54318,126.8123,9시,432.0
0,20180923.0,일,오정로(부천시계),B-26,유출,외발산사거리->오쇠삼거리,7222.0,37.54318,126.8123,10시,580.0
0,20180923.0,일,오정로(부천시계),B-26,유출,외발산사거리->오쇠삼거리,7222.0,37.54318,126.8123,11시,606.0
0,20180923.0,일,오정로(부천시계),B-26,유출,외발산사거리->오쇠삼거리,7222.0,37.54318,126.8123,12시,568.0
0,20180923.0,일,오정로(부천시계),B-26,유출,외발산사거리->오쇠삼거리,7222.0,37.54318,126.8123,13시,623.0
0,20180923.0,일,오정로(부천시계),B-26,유출,외발산사거리->오쇠삼거리,7222.0,37.54318,126.8123,14시,680.0
0,20180923.0,일,오정로(부천시계),B-26,유출,외발산사거리->오쇠삼거리,7222.0,37.54318,126.8123,15시,650.0
0,20180923.0,일,오정로(부천시계),B-26,유출,외발산사거리->오쇠삼거리,7222.0,37.54318,126.8123,16시,677.0
0,20180923.0,일,오정로(부천시계),B-26,유출,외발산사거리->오쇠삼거리,7222.0,37.54318,126.8123,17시,635.0
0,20180923.0,일,오정로(부천시계),B-26,유출,외발산사거리->오쇠삼거리,7222.0,37.54318,126.8123,18시,543.0
0,20180923.0,일,오정로(부천시계),B-26,유출,외발산사거리->오쇠삼거리,7222.0,37.54318,126.8123,19시,457.0
0,20180923.0,일,오정로(부천시계),B-26,유출,외발산사거리->오쇠삼거리,7222.0,37.54318,126.8123,20시,381.0
0,20180924.0,월,오정로(부천시계),B-26,유출,외발산사거리->오쇠삼거리,8914.0,37.54318,126.8123,8시,498.0
0,20180924.0,월,오정로(부천시계),B-26,유출,외발산사거리->오쇠삼거리,8914.0,37.54318,126.8123,9시,397.0
0,20180924.0,월,오정로(부천시계),B-26,유출,외발산사거리->오쇠삼거리,8914.0,37.54318,126.8123,10시,486.0
0,20180924.0,월,오정로(부천시계),B-26,유출,외발산사거리->오쇠삼거리,8914.0,37.54318,126.8123,11시,687.0
0,20180924.0,월,오정로(부천시계),B-26,유출,외발산사거리->오쇠삼거리,8914.0,37.54318,126.8123,12시,788.0
0,20180924.0,월,오정로(부천시계),B-26,유출,외발산사거리->오쇠삼거리,8914.0,37.54318,126.8123,13시,888.0
0,20180924.0,월,오정로(부천시계),B-26,유출,외발산사거리->오쇠삼거리,8914.0,37.54318,126.8123,14시,869.0
0,20180924.0,월,오정로(부천시계),B-26,유출,외발산사거리->오쇠삼거리,8914.0,37.54318,126.8123,15시,890.0
0,20180924.0,월,오정로(부천시계),B-26,유출,외발산사거리->오쇠삼거리,8914.0,37.54318,126.8123,16시,781.0
0,20180924.0,월,오정로(부천시계),B-26,유출,외발산사거리->오쇠삼거리,8914.0,37.54318,126.8123,17시,857.0
0,20180924.0,월,오정로(부천시계),B-26,유출,외발산사거리->오쇠삼거리,8914.0,37.54318,126.8123,18시,718.0
0,20180924.0,월,오정로(부천시계),B-26,유출,외발산사거리->오쇠삼거리,8914.0,37.54318,126.8123,19시,573.0
0,20180924.0,월,오정로(부천시계),B-26,유출,외발산사거리->오쇠삼거리,8914.0,37.54318,126.8123,20시,482.0
0,20180925.0,화,오정로(부천시계),B-26,유출,외발산사거리->오쇠삼거리,7193.0,37.54318,126.8123,8시,281.0
0,20180925.0,화,오정로(부천시계),B-26,유출,외발산사거리->오쇠삼거리,7193.0,37.54318,126.8123,9시,362.0
0,20180925.0,화,오정로(부천시계),B-26,유출,외발산사거리->오쇠삼거리,7193.0,37.54318,126.8123,10시,398.0
0,20180925.0,화,오정로(부천시계),B-26,유출,외발산사거리->오쇠삼거리,7193.0,37.54318,126.8123,11시,499.0
0,20180925.0,화,오정로(부천시계),B-26,유출,외발산사거리->오쇠삼거리,7193.0,37.54318,126.8123,12시,568.0
0,20180925.0,화,오정로(부천시계),B-26,유출,외발산사거리->오쇠삼거리,7193.0,37.54318,126.8123,13시,569.0
0,20180925.0,화,오정로(부천시계),B-26,유출,외발산사거리->오쇠삼거리,7193.0,37.54318,126.8123,14시,644.0
0,20180925.0,화,오정로(부천시계),B-26,유출,외발산사거리->오쇠삼거리,7193.0,37.54318,126.8123,15시,640.0
0,20180925.0,화,오정로(부천시계),B-26,유출,외발산사거리->오쇠삼거리,7193.0,37.54318,126.8123,16시,726.0
0,20180925.0,화,오정로(부천시계),B-26,유출,외발산사거리->오쇠삼거리,7193.0,37.54318,126.8123,17시,732.0
0,20180925.0,화,오정로(부천시계),B-26,유출,외발산사거리->오쇠삼거리,7193.0,37.54318,126.8123,18시,731.0
0,20180925.0,화,오정로(부천시계),B-26,유출,외발산사거리->오쇠삼거리,7193.0,37.54318,126.8123,19시,602.0
0,20180925.0,화,오정로(부천시계),B-26,유출,외발산사거리->오쇠삼거리,7193.0,37.54318,126.8123,20시,441.0
0,20180926.0,수,오정로(부천시계),B-26,유출,외발산사거리->오쇠삼거리,7425.0,37.54318,126.8123,8시,396.0
0,20180926.0,수,오정로(부천시계),B-26,유출,외발산사거리->오쇠삼거리,7425.0,37.54318,126.8123,9시,413.0
0,20180926.0,수,오정로(부천시계),B-26,유출,외발산사거리->오쇠삼거리,7425.0,37.54318,126.8123,10시,439.0
0,20180926.0,수,오정로(부천시계),B-26,유출,외발산사거리->오쇠삼거리,7425.0,37.54318,126.8123,11시,465.0
0,20180926.0,수,오정로(부천시계),B-26,유출,외발산사거리->오쇠삼거리,7425.0,37.54318,126.8123,12시,508.0
0,20180926.0,수,오정로(부천시계),B-26,유출,외발산사거리->오쇠삼거리,7425.0,37.54318,126.8123,13시,625.0
0,20180926.0,수,오정로(부천시계),B-26,유출,외발산사거리->오쇠삼거리,7425.0,37.54318,126.8123,14시,703.0
0,20180926.0,수,오정로(부천시계),B-26,유출,외발산사거리->오쇠삼거리,7425.0,37.54318,126.8123,15시,690.0
0,20180926.0,수,오정로(부천시계),B-26,유출,외발산사거리->오쇠삼거리,7425.0,37.54318,126.8123,16시,754.0
0,20180926.0,수,오정로(부천시계),B-26,유출,외발산사거리->오쇠삼거리,7425.0,37.54318,126.8123,17시,734.0
0,20180926.0,수,오정로(부천시계),B-26,유출,외발산사거리->오쇠삼거리,7425.0,37.54318,126.8123,18시,676.0
0,20180926.0,수,오정로(부천시계),B-26,유출,외발산사거리->오쇠삼거리,7425.0,37.54318,126.8123,19시,540.0
0,20180926.0,수,오정로(부천시계),B-26,유출,외발산사거리->오쇠삼거리,7425.0,37.54318,126.8123,20시,482.0
0,20180927.0,목,오정로(부천시계),B-26,유출,외발산사거리->오쇠삼거리,10486.0,37.54318,126.8123,8시,931.0
0,20180927.0,목,오정로(부천시계),B-26,유출,외발산사거리->오쇠삼거리,10486.0,37.54318,126.8123,9시,609.0
0,20180927.0,목,오정로(부천시계),B-26,유출,외발산사거리->오쇠삼거리,10486.0,37.54318,126.8123,10시,647.0
0,20180927.0,목,오정로(부천시계),B-26,유출,외발산사거리->오쇠삼거리,10486.0,37.54318,126.8123,11시,690.0
0,20180927.0,목,오정로(부천시계),B-26,유출,외발산사거리->오쇠삼거리,10486.0,37.54318,126.8123,12시,618.0
0,20180927.0,목,오정로(부천시계),B-26,유출,외발산사거리->오쇠삼거리,10486.0,37.54318,126.8123,13시,667.0
0,20180927.0,목,오정로(부천시계),B-26,유출,외발산사거리->오쇠삼거리,10486.0,37.54318,126.8123,14시,738.0
0,20180927.0,목,오정로(부천시계),B-26,유출,외발산사거리->오쇠삼거리,10486.0,37.54318,126.8123,15시,735.0
0,20180927.0,목,오정로(부천시계),B-26,유출,외발산사거리->오쇠삼거리,10486.0,37.54318,126.8123,16시,928.0
0,20180927.0,목,오정로(부천시계),B-26,유출,외발산사거리->오쇠삼거리,10486.0,37.54318,126.8123,17시,1193.0
0,20180927.0,목,오정로(부천시계),B-26,유출,외발산사거리->오쇠삼거리,10486.0,37.54318,126.8123,18시,1271.0
0,20180927.0,목,오정로(부천시계),B-26,유출,외발산사거리->오쇠삼거리,10486.0,37.54318,126.8123,19시,887.0
0,20180927.0,목,오정로(부천시계),B-26,유출,외발산사거리->오쇠삼거리,10486.0,37.54318,126.8123,20시,572.0
0,20181003.0,수,오정로(부천시계),B-26,유입,오쇠삼거리->외발산사거리,6307.0,37.54318,126.8123,8시,462.0
0,20181003.0,수,오정로(부천시계),B-26,유입,오쇠삼거리->외발산사거리,6307.0,37.54318,126.8123,9시,499.0
0,20181003.0,수,오정로(부천시계),B-26,유입,오쇠삼거리->외발산사거리,6307.0,37.54318,126.8123,10시,488.0
0,20181003.0,수,오정로(부천시계),B-26,유입,오쇠삼거리->외발산사거리,6307.0,37.54318,126.8123,11시,596.0
0,20181003.0,수,오정로(부천시계),B-26,유입,오쇠삼거리->외발산사거리,6307.0,37.54318,126.8123,12시,601.0
0,20181003.0,수,오정로(부천시계),B-26,유입,오쇠삼거리->외발산사거리,6307.0,37.54318,126.8123,13시,525.0
0,20181003.0,수,오정로(부천시계),B-26,유입,오쇠삼거리->외발산사거리,6307.0,37.54318,126.8123,14시,484.0
0,20181003.0,수,오정로(부천시계),B-26,유입,오쇠삼거리->외발산사거리,6307.0,37.54318,126.8123,15시,479.0
0,20181003.0,수,오정로(부천시계),B-26,유입,오쇠삼거리->외발산사거리,6307.0,37.54318,126.8123,16시,528.0
0,20181003.0,수,오정로(부천시계),B-26,유입,오쇠삼거리->외발산사거리,6307.0,37.54318,126.8123,17시,520.0
0,20181003.0,수,오정로(부천시계),B-26,유입,오쇠삼거리->외발산사거리,6307.0,37.54318,126.8123,18시,445.0
0,20181003.0,수,오정로(부천시계),B-26,유입,오쇠삼거리->외발산사거리,6307.0,37.54318,126.8123,19시,364.0
0,20181003.0,수,오정로(부천시계),B-26,유입,오쇠삼거리->외발산사거리,6307.0,37.54318,126.8123,20시,316.0
0,20181004.0,목,오정로(부천시계),B-26,유입,오쇠삼거리->외발산사거리,7656.0,37.54318,126.8123,8시,850.0
0,20181004.0,목,오정로(부천시계),B-26,유입,오쇠삼거리->외발산사거리,7656.0,37.54318,126.8123,9시,698.0
0,20181004.0,목,오정로(부천시계),B-26,유입,오쇠삼거리->외발산사거리,7656.0,37.54318,126.8123,10시,636.0
0,20181004.0,목,오정로(부천시계),B-26,유입,오쇠삼거리->외발산사거리,7656.0,37.54318,126.8123,11시,575.0
0,20181004.0,목,오정로(부천시계),B-26,유입,오쇠삼거리->외발산사거리,7656.0,37.54318,126.8123,12시,549.0
0,20181004.0,목,오정로(부천시계),B-26,유입,오쇠삼거리->외발산사거리,7656.0,37.54318,126.8123,13시,517.0
0,20181004.0,목,오정로(부천시계),B-26,유입,오쇠삼거리->외발산사거리,7656.0,37.54318,126.8123,14시,561.0
0,20181004.0,목,오정로(부천시계),B-26,유입,오쇠삼거리->외발산사거리,7656.0,37.54318,126.8123,15시,573.0
0,20181004.0,목,오정로(부천시계),B-26,유입,오쇠삼거리->외발산사거리,7656.0,37.54318,126.8123,16시,580.0
0,20181004.0,목,오정로(부천시계),B-26,유입,오쇠삼거리->외발산사거리,7656.0,37.54318,126.8123,17시,692.0
0,20181004.0,목,오정로(부천시계),B-26,유입,오쇠삼거리->외발산사거리,7656.0,37.54318,126.8123,18시,577.0
0,20181004.0,목,오정로(부천시계),B-26,유입,오쇠삼거리->외발산사거리,7656.0,37.54318,126.8123,19시,445.0
0,20181004.0,목,오정로(부천시계),B-26,유입,오쇠삼거리->외발산사거리,7656.0,37.54318,126.8123,20시,403.0
0,20181005.0,금,오정로(부천시계),B-26,유입,오쇠삼거리->외발산사거리,7484.0,37.54318,126.8123,8시,772.0
0,20181005.0,금,오정로(부천시계),B-26,유입,오쇠삼거리->외발산사거리,7484.0,37.54318,126.8123,9시,731.0
0,20181005.0,금,오정로(부천시계),B-26,유입,오쇠삼거리->외발산사거리,7484.0,37.54318,126.8123,10시,634.0
0,20181005.0,금,오정로(부천시계),B-26,유입,오쇠삼거리->외발산사거리,7484.0,37.54318,126.8123,11시,644.0
0,20181005.0,금,오정로(부천시계),B-26,유입,오쇠삼거리->외발산사거리,7484.0,37.54318,126.8123,12시,511.0
0,20181005.0,금,오정로(부천시계),B-26,유입,오쇠삼거리->외발산사거리,7484.0,37.54318,126.8123,13시,516.0
0,20181005.0,금,오정로(부천시계),B-26,유입,오쇠삼거리->외발산사거리,7484.0,37.54318,126.8123,14시,529.0
0,20181005.0,금,오정로(부천시계),B-26,유입,오쇠삼거리->외발산사거리,7484.0,37.54318,126.8123,15시,556.0
0,20181005.0,금,오정로(부천시계),B-26,유입,오쇠삼거리->외발산사거리,7484.0,37.54318,126.8123,16시,605.0
0,20181005.0,금,오정로(부천시계),B-26,유입,오쇠삼거리->외발산사거리,7484.0,37.54318,126.8123,17시,665.0
0,20181005.0,금,오정로(부천시계),B-26,유입,오쇠삼거리->외발산사거리,7484.0,37.54318,126.8123,18시,529.0
0,20181005.0,금,오정로(부천시계),B-26,유입,오쇠삼거리->외발산사거리,7484.0,37.54318,126.8123,19시,459.0
0,20181005.0,금,오정로(부천시계),B-26,유입,오쇠삼거리->외발산사거리,7484.0,37.54318,126.8123,20시,333.0
0,20181006.0,토,오정로(부천시계),B-26,유입,오쇠삼거리->외발산사거리,6657.0,37.54318,126.8123,8시,455.0
0,20181006.0,토,오정로(부천시계),B-26,유입,오쇠삼거리->외발산사거리,6657.0,37.54318,126.8123,9시,515.0
0,20181006.0,토,오정로(부천시계),B-26,유입,오쇠삼거리->외발산사거리,6657.0,37.54318,126.8123,10시,504.0
0,20181006.0,토,오정로(부천시계),B-26,유입,오쇠삼거리->외발산사거리,6657.0,37.54318,126.8123,11시,527.0
0,20181006.0,토,오정로(부천시계),B-26,유입,오쇠삼거리->외발산사거리,6657.0,37.54318,126.8123,12시,597.0
0,20181006.0,토,오정로(부천시계),B-26,유입,오쇠삼거리->외발산사거리,6657.0,37.54318,126.8123,13시,602.0
0,20181006.0,토,오정로(부천시계),B-26,유입,오쇠삼거리->외발산사거리,6657.0,37.54318,126.8123,14시,610.0
0,20181006.0,토,오정로(부천시계),B-26,유입,오쇠삼거리->외발산사거리,6657.0,37.54318,126.8123,15시,569.0
0,20181006.0,토,오정로(부천시계),B-26,유입,오쇠삼거리->외발산사거리,6657.0,37.54318,126.8123,16시,559.0
0,20181006.0,토,오정로(부천시계),B-26,유입,오쇠삼거리->외발산사거리,6657.0,37.54318,126.8123,17시,601.0
0,20181006.0,토,오정로(부천시계),B-26,유입,오쇠삼거리->외발산사거리,6657.0,37.54318,126.8123,18시,468.0
0,20181006.0,토,오정로(부천시계),B-26,유입,오쇠삼거리->외발산사거리,6657.0,37.54318,126.8123,19시,373.0
0,20181006.0,토,오정로(부천시계),B-26,유입,오쇠삼거리->외발산사거리,6657.0,37.54318,126.8123,20시,277.0
0,20181007.0,일,오정로(부천시계),B-26,유입,오쇠삼거리->외발산사거리,6120.0,37.54318,126.8123,8시,384.0
0,20181007.0,일,오정로(부천시계),B-26,유입,오쇠삼거리->외발산사거리,6120.0,37.54318,126.8123,9시,430.0
0,20181007.0,일,오정로(부천시계),B-26,유입,오쇠삼거리->외발산사거리,6120.0,37.54318,126.8123,10시,458.0
0,20181007.0,일,오정로(부천시계),B-26,유입,오쇠삼거리->외발산사거리,6120.0,37.54318,126.8123,11시,495.0
0,20181007.0,일,오정로(부천시계),B-26,유입,오쇠삼거리->외발산사거리,6120.0,37.54318,126.8123,12시,522.0
0,20181007.0,일,오정로(부천시계),B-26,유입,오쇠삼거리->외발산사거리,6120.0,37.54318,126.8123,13시,581.0
0,20181007.0,일,오정로(부천시계),B-26,유입,오쇠삼거리->외발산사거리,6120.0,37.54318,126.8123,14시,573.0
0,20181007.0,일,오정로(부천시계),B-26,유입,오쇠삼거리->외발산사거리,6120.0,37.54318,126.8123,15시,512.0
0,20181007.0,일,오정로(부천시계),B-26,유입,오쇠삼거리->외발산사거리,6120.0,37.54318,126.8123,16시,480.0
0,20181007.0,일,오정로(부천시계),B-26,유입,오쇠삼거리->외발산사거리,6120.0,37.54318,126.8123,17시,564.0
0,20181007.0,일,오정로(부천시계),B-26,유입,오쇠삼거리->외발산사거리,6120.0,37.54318,126.8123,18시,449.0
0,20181007.0,일,오정로(부천시계),B-26,유입,오쇠삼거리->외발산사거리,6120.0,37.54318,126.8123,19시,372.0
0,20181007.0,일,오정로(부천시계),B-26,유입,오쇠삼거리->외발산사거리,6120.0,37.54318,126.8123,20시,300.0
0,20181008.0,월,오정로(부천시계),B-26,유입,오쇠삼거리->외발산사거리,7649.0,37.54318,126.8123,8시,743.0
0,20181008.0,월,오정로(부천시계),B-26,유입,오쇠삼거리->외발산사거리,7649.0,37.54318,126.8123,9시,614.0
0,20181008.0,월,오정로(부천시계),B-26,유입,오쇠삼거리->외발산사거리,7649.0,37.54318,126.8123,10시,611.0
0,20181008.0,월,오정로(부천시계),B-26,유입,오쇠삼거리->외발산사거리,7649.0,37.54318,126.8123,11시,589.0
0,20181008.0,월,오정로(부천시계),B-26,유입,오쇠삼거리->외발산사거리,7649.0,37.54318,126.8123,12시,531.0
0,20181008.0,월,오정로(부천시계),B-26,유입,오쇠삼거리->외발산사거리,7649.0,37.54318,126.8123,13시,567.0
0,20181008.0,월,오정로(부천시계),B-26,유입,오쇠삼거리->외발산사거리,7649.0,37.54318,126.8123,14시,615.0
0,20181008.0,월,오정로(부천시계),B-26,유입,오쇠삼거리->외발산사거리,7649.0,37.54318,126.8123,15시,553.0
0,20181008.0,월,오정로(부천시계),B-26,유입,오쇠삼거리->외발산사거리,7649.0,37.54318,126.8123,16시,654.0
0,20181008.0,월,오정로(부천시계),B-26,유입,오쇠삼거리->외발산사거리,7649.0,37.54318,126.8123,17시,672.0
0,20181008.0,월,오정로(부천시계),B-26,유입,오쇠삼거리->외발산사거리,7649.0,37.54318,126.8123,18시,618.0
0,20181008.0,월,오정로(부천시계),B-26,유입,오쇠삼거리->외발산사거리,7649.0,37.54318,126.8123,19시,485.0
0,20181008.0,월,오정로(부천시계),B-26,유입,오쇠삼거리->외발산사거리,7649.0,37.54318,126.8123,20시,397.0
0,20181009.0,화,오정로(부천시계),B-26,유입,오쇠삼거리->외발산사거리,6341.0,37.54318,126.8123,8시,480.0
0,20181009.0,화,오정로(부천시계),B-26,유입,오쇠삼거리->외발산사거리,6341.0,37.54318,126.8123,9시,552.0
0,20181009.0,화,오정로(부천시계),B-26,유입,오쇠삼거리->외발산사거리,6341.0,37.54318,126.8123,10시,516.0
0,20181009.0,화,오정로(부천시계),B-26,유입,오쇠삼거리->외발산사거리,6341.0,37.54318,126.8123,11시,568.0
0,20181009.0,화,오정로(부천시계),B-26,유입,오쇠삼거리->외발산사거리,6341.0,37.54318,126.8123,12시,544.0
0,20181009.0,화,오정로(부천시계),B-26,유입,오쇠삼거리->외발산사거리,6341.0,37.54318,126.8123,13시,584.0
0,20181009.0,화,오정로(부천시계),B-26,유입,오쇠삼거리->외발산사거리,6341.0,37.54318,126.8123,14시,536.0
0,20181009.0,화,오정로(부천시계),B-26,유입,오쇠삼거리->외발산사거리,6341.0,37.54318,126.8123,15시,463.0
0,20181009.0,화,오정로(부천시계),B-26,유입,오쇠삼거리->외발산사거리,6341.0,37.54318,126.8123,16시,489.0
0,20181009.0,화,오정로(부천시계),B-26,유입,오쇠삼거리->외발산사거리,6341.0,37.54318,126.8123,17시,532.0
0,20181009.0,화,오정로(부천시계),B-26,유입,오쇠삼거리->외발산사거리,6341.0,37.54318,126.8123,18시,433.0
0,20181009.0,화,오정로(부천시계),B-26,유입,오쇠삼거리->외발산사거리,6341.0,37.54318,126.8123,19시,357.0
0,20181009.0,화,오정로(부천시계),B-26,유입,오쇠삼거리->외발산사거리,6341.0,37.54318,126.8123,20시,287.0
0,20181010.0,수,오정로(부천시계),B-26,유입,오쇠삼거리->외발산사거리,7869.0,37.54318,126.8123,8시,792.0
0,20181010.0,수,오정로(부천시계),B-26,유입,오쇠삼거리->외발산사거리,7869.0,37.54318,126.8123,9시,770.0
0,20181010.0,수,오정로(부천시계),B-26,유입,오쇠삼거리->외발산사거리,7869.0,37.54318,126.8123,10시,584.0
0,20181010.0,수,오정로(부천시계),B-26,유입,오쇠삼거리->외발산사거리,7869.0,37.54318,126.8123,11시,635.0
0,20181010.0,수,오정로(부천시계),B-26,유입,오쇠삼거리->외발산사거리,7869.0,37.54318,126.8123,12시,558.0
0,20181010.0,수,오정로(부천시계),B-26,유입,오쇠삼거리->외발산사거리,7869.0,37.54318,126.8123,13시,565.0
0,20181010.0,수,오정로(부천시계),B-26,유입,오쇠삼거리->외발산사거리,7869.0,37.54318,126.8123,14시,583.0
0,20181010.0,수,오정로(부천시계),B-26,유입,오쇠삼거리->외발산사거리,7869.0,37.54318,126.8123,15시,573.0
0,20181010.0,수,오정로(부천시계),B-26,유입,오쇠삼거리->외발산사거리,7869.0,37.54318,126.8123,16시,633.0
0,20181010.0,수,오정로(부천시계),B-26,유입,오쇠삼거리->외발산사거리,7869.0,37.54318,126.8123,17시,705.0
0,20181010.0,수,오정로(부천시계),B-26,유입,오쇠삼거리->외발산사거리,7869.0,37.54318,126.8123,18시,596.0
0,20181010.0,수,오정로(부천시계),B-26,유입,오쇠삼거리->외발산사거리,7869.0,37.54318,126.8123,19시,492.0
0,20181010.0,수,오정로(부천시계),B-26,유입,오쇠삼거리->외발산사거리,7869.0,37.54318,126.8123,20시,383.0
0,20181011.0,목,오정로(부천시계),B-26,유입,오쇠삼거리->외발산사거리,7986.0,37.54318,126.8123,8시,828.0
0,20181011.0,목,오정로(부천시계),B-26,유입,오쇠삼거리->외발산사거리,7986.0,37.54318,126.8123,9시,717.0
0,20181011.0,목,오정로(부천시계),B-26,유입,오쇠삼거리->외발산사거리,7986.0,37.54318,126.8123,10시,708.0
0,20181011.0,목,오정로(부천시계),B-26,유입,오쇠삼거리->외발산사거리,7986.0,37.54318,126.8123,11시,671.0
0,20181011.0,목,오정로(부천시계),B-26,유입,오쇠삼거리->외발산사거리,7986.0,37.54318,126.8123,12시,592.0
0,20181011.0,목,오정로(부천시계),B-26,유입,오쇠삼거리->외발산사거리,7986.0,37.54318,126.8123,13시,575.0
0,20181011.0,목,오정로(부천시계),B-26,유입,오쇠삼거리->외발산사거리,7986.0,37.54318,126.8123,14시,602.0
0,20181011.0,목,오정로(부천시계),B-26,유입,오쇠삼거리->외발산사거리,7986.0,37.54318,126.8123,15시,551.0
0,20181011.0,목,오정로(부천시계),B-26,유입,오쇠삼거리->외발산사거리,7986.0,37.54318,126.8123,16시,580.0
0,20181011.0,목,오정로(부천시계),B-26,유입,오쇠삼거리->외발산사거리,7986.0,37.54318,126.8123,17시,757.0
0,20181011.0,목,오정로(부천시계),B-26,유입,오쇠삼거리->외발산사거리,7986.0,37.54318,126.8123,18시,574.0
0,20181011.0,목,오정로(부천시계),B-26,유입,오쇠삼거리->외발산사거리,7986.0,37.54318,126.8123,19시,433.0
0,20181011.0,목,오정로(부천시계),B-26,유입,오쇠삼거리->외발산사거리,7986.0,37.54318,126.8123,20시,398.0
0,20181012.0,금,오정로(부천시계),B-26,유입,오쇠삼거리->외발산사거리,7997.0,37.54318,126.8123,8시,819.0
0,20181012.0,금,오정로(부천시계),B-26,유입,오쇠삼거리->외발산사거리,7997.0,37.54318,126.8123,9시,744.0
0,20181012.0,금,오정로(부천시계),B-26,유입,오쇠삼거리->외발산사거리,7997.0,37.54318,126.8123,10시,615.0
0,20181012.0,금,오정로(부천시계),B-26,유입,오쇠삼거리->외발산사거리,7997.0,37.54318,126.8123,11시,678.0
0,20181012.0,금,오정로(부천시계),B-26,유입,오쇠삼거리->외발산사거리,7997.0,37.54318,126.8123,12시,596.0
0,20181012.0,금,오정로(부천시계),B-26,유입,오쇠삼거리->외발산사거리,7997.0,37.54318,126.8123,13시,561.0
0,20181012.0,금,오정로(부천시계),B-26,유입,오쇠삼거리->외발산사거리,7997.0,37.54318,126.8123,14시,594.0
0,20181012.0,금,오정로(부천시계),B-26,유입,오쇠삼거리->외발산사거리,7997.0,37.54318,126.8123,15시,581.0
0,20181012.0,금,오정로(부천시계),B-26,유입,오쇠삼거리->외발산사거리,7997.0,37.54318,126.8123,16시,597.0
0,20181012.0,금,오정로(부천시계),B-26,유입,오쇠삼거리->외발산사거리,7997.0,37.54318,126.8123,17시,761.0
0,20181012.0,금,오정로(부천시계),B-26,유입,오쇠삼거리->외발산사거리,7997.0,37.54318,126.8123,18시,540.0
0,20181012.0,금,오정로(부천시계),B-26,유입,오쇠삼거리->외발산사거리,7997.0,37.54318,126.8123,19시,513.0
0,20181012.0,금,오정로(부천시계),B-26,유입,오쇠삼거리->외발산사거리,7997.0,37.54318,126.8123,20시,398.0
0,20181013.0,토,오정로(부천시계),B-26,유입,오쇠삼거리->외발산사거리,7618.0,37.54318,126.8123,8시,622.0
0,20181013.0,토,오정로(부천시계),B-26,유입,오쇠삼거리->외발산사거리,7618.0,37.54318,126.8123,9시,649.0
0,20181013.0,토,오정로(부천시계),B-26,유입,오쇠삼거리->외발산사거리,7618.0,37.54318,126.8123,10시,656.0
0,20181013.0,토,오정로(부천시계),B-26,유입,오쇠삼거리->외발산사거리,7618.0,37.54318,126.8123,11시,698.0
0,20181013.0,토,오정로(부천시계),B-26,유입,오쇠삼거리->외발산사거리,7618.0,37.54318,126.8123,12시,668.0
0,20181013.0,토,오정로(부천시계),B-26,유입,오쇠삼거리->외발산사거리,7618.0,37.54318,126.8123,13시,625.0
0,20181013.0,토,오정로(부천시계),B-26,유입,오쇠삼거리->외발산사거리,7618.0,37.54318,126.8123,14시,644.0
0,20181013.0,토,오정로(부천시계),B-26,유입,오쇠삼거리->외발산사거리,7618.0,37.54318,126.8123,15시,568.0
0,20181013.0,토,오정로(부천시계),B-26,유입,오쇠삼거리->외발산사거리,7618.0,37.54318,126.8123,16시,640.0
0,20181013.0,토,오정로(부천시계),B-26,유입,오쇠삼거리->외발산사거리,7618.0,37.54318,126.8123,17시,650.0
0,20181013.0,토,오정로(부천시계),B-26,유입,오쇠삼거리->외발산사거리,7618.0,37.54318,126.8123,18시,508.0
0,20181013.0,토,오정로(부천시계),B-26,유입,오쇠삼거리->외발산사거리,7618.0,37.54318,126.8123,19시,360.0
0,20181013.0,토,오정로(부천시계),B-26,유입,오쇠삼거리->외발산사거리,7618.0,37.54318,126.8123,20시,330.0
0,20181014.0,일,오정로(부천시계),B-26,유입,오쇠삼거리->외발산사거리,6232.0,37.54318,126.8123,8시,384.0
0,20181014.0,일,오정로(부천시계),B-26,유입,오쇠삼거리->외발산사거리,6232.0,37.54318,126.8123,9시,478.0
0,20181014.0,일,오정로(부천시계),B-26,유입,오쇠삼거리->외발산사거리,6232.0,37.54318,126.8123,10시,488.0
0,20181014.0,일,오정로(부천시계),B-26,유입,오쇠삼거리->외발산사거리,6232.0,37.54318,126.8123,11시,506.0
0,20181014.0,일,오정로(부천시계),B-26,유입,오쇠삼거리->외발산사거리,6232.0,37.54318,126.8123,12시,513.0
0,20181014.0,일,오정로(부천시계),B-26,유입,오쇠삼거리->외발산사거리,6232.0,37.54318,126.8123,13시,529.0
0,20181014.0,일,오정로(부천시계),B-26,유입,오쇠삼거리->외발산사거리,6232.0,37.54318,126.8123,14시,558.0
0,20181014.0,일,오정로(부천시계),B-26,유입,오쇠삼거리->외발산사거리,6232.0,37.54318,126.8123,15시,518.0
0,20181014.0,일,오정로(부천시계),B-26,유입,오쇠삼거리->외발산사거리,6232.0,37.54318,126.8123,16시,536.0
0,20181014.0,일,오정로(부천시계),B-26,유입,오쇠삼거리->외발산사거리,6232.0,37.54318,126.8123,17시,602.0
0,20181014.0,일,오정로(부천시계),B-26,유입,오쇠삼거리->외발산사거리,6232.0,37.54318,126.8123,18시,474.0
0,20181014.0,일,오정로(부천시계),B-26,유입,오쇠삼거리->외발산사거리,6232.0,37.54318,126.8123,19시,346.0
0,20181014.0,일,오정로(부천시계),B-26,유입,오쇠삼거리->외발산사거리,6232.0,37.54318,126.8123,20시,300.0
0,20181015.0,월,오정로(부천시계),B-26,유입,오쇠삼거리->외발산사거리,7661.0,37.54318,126.8123,8시,765.0
0,20181015.0,월,오정로(부천시계),B-26,유입,오쇠삼거리->외발산사거리,7661.0,37.54318,126.8123,9시,685.0
0,20181015.0,월,오정로(부천시계),B-26,유입,오쇠삼거리->외발산사거리,7661.0,37.54318,126.8123,10시,602.0
0,20181015.0,월,오정로(부천시계),B-26,유입,오쇠삼거리->외발산사거리,7661.0,37.54318,126.8123,11시,657.0
0,20181015.0,월,오정로(부천시계),B-26,유입,오쇠삼거리->외발산사거리,7661.0,37.54318,126.8123,12시,547.0
0,20181015.0,월,오정로(부천시계),B-26,유입,오쇠삼거리->외발산사거리,7661.0,37.54318,126.8123,13시,562.0
0,20181015.0,월,오정로(부천시계),B-26,유입,오쇠삼거리->외발산사거리,7661.0,37.54318,126.8123,14시,601.0
0,20181015.0,월,오정로(부천시계),B-26,유입,오쇠삼거리->외발산사거리,7661.0,37.54318,126.8123,15시,516.0
0,20181015.0,월,오정로(부천시계),B-26,유입,오쇠삼거리->외발산사거리,7661.0,37.54318,126.8123,16시,575.0
0,20181015.0,월,오정로(부천시계),B-26,유입,오쇠삼거리->외발산사거리,7661.0,37.54318,126.8123,17시,705.0
0,20181015.0,월,오정로(부천시계),B-26,유입,오쇠삼거리->외발산사거리,7661.0,37.54318,126.8123,18시,584.0
0,20181015.0,월,오정로(부천시계),B-26,유입,오쇠삼거리->외발산사거리,7661.0,37.54318,126.8123,19시,479.0
0,20181015.0,월,오정로(부천시계),B-26,유입,오쇠삼거리->외발산사거리,7661.0,37.54318,126.8123,20시,383.0
0,20181016.0,화,오정로(부천시계),B-26,유입,오쇠삼거리->외발산사거리,7714.0,37.54318,126.8123,8시,819.0
0,20181016.0,화,오정로(부천시계),B-26,유입,오쇠삼거리->외발산사거리,7714.0,37.54318,126.8123,9시,724.0
0,20181016.0,화,오정로(부천시계),B-26,유입,오쇠삼거리->외발산사거리,7714.0,37.54318,126.8123,10시,708.0
0,20181016.0,화,오정로(부천시계),B-26,유입,오쇠삼거리->외발산사거리,7714.0,37.54318,126.8123,11시,563.0
0,20181016.0,화,오정로(부천시계),B-26,유입,오쇠삼거리->외발산사거리,7714.0,37.54318,126.8123,12시,550.0
0,20181016.0,화,오정로(부천시계),B-26,유입,오쇠삼거리->외발산사거리,7714.0,37.54318,126.8123,13시,548.0
0,20181016.0,화,오정로(부천시계),B-26,유입,오쇠삼거리->외발산사거리,7714.0,37.54318,126.8123,14시,568.0
0,20181016.0,화,오정로(부천시계),B-26,유입,오쇠삼거리->외발산사거리,7714.0,37.54318,126.8123,15시,533.0
0,20181016.0,화,오정로(부천시계),B-26,유입,오쇠삼거리->외발산사거리,7714.0,37.54318,126.8123,16시,621.0
0,20181016.0,화,오정로(부천시계),B-26,유입,오쇠삼거리->외발산사거리,7714.0,37.54318,126.8123,17시,687.0
0,20181016.0,화,오정로(부천시계),B-26,유입,오쇠삼거리->외발산사거리,7714.0,37.54318,126.8123,18시,578.0
0,20181016.0,화,오정로(부천시계),B-26,유입,오쇠삼거리->외발산사거리,7714.0,37.54318,126.8123,19시,451.0
0,20181016.0,화,오정로(부천시계),B-26,유입,오쇠삼거리->외발산사거리,7714.0,37.54318,126.8123,20시,364.0
0,20181017.0,수,오정로(부천시계),B-26,유입,오쇠삼거리->외발산사거리,7626.0,37.54318,126.8123,8시,808.0
0,20181017.0,수,오정로(부천시계),B-26,유입,오쇠삼거리->외발산사거리,7626.0,37.54318,126.8123,9시,707.0
0,20181017.0,수,오정로(부천시계),B-26,유입,오쇠삼거리->외발산사거리,7626.0,37.54318,126.8123,10시,584.0
0,20181017.0,수,오정로(부천시계),B-26,유입,오쇠삼거리->외발산사거리,7626.0,37.54318,126.8123,11시,590.0
0,20181017.0,수,오정로(부천시계),B-26,유입,오쇠삼거리->외발산사거리,7626.0,37.54318,126.8123,12시,527.0
0,20181017.0,수,오정로(부천시계),B-26,유입,오쇠삼거리->외발산사거리,7626.0,37.54318,126.8123,13시,526.0
0,20181017.0,수,오정로(부천시계),B-26,유입,오쇠삼거리->외발산사거리,7626.0,37.54318,126.8123,14시,543.0
0,20181017.0,수,오정로(부천시계),B-26,유입,오쇠삼거리->외발산사거리,7626.0,37.54318,126.8123,15시,572.0
0,20181017.0,수,오정로(부천시계),B-26,유입,오쇠삼거리->외발산사거리,7626.0,37.54318,126.8123,16시,625.0
0,20181017.0,수,오정로(부천시계),B-26,유입,오쇠삼거리->외발산사거리,7626.0,37.54318,126.8123,17시,750.0
0,20181017.0,수,오정로(부천시계),B-26,유입,오쇠삼거리->외발산사거리,7626.0,37.54318,126.8123,18시,560.0
0,20181017.0,수,오정로(부천시계),B-26,유입,오쇠삼거리->외발산사거리,7626.0,37.54318,126.8123,19시,478.0
0,20181017.0,수,오정로(부천시계),B-26,유입,오쇠삼거리->외발산사거리,7626.0,37.54318,126.8123,20시,356.0
0,20181018.0,목,오정로(부천시계),B-26,유입,오쇠삼거리->외발산사거리,7543.0,37.54318,126.8123,8시,845.0
0,20181018.0,목,오정로(부천시계),B-26,유입,오쇠삼거리->외발산사거리,7543.0,37.54318,126.8123,9시,714.0
0,20181018.0,목,오정로(부천시계),B-26,유입,오쇠삼거리->외발산사거리,7543.0,37.54318,126.8123,10시,636.0
0,20181018.0,목,오정로(부천시계),B-26,유입,오쇠삼거리->외발산사거리,7543.0,37.54318,126.8123,11시,628.0
0,20181018.0,목,오정로(부천시계),B-26,유입,오쇠삼거리->외발산사거리,7543.0,37.54318,126.8123,12시,513.0
0,20181018.0,목,오정로(부천시계),B-26,유입,오쇠삼거리->외발산사거리,7543.0,37.54318,126.8123,13시,522.0
0,20181018.0,목,오정로(부천시계),B-26,유입,오쇠삼거리->외발산사거리,7543.0,37.54318,126.8123,14시,513.0
0,20181018.0,목,오정로(부천시계),B-26,유입,오쇠삼거리->외발산사거리,7543.0,37.54318,126.8123,15시,542.0
0,20181018.0,목,오정로(부천시계),B-26,유입,오쇠삼거리->외발산사거리,7543.0,37.54318,126.8123,16시,540.0
0,20181018.0,목,오정로(부천시계),B-26,유입,오쇠삼거리->외발산사거리,7543.0,37.54318,126.8123,17시,704.0
0,20181018.0,목,오정로(부천시계),B-26,유입,오쇠삼거리->외발산사거리,7543.0,37.54318,126.8123,18시,533.0
0,20181018.0,목,오정로(부천시계),B-26,유입,오쇠삼거리->외발산사거리,7543.0,37.54318,126.8123,19시,485.0
0,20181018.0,목,오정로(부천시계),B-26,유입,오쇠삼거리->외발산사거리,7543.0,37.54318,126.8123,20시,368.0
0,20181019.0,금,오정로(부천시계),B-26,유입,오쇠삼거리->외발산사거리,7853.0,37.54318,126.8123,8시,810.0
0,20181019.0,금,오정로(부천시계),B-26,유입,오쇠삼거리->외발산사거리,7853.0,37.54318,126.8123,9시,695.0
0,20181019.0,금,오정로(부천시계),B-26,유입,오쇠삼거리->외발산사거리,7853.0,37.54318,126.8123,10시,641.0
0,20181019.0,금,오정로(부천시계),B-26,유입,오쇠삼거리->외발산사거리,7853.0,37.54318,126.8123,11시,620.0
0,20181019.0,금,오정로(부천시계),B-26,유입,오쇠삼거리->외발산사거리,7853.0,37.54318,126.8123,12시,537.0
0,20181019.0,금,오정로(부천시계),B-26,유입,오쇠삼거리->외발산사거리,7853.0,37.54318,126.8123,13시,565.0
0,20181019.0,금,오정로(부천시계),B-26,유입,오쇠삼거리->외발산사거리,7853.0,37.54318,126.8123,14시,575.0
0,20181019.0,금,오정로(부천시계),B-26,유입,오쇠삼거리->외발산사거리,7853.0,37.54318,126.8123,15시,604.0
0,20181019.0,금,오정로(부천시계),B-26,유입,오쇠삼거리->외발산사거리,7853.0,37.54318,126.8123,16시,627.0
0,20181019.0,금,오정로(부천시계),B-26,유입,오쇠삼거리->외발산사거리,7853.0,37.54318,126.8123,17시,701.0
0,20181019.0,금,오정로(부천시계),B-26,유입,오쇠삼거리->외발산사거리,7853.0,37.54318,126.8123,18시,555.0
0,20181019.0,금,오정로(부천시계),B-26,유입,오쇠삼거리->외발산사거리,7853.0,37.54318,126.8123,19시,519.0
0,20181019.0,금,오정로(부천시계),B-26,유입,오쇠삼거리->외발산사거리,7853.0,37.54318,126.8123,20시,404.0
0,20181020.0,토,오정로(부천시계),B-26,유입,오쇠삼거리->외발산사거리,7810.0,37.54318,126.8123,8시,565.0
0,20181020.0,토,오정로(부천시계),B-26,유입,오쇠삼거리->외발산사거리,7810.0,37.54318,126.8123,9시,627.0
0,20181020.0,토,오정로(부천시계),B-26,유입,오쇠삼거리->외발산사거리,7810.0,37.54318,126.8123,10시,654.0
0,20181020.0,토,오정로(부천시계),B-26,유입,오쇠삼거리->외발산사거리,7810.0,37.54318,126.8123,11시,728.0
0,20181020.0,토,오정로(부천시계),B-26,유입,오쇠삼거리->외발산사거리,7810.0,37.54318,126.8123,12시,664.0
0,20181020.0,토,오정로(부천시계),B-26,유입,오쇠삼거리->외발산사거리,7810.0,37.54318,126.8123,13시,708.0
0,20181020.0,토,오정로(부천시계),B-26,유입,오쇠삼거리->외발산사거리,7810.0,37.54318,126.8123,14시,633.0
0,20181020.0,토,오정로(부천시계),B-26,유입,오쇠삼거리->외발산사거리,7810.0,37.54318,126.8123,15시,682.0
0,20181020.0,토,오정로(부천시계),B-26,유입,오쇠삼거리->외발산사거리,7810.0,37.54318,126.8123,16시,643.0
0,20181020.0,토,오정로(부천시계),B-26,유입,오쇠삼거리->외발산사거리,7810.0,37.54318,126.8123,17시,688.0
0,20181020.0,토,오정로(부천시계),B-26,유입,오쇠삼거리->외발산사거리,7810.0,37.54318,126.8123,18시,486.0
0,20181020.0,토,오정로(부천시계),B-26,유입,오쇠삼거리->외발산사거리,7810.0,37.54318,126.8123,19시,411.0
0,20181020.0,토,오정로(부천시계),B-26,유입,오쇠삼거리->외발산사거리,7810.0,37.54318,126.8123,20시,321.0
0,20181021.0,일,오정로(부천시계),B-26,유입,오쇠삼거리->외발산사거리,6304.0,37.54318,126.8123,8시,394.0
0,20181021.0,일,오정로(부천시계),B-26,유입,오쇠삼거리->외발산사거리,6304.0,37.54318,126.8123,9시,455.0
0,20181021.0,일,오정로(부천시계),B-26,유입,오쇠삼거리->외발산사거리,6304.0,37.54318,126.8123,10시,588.0
0,20181021.0,일,오정로(부천시계),B-26,유입,오쇠삼거리->외발산사거리,6304.0,37.54318,126.8123,11시,602.0
0,20181021.0,일,오정로(부천시계),B-26,유입,오쇠삼거리->외발산사거리,6304.0,37.54318,126.8123,12시,517.0
0,20181021.0,일,오정로(부천시계),B-26,유입,오쇠삼거리->외발산사거리,6304.0,37.54318,126.8123,13시,513.0
0,20181021.0,일,오정로(부천시계),B-26,유입,오쇠삼거리->외발산사거리,6304.0,37.54318,126.8123,14시,544.0
0,20181021.0,일,오정로(부천시계),B-26,유입,오쇠삼거리->외발산사거리,6304.0,37.54318,126.8123,15시,541.0
0,20181021.0,일,오정로(부천시계),B-26,유입,오쇠삼거리->외발산사거리,6304.0,37.54318,126.8123,16시,542.0
0,20181021.0,일,오정로(부천시계),B-26,유입,오쇠삼거리->외발산사거리,6304.0,37.54318,126.8123,17시,554.0
0,20181021.0,일,오정로(부천시계),B-26,유입,오쇠삼거리->외발산사거리,6304.0,37.54318,126.8123,18시,412.0
0,20181021.0,일,오정로(부천시계),B-26,유입,오쇠삼거리->외발산사거리,6304.0,37.54318,126.8123,19시,355.0
0,20181021.0,일,오정로(부천시계),B-26,유입,오쇠삼거리->외발산사거리,6304.0,37.54318,126.8123,20시,287.0
0,20181022.0,월,오정로(부천시계),B-26,유입,오쇠삼거리->외발산사거리,7801.0,37.54318,126.8123,8시,814.0
0,20181022.0,월,오정로(부천시계),B-26,유입,오쇠삼거리->외발산사거리,7801.0,37.54318,126.8123,9시,730.0
0,20181022.0,월,오정로(부천시계),B-26,유입,오쇠삼거리->외발산사거리,7801.0,37.54318,126.8123,10시,643.0
0,20181022.0,월,오정로(부천시계),B-26,유입,오쇠삼거리->외발산사거리,7801.0,37.54318,126.8123,11시,647.0
0,20181022.0,월,오정로(부천시계),B-26,유입,오쇠삼거리->외발산사거리,7801.0,37.54318,126.8123,12시,539.0
0,20181022.0,월,오정로(부천시계),B-26,유입,오쇠삼거리->외발산사거리,7801.0,37.54318,126.8123,13시,556.0
0,20181022.0,월,오정로(부천시계),B-26,유입,오쇠삼거리->외발산사거리,7801.0,37.54318,126.8123,14시,571.0
0,20181022.0,월,오정로(부천시계),B-26,유입,오쇠삼거리->외발산사거리,7801.0,37.54318,126.8123,15시,553.0
0,20181022.0,월,오정로(부천시계),B-26,유입,오쇠삼거리->외발산사거리,7801.0,37.54318,126.8123,16시,598.0
0,20181022.0,월,오정로(부천시계),B-26,유입,오쇠삼거리->외발산사거리,7801.0,37.54318,126.8123,17시,740.0
0,20181022.0,월,오정로(부천시계),B-26,유입,오쇠삼거리->외발산사거리,7801.0,37.54318,126.8123,18시,574.0
0,20181022.0,월,오정로(부천시계),B-26,유입,오쇠삼거리->외발산사거리,7801.0,37.54318,126.8123,19시,478.0
0,20181022.0,월,오정로(부천시계),B-26,유입,오쇠삼거리->외발산사거리,7801.0,37.54318,126.8123,20시,358.0
0,20181023.0,화,오정로(부천시계),B-26,유입,오쇠삼거리->외발산사거리,7532.0,37.54318,126.8123,8시,799.0
0,20181023.0,화,오정로(부천시계),B-26,유입,오쇠삼거리->외발산사거리,7532.0,37.54318,126.8123,9시,717.0
0,20181023.0,화,오정로(부천시계),B-26,유입,오쇠삼거리->외발산사거리,7532.0,37.54318,126.8123,10시,608.0
0,20181023.0,화,오정로(부천시계),B-26,유입,오쇠삼거리->외발산사거리,7532.0,37.54318,126.8123,11시,537.0
0,20181023.0,화,오정로(부천시계),B-26,유입,오쇠삼거리->외발산사거리,7532.0,37.54318,126.8123,12시,532.0
0,20181023.0,화,오정로(부천시계),B-26,유입,오쇠삼거리->외발산사거리,7532.0,37.54318,126.8123,13시,535.0
0,20181023.0,화,오정로(부천시계),B-26,유입,오쇠삼거리->외발산사거리,7532.0,37.54318,126.8123,14시,566.0
0,20181023.0,화,오정로(부천시계),B-26,유입,오쇠삼거리->외발산사거리,7532.0,37.54318,126.8123,15시,518.0
0,20181023.0,화,오정로(부천시계),B-26,유입,오쇠삼거리->외발산사거리,7532.0,37.54318,126.8123,16시,631.0
0,20181023.0,화,오정로(부천시계),B-26,유입,오쇠삼거리->외발산사거리,7532.0,37.54318,126.8123,17시,717.0
0,20181023.0,화,오정로(부천시계),B-26,유입,오쇠삼거리->외발산사거리,7532.0,37.54318,126.8123,18시,562.0
0,20181023.0,화,오정로(부천시계),B-26,유입,오쇠삼거리->외발산사거리,7532.0,37.54318,126.8123,19시,429.0
0,20181023.0,화,오정로(부천시계),B-26,유입,오쇠삼거리->외발산사거리,7532.0,37.54318,126.8123,20시,381.0
0,20181024.0,수,오정로(부천시계),B-26,유입,오쇠삼거리->외발산사거리,7707.0,37.54318,126.8123,8시,818.0
0,20181024.0,수,오정로(부천시계),B-26,유입,오쇠삼거리->외발산사거리,7707.0,37.54318,126.8123,9시,726.0
0,20181024.0,수,오정로(부천시계),B-26,유입,오쇠삼거리->외발산사거리,7707.0,37.54318,126.8123,10시,610.0
0,20181024.0,수,오정로(부천시계),B-26,유입,오쇠삼거리->외발산사거리,7707.0,37.54318,126.8123,11시,622.0
0,20181024.0,수,오정로(부천시계),B-26,유입,오쇠삼거리->외발산사거리,7707.0,37.54318,126.8123,12시,528.0
0,20181024.0,수,오정로(부천시계),B-26,유입,오쇠삼거리->외발산사거리,7707.0,37.54318,126.8123,13시,558.0
0,20181024.0,수,오정로(부천시계),B-26,유입,오쇠삼거리->외발산사거리,7707.0,37.54318,126.8123,14시,574.0
0,20181024.0,수,오정로(부천시계),B-26,유입,오쇠삼거리->외발산사거리,7707.0,37.54318,126.8123,15시,533.0
0,20181024.0,수,오정로(부천시계),B-26,유입,오쇠삼거리->외발산사거리,7707.0,37.54318,126.8123,16시,582.0
0,20181024.0,수,오정로(부천시계),B-26,유입,오쇠삼거리->외발산사거리,7707.0,37.54318,126.8123,17시,687.0
0,20181024.0,수,오정로(부천시계),B-26,유입,오쇠삼거리->외발산사거리,7707.0,37.54318,126.8123,18시,563.0
0,20181024.0,수,오정로(부천시계),B-26,유입,오쇠삼거리->외발산사거리,7707.0,37.54318,126.8123,19시,516.0
0,20181024.0,수,오정로(부천시계),B-26,유입,오쇠삼거리->외발산사거리,7707.0,37.54318,126.8123,20시,390.0
0,20181026.0,금,오정로(부천시계),B-26,유입,오쇠삼거리->외발산사거리,7759.0,37.54318,126.8123,8시,863.0
0,20181026.0,금,오정로(부천시계),B-26,유입,오쇠삼거리->외발산사거리,7759.0,37.54318,126.8123,9시,680.0
0,20181026.0,금,오정로(부천시계),B-26,유입,오쇠삼거리->외발산사거리,7759.0,37.54318,126.8123,10시,628.0
0,20181026.0,금,오정로(부천시계),B-26,유입,오쇠삼거리->외발산사거리,7759.0,37.54318,126.8123,11시,634.0
0,20181026.0,금,오정로(부천시계),B-26,유입,오쇠삼거리->외발산사거리,7759.0,37.54318,126.8123,12시,575.0
0,20181026.0,금,오정로(부천시계),B-26,유입,오쇠삼거리->외발산사거리,7759.0,37.54318,126.8123,13시,529.0
0,20181026.0,금,오정로(부천시계),B-26,유입,오쇠삼거리->외발산사거리,7759.0,37.54318,126.8123,14시,525.0
0,20181026.0,금,오정로(부천시계),B-26,유입,오쇠삼거리->외발산사거리,7759.0,37.54318,126.8123,15시,578.0
0,20181026.0,금,오정로(부천시계),B-26,유입,오쇠삼거리->외발산사거리,7759.0,37.54318,126.8123,16시,562.0
0,20181026.0,금,오정로(부천시계),B-26,유입,오쇠삼거리->외발산사거리,7759.0,37.54318,126.8123,17시,687.0
0,20181026.0,금,오정로(부천시계),B-26,유입,오쇠삼거리->외발산사거리,7759.0,37.54318,126.8123,18시,649.0
0,20181026.0,금,오정로(부천시계),B-26,유입,오쇠삼거리->외발산사거리,7759.0,37.54318,126.8123,19시,507.0
0,20181026.0,금,오정로(부천시계),B-26,유입,오쇠삼거리->외발산사거리,7759.0,37.54318,126.8123,20시,342.0
0,20181027.0,토,오정로(부천시계),B-26,유입,오쇠삼거리->외발산사거리,7661.0,37.54318,126.8123,8시,557.0
0,20181027.0,토,오정로(부천시계),B-26,유입,오쇠삼거리->외발산사거리,7661.0,37.54318,126.8123,9시,657.0
0,20181027.0,토,오정로(부천시계),B-26,유입,오쇠삼거리->외발산사거리,7661.0,37.54318,126.8123,10시,609.0
0,20181027.0,토,오정로(부천시계),B-26,유입,오쇠삼거리->외발산사거리,7661.0,37.54318,126.8123,11시,660.0
0,20181027.0,토,오정로(부천시계),B-26,유입,오쇠삼거리->외발산사거리,7661.0,37.54318,126.8123,12시,594.0
0,20181027.0,토,오정로(부천시계),B-26,유입,오쇠삼거리->외발산사거리,7661.0,37.54318,126.8123,13시,726.0
0,20181027.0,토,오정로(부천시계),B-26,유입,오쇠삼거리->외발산사거리,7661.0,37.54318,126.8123,14시,623.0
0,20181027.0,토,오정로(부천시계),B-26,유입,오쇠삼거리->외발산사거리,7661.0,37.54318,126.8123,15시,657.0
0,20181027.0,토,오정로(부천시계),B-26,유입,오쇠삼거리->외발산사거리,7661.0,37.54318,126.8123,16시,665.0
0,20181027.0,토,오정로(부천시계),B-26,유입,오쇠삼거리->외발산사거리,7661.0,37.54318,126.8123,17시,660.0
0,20181027.0,토,오정로(부천시계),B-26,유입,오쇠삼거리->외발산사거리,7661.0,37.54318,126.8123,18시,539.0
0,20181027.0,토,오정로(부천시계),B-26,유입,오쇠삼거리->외발산사거리,7661.0,37.54318,126.8123,19시,382.0
0,20181027.0,토,오정로(부천시계),B-26,유입,오쇠삼거리->외발산사거리,7661.0,37.54318,126.8123,20시,332.0
0,20181028.0,일,오정로(부천시계),B-26,유입,오쇠삼거리->외발산사거리,6000.0,37.54318,126.8123,8시,320.0
0,20181028.0,일,오정로(부천시계),B-26,유입,오쇠삼거리->외발산사거리,6000.0,37.54318,126.8123,9시,448.0
0,20181028.0,일,오정로(부천시계),B-26,유입,오쇠삼거리->외발산사거리,6000.0,37.54318,126.8123,10시,461.0
0,20181028.0,일,오정로(부천시계),B-26,유입,오쇠삼거리->외발산사거리,6000.0,37.54318,126.8123,11시,485.0
0,20181028.0,일,오정로(부천시계),B-26,유입,오쇠삼거리->외발산사거리,6000.0,37.54318,126.8123,12시,560.0
0,20181028.0,일,오정로(부천시계),B-26,유입,오쇠삼거리->외발산사거리,6000.0,37.54318,126.8123,13시,521.0
0,20181028.0,일,오정로(부천시계),B-26,유입,오쇠삼거리->외발산사거리,6000.0,37.54318,126.8123,14시,537.0
0,20181028.0,일,오정로(부천시계),B-26,유입,오쇠삼거리->외발산사거리,6000.0,37.54318,126.8123,15시,522.0
0,20181028.0,일,오정로(부천시계),B-26,유입,오쇠삼거리->외발산사거리,6000.0,37.54318,126.8123,16시,542.0
0,20181028.0,일,오정로(부천시계),B-26,유입,오쇠삼거리->외발산사거리,6000.0,37.54318,126.8123,17시,521.0
0,20181028.0,일,오정로(부천시계),B-26,유입,오쇠삼거리->외발산사거리,6000.0,37.54318,126.8123,18시,446.0
0,20181028.0,일,오정로(부천시계),B-26,유입,오쇠삼거리->외발산사거리,6000.0,37.54318,126.8123,19시,347.0
0,20181028.0,일,오정로(부천시계),B-26,유입,오쇠삼거리->외발산사거리,6000.0,37.54318,126.8123,20시,290.0
0,20181030.0,화,오정로(부천시계),B-26,유입,오쇠삼거리->외발산사거리,7628.0,37.54318,126.8123,8시,859.0
0,20181030.0,화,오정로(부천시계),B-26,유입,오쇠삼거리->외발산사거리,7628.0,37.54318,126.8123,9시,670.0
0,20181030.0,화,오정로(부천시계),B-26,유입,오쇠삼거리->외발산사거리,7628.0,37.54318,126.8123,10시,689.0
0,20181030.0,화,오정로(부천시계),B-26,유입,오쇠삼거리->외발산사거리,7628.0,37.54318,126.8123,11시,584.0
0,20181030.0,화,오정로(부천시계),B-26,유입,오쇠삼거리->외발산사거리,7628.0,37.54318,126.8123,12시,517.0
0,20181030.0,화,오정로(부천시계),B-26,유입,오쇠삼거리->외발산사거리,7628.0,37.54318,126.8123,13시,546.0
0,20181030.0,화,오정로(부천시계),B-26,유입,오쇠삼거리->외발산사거리,7628.0,37.54318,126.8123,14시,573.0
0,20181030.0,화,오정로(부천시계),B-26,유입,오쇠삼거리->외발산사거리,7628.0,37.54318,126.8123,15시,515.0
0,20181030.0,화,오정로(부천시계),B-26,유입,오쇠삼거리->외발산사거리,7628.0,37.54318,126.8123,16시,561.0
0,20181030.0,화,오정로(부천시계),B-26,유입,오쇠삼거리->외발산사거리,7628.0,37.54318,126.8123,17시,710.0
0,20181030.0,화,오정로(부천시계),B-26,유입,오쇠삼거리->외발산사거리,7628.0,37.54318,126.8123,18시,565.0
0,20181030.0,화,오정로(부천시계),B-26,유입,오쇠삼거리->외발산사거리,7628.0,37.54318,126.8123,19시,449.0
0,20181030.0,화,오정로(부천시계),B-26,유입,오쇠삼거리->외발산사거리,7628.0,37.54318,126.8123,20시,390.0
0,20181031.0,수,오정로(부천시계),B-26,유입,오쇠삼거리->외발산사거리,7753.0,37.54318,126.8123,8시,852.0
0,20181031.0,수,오정로(부천시계),B-26,유입,오쇠삼거리->외발산사거리,7753.0,37.54318,126.8123,9시,673.0
0,20181031.0,수,오정로(부천시계),B-26,유입,오쇠삼거리->외발산사거리,7753.0,37.54318,126.8123,10시,608.0
0,20181031.0,수,오정로(부천시계),B-26,유입,오쇠삼거리->외발산사거리,7753.0,37.54318,126.8123,11시,615.0
0,20181031.0,수,오정로(부천시계),B-26,유입,오쇠삼거리->외발산사거리,7753.0,37.54318,126.8123,12시,563.0
0,20181031.0,수,오정로(부천시계),B-26,유입,오쇠삼거리->외발산사거리,7753.0,37.54318,126.8123,13시,564.0
0,20181031.0,수,오정로(부천시계),B-26,유입,오쇠삼거리->외발산사거리,7753.0,37.54318,126.8123,14시,586.0
0,20181031.0,수,오정로(부천시계),B-26,유입,오쇠삼거리->외발산사거리,7753.0,37.54318,126.8123,15시,542.0
0,20181031.0,수,오정로(부천시계),B-26,유입,오쇠삼거리->외발산사거리,7753.0,37.54318,126.8123,16시,564.0
0,20181031.0,수,오정로(부천시계),B-26,유입,오쇠삼거리->외발산사거리,7753.0,37.54318,126.8123,17시,731.0
0,20181031.0,수,오정로(부천시계),B-26,유입,오쇠삼거리->외발산사거리,7753.0,37.54318,126.8123,18시,602.0
0,20181031.0,수,오정로(부천시계),B-26,유입,오쇠삼거리->외발산사거리,7753.0,37.54318,126.8123,19시,498.0
0,20181031.0,수,오정로(부천시계),B-26,유입,오쇠삼거리->외발산사거리,7753.0,37.54318,126.8123,20시,355.0
0,20181003.0,수,오정로(부천시계),B-26,유출,외발산사거리->오쇠삼거리,8317.0,37.54318,126.8123,8시,451.0
0,20181003.0,수,오정로(부천시계),B-26,유출,외발산사거리->오쇠삼거리,8317.0,37.54318,126.8123,9시,488.0
0,20181003.0,수,오정로(부천시계),B-26,유출,외발산사거리->오쇠삼거리,8317.0,37.54318,126.8123,10시,512.0
0,20181003.0,수,오정로(부천시계),B-26,유출,외발산사거리->오쇠삼거리,8317.0,37.54318,126.8123,11시,577.0
0,20181003.0,수,오정로(부천시계),B-26,유출,외발산사거리->오쇠삼거리,8317.0,37.54318,126.8123,12시,528.0
0,20181003.0,수,오정로(부천시계),B-26,유출,외발산사거리->오쇠삼거리,8317.0,37.54318,126.8123,13시,567.0
0,20181003.0,수,오정로(부천시계),B-26,유출,외발산사거리->오쇠삼거리,8317.0,37.54318,126.8123,14시,695.0
0,20181003.0,수,오정로(부천시계),B-26,유출,외발산사거리->오쇠삼거리,8317.0,37.54318,126.8123,15시,656.0
0,20181003.0,수,오정로(부천시계),B-26,유출,외발산사거리->오쇠삼거리,8317.0,37.54318,126.8123,16시,887.0
0,20181003.0,수,오정로(부천시계),B-26,유출,외발산사거리->오쇠삼거리,8317.0,37.54318,126.8123,17시,984.0
0,20181003.0,수,오정로(부천시계),B-26,유출,외발산사거리->오쇠삼거리,8317.0,37.54318,126.8123,18시,792.0
0,20181003.0,수,오정로(부천시계),B-26,유출,외발산사거리->오쇠삼거리,8317.0,37.54318,126.8123,19시,659.0
0,20181003.0,수,오정로(부천시계),B-26,유출,외발산사거리->오쇠삼거리,8317.0,37.54318,126.8123,20시,521.0
0,20181004.0,목,오정로(부천시계),B-26,유출,외발산사거리->오쇠삼거리,11186.0,37.54318,126.8123,8시,958.0
0,20181004.0,목,오정로(부천시계),B-26,유출,외발산사거리->오쇠삼거리,11186.0,37.54318,126.8123,9시,705.0
0,20181004.0,목,오정로(부천시계),B-26,유출,외발산사거리->오쇠삼거리,11186.0,37.54318,126.8123,10시,642.0
0,20181004.0,목,오정로(부천시계),B-26,유출,외발산사거리->오쇠삼거리,11186.0,37.54318,126.8123,11시,777.0
0,20181004.0,목,오정로(부천시계),B-26,유출,외발산사거리->오쇠삼거리,11186.0,37.54318,126.8123,12시,626.0
0,20181004.0,목,오정로(부천시계),B-26,유출,외발산사거리->오쇠삼거리,11186.0,37.54318,126.8123,13시,682.0
0,20181004.0,목,오정로(부천시계),B-26,유출,외발산사거리->오쇠삼거리,11186.0,37.54318,126.8123,14시,736.0
0,20181004.0,목,오정로(부천시계),B-26,유출,외발산사거리->오쇠삼거리,11186.0,37.54318,126.8123,15시,824.0
0,20181004.0,목,오정로(부천시계),B-26,유출,외발산사거리->오쇠삼거리,11186.0,37.54318,126.8123,16시,1009.0
0,20181004.0,목,오정로(부천시계),B-26,유출,외발산사거리->오쇠삼거리,11186.0,37.54318,126.8123,17시,1281.0
0,20181004.0,목,오정로(부천시계),B-26,유출,외발산사거리->오쇠삼거리,11186.0,37.54318,126.8123,18시,1233.0
0,20181004.0,목,오정로(부천시계),B-26,유출,외발산사거리->오쇠삼거리,11186.0,37.54318,126.8123,19시,1041.0
0,20181004.0,목,오정로(부천시계),B-26,유출,외발산사거리->오쇠삼거리,11186.0,37.54318,126.8123,20시,672.0
0,20181005.0,금,오정로(부천시계),B-26,유출,외발산사거리->오쇠삼거리,11555.0,37.54318,126.8123,8시,929.0
0,20181005.0,금,오정로(부천시계),B-26,유출,외발산사거리->오쇠삼거리,11555.0,37.54318,126.8123,9시,724.0
0,20181005.0,금,오정로(부천시계),B-26,유출,외발산사거리->오쇠삼거리,11555.0,37.54318,126.8123,10시,743.0
0,20181005.0,금,오정로(부천시계),B-26,유출,외발산사거리->오쇠삼거리,11555.0,37.54318,126.8123,11시,824.0
0,20181005.0,금,오정로(부천시계),B-26,유출,외발산사거리->오쇠삼거리,11555.0,37.54318,126.8123,12시,676.0
0,20181005.0,금,오정로(부천시계),B-26,유출,외발산사거리->오쇠삼거리,11555.0,37.54318,126.8123,13시,778.0
0,20181005.0,금,오정로(부천시계),B-26,유출,외발산사거리->오쇠삼거리,11555.0,37.54318,126.8123,14시,792.0
0,20181005.0,금,오정로(부천시계),B-26,유출,외발산사거리->오쇠삼거리,11555.0,37.54318,126.8123,15시,943.0
0,20181005.0,금,오정로(부천시계),B-26,유출,외발산사거리->오쇠삼거리,11555.0,37.54318,126.8123,16시,1037.0
0,20181005.0,금,오정로(부천시계),B-26,유출,외발산사거리->오쇠삼거리,11555.0,37.54318,126.8123,17시,1058.0
0,20181005.0,금,오정로(부천시계),B-26,유출,외발산사거리->오쇠삼거리,11555.0,37.54318,126.8123,18시,1250.0
0,20181005.0,금,오정로(부천시계),B-26,유출,외발산사거리->오쇠삼거리,11555.0,37.54318,126.8123,19시,1135.0
0,20181005.0,금,오정로(부천시계),B-26,유출,외발산사거리->오쇠삼거리,11555.0,37.54318,126.8123,20시,666.0
0,20181006.0,토,오정로(부천시계),B-26,유출,외발산사거리->오쇠삼거리,8209.0,37.54318,126.8123,8시,427.0
0,20181006.0,토,오정로(부천시계),B-26,유출,외발산사거리->오쇠삼거리,8209.0,37.54318,126.8123,9시,541.0
0,20181006.0,토,오정로(부천시계),B-26,유출,외발산사거리->오쇠삼거리,8209.0,37.54318,126.8123,10시,557.0
0,20181006.0,토,오정로(부천시계),B-26,유출,외발산사거리->오쇠삼거리,8209.0,37.54318,126.8123,11시,608.0
0,20181006.0,토,오정로(부천시계),B-26,유출,외발산사거리->오쇠삼거리,8209.0,37.54318,126.8123,12시,593.0
0,20181006.0,토,오정로(부천시계),B-26,유출,외발산사거리->오쇠삼거리,8209.0,37.54318,126.8123,13시,651.0
0,20181006.0,토,오정로(부천시계),B-26,유출,외발산사거리->오쇠삼거리,8209.0,37.54318,126.8123,14시,699.0
0,20181006.0,토,오정로(부천시계),B-26,유출,외발산사거리->오쇠삼거리,8209.0,37.54318,126.8123,15시,785.0
0,20181006.0,토,오정로(부천시계),B-26,유출,외발산사거리->오쇠삼거리,8209.0,37.54318,126.8123,16시,797.0
0,20181006.0,토,오정로(부천시계),B-26,유출,외발산사거리->오쇠삼거리,8209.0,37.54318,126.8123,17시,892.0
0,20181006.0,토,오정로(부천시계),B-26,유출,외발산사거리->오쇠삼거리,8209.0,37.54318,126.8123,18시,742.0
0,20181006.0,토,오정로(부천시계),B-26,유출,외발산사거리->오쇠삼거리,8209.0,37.54318,126.8123,19시,484.0
0,20181006.0,토,오정로(부천시계),B-26,유출,외발산사거리->오쇠삼거리,8209.0,37.54318,126.8123,20시,433.0
0,20181007.0,일,오정로(부천시계),B-26,유출,외발산사거리->오쇠삼거리,7408.0,37.54318,126.8123,8시,382.0
0,20181007.0,일,오정로(부천시계),B-26,유출,외발산사거리->오쇠삼거리,7408.0,37.54318,126.8123,9시,399.0
0,20181007.0,일,오정로(부천시계),B-26,유출,외발산사거리->오쇠삼거리,7408.0,37.54318,126.8123,10시,450.0
0,20181007.0,일,오정로(부천시계),B-26,유출,외발산사거리->오쇠삼거리,7408.0,37.54318,126.8123,11시,468.0
0,20181007.0,일,오정로(부천시계),B-26,유출,외발산사거리->오쇠삼거리,7408.0,37.54318,126.8123,12시,499.0
0,20181007.0,일,오정로(부천시계),B-26,유출,외발산사거리->오쇠삼거리,7408.0,37.54318,126.8123,13시,574.0
0,20181007.0,일,오정로(부천시계),B-26,유출,외발산사거리->오쇠삼거리,7408.0,37.54318,126.8123,14시,696.0
0,20181007.0,일,오정로(부천시계),B-26,유출,외발산사거리->오쇠삼거리,7408.0,37.54318,126.8123,15시,720.0
0,20181007.0,일,오정로(부천시계),B-26,유출,외발산사거리->오쇠삼거리,7408.0,37.54318,126.8123,16시,702.0
0,20181007.0,일,오정로(부천시계),B-26,유출,외발산사거리->오쇠삼거리,7408.0,37.54318,126.8123,17시,745.0
0,20181007.0,일,오정로(부천시계),B-26,유출,외발산사거리->오쇠삼거리,7408.0,37.54318,126.8123,18시,677.0
0,20181007.0,일,오정로(부천시계),B-26,유출,외발산사거리->오쇠삼거리,7408.0,37.54318,126.8123,19시,603.0
0,20181007.0,일,오정로(부천시계),B-26,유출,외발산사거리->오쇠삼거리,7408.0,37.54318,126.8123,20시,493.0
0,20181008.0,월,오정로(부천시계),B-26,유출,외발산사거리->오쇠삼거리,10974.0,37.54318,126.8123,8시,900.0
0,20181008.0,월,오정로(부천시계),B-26,유출,외발산사거리->오쇠삼거리,10974.0,37.54318,126.8123,9시,697.0
0,20181008.0,월,오정로(부천시계),B-26,유출,외발산사거리->오쇠삼거리,10974.0,37.54318,126.8123,10시,625.0
0,20181008.0,월,오정로(부천시계),B-26,유출,외발산사거리->오쇠삼거리,10974.0,37.54318,126.8123,11시,638.0
0,20181008.0,월,오정로(부천시계),B-26,유출,외발산사거리->오쇠삼거리,10974.0,37.54318,126.8123,12시,617.0
0,20181008.0,월,오정로(부천시계),B-26,유출,외발산사거리->오쇠삼거리,10974.0,37.54318,126.8123,13시,682.0
0,20181008.0,월,오정로(부천시계),B-26,유출,외발산사거리->오쇠삼거리,10974.0,37.54318,126.8123,14시,704.0
0,20181008.0,월,오정로(부천시계),B-26,유출,외발산사거리->오쇠삼거리,10974.0,37.54318,126.8123,15시,808.0
0,20181008.0,월,오정로(부천시계),B-26,유출,외발산사거리->오쇠삼거리,10974.0,37.54318,126.8123,16시,958.0
0,20181008.0,월,오정로(부천시계),B-26,유출,외발산사거리->오쇠삼거리,10974.0,37.54318,126.8123,17시,1247.0
0,20181008.0,월,오정로(부천시계),B-26,유출,외발산사거리->오쇠삼거리,10974.0,37.54318,126.8123,18시,1342.0
0,20181008.0,월,오정로(부천시계),B-26,유출,외발산사거리->오쇠삼거리,10974.0,37.54318,126.8123,19시,1008.0
0,20181008.0,월,오정로(부천시계),B-26,유출,외발산사거리->오쇠삼거리,10974.0,37.54318,126.8123,20시,748.0
0,20181009.0,화,오정로(부천시계),B-26,유출,외발산사거리->오쇠삼거리,8703.0,37.54318,126.8123,8시,480.0
0,20181009.0,화,오정로(부천시계),B-26,유출,외발산사거리->오쇠삼거리,8703.0,37.54318,126.8123,9시,484.0
0,20181009.0,화,오정로(부천시계),B-26,유출,외발산사거리->오쇠삼거리,8703.0,37.54318,126.8123,10시,554.0
0,20181009.0,화,오정로(부천시계),B-26,유출,외발산사거리->오쇠삼거리,8703.0,37.54318,126.8123,11시,585.0
0,20181009.0,화,오정로(부천시계),B-26,유출,외발산사거리->오쇠삼거리,8703.0,37.54318,126.8123,12시,551.0
0,20181009.0,화,오정로(부천시계),B-26,유출,외발산사거리->오쇠삼거리,8703.0,37.54318,126.8123,13시,634.0
0,20181009.0,화,오정로(부천시계),B-26,유출,외발산사거리->오쇠삼거리,8703.0,37.54318,126.8123,14시,676.0
0,20181009.0,화,오정로(부천시계),B-26,유출,외발산사거리->오쇠삼거리,8703.0,37.54318,126.8123,15시,746.0
0,20181009.0,화,오정로(부천시계),B-26,유출,외발산사거리->오쇠삼거리,8703.0,37.54318,126.8123,16시,920.0
0,20181009.0,화,오정로(부천시계),B-26,유출,외발산사거리->오쇠삼거리,8703.0,37.54318,126.8123,17시,1023.0
0,20181009.0,화,오정로(부천시계),B-26,유출,외발산사거리->오쇠삼거리,8703.0,37.54318,126.8123,18시,874.0
0,20181009.0,화,오정로(부천시계),B-26,유출,외발산사거리->오쇠삼거리,8703.0,37.54318,126.8123,19시,622.0
0,20181009.0,화,오정로(부천시계),B-26,유출,외발산사거리->오쇠삼거리,8703.0,37.54318,126.8123,20시,554.0
0,20181010.0,수,오정로(부천시계),B-26,유출,외발산사거리->오쇠삼거리,11112.0,37.54318,126.8123,8시,966.0
0,20181010.0,수,오정로(부천시계),B-26,유출,외발산사거리->오쇠삼거리,11112.0,37.54318,126.8123,9시,724.0
0,20181010.0,수,오정로(부천시계),B-26,유출,외발산사거리->오쇠삼거리,11112.0,37.54318,126.8123,10시,769.0
0,20181010.0,수,오정로(부천시계),B-26,유출,외발산사거리->오쇠삼거리,11112.0,37.54318,126.8123,11시,674.0
0,20181010.0,수,오정로(부천시계),B-26,유출,외발산사거리->오쇠삼거리,11112.0,37.54318,126.8123,12시,648.0
0,20181010.0,수,오정로(부천시계),B-26,유출,외발산사거리->오쇠삼거리,11112.0,37.54318,126.8123,13시,686.0
0,20181010.0,수,오정로(부천시계),B-26,유출,외발산사거리->오쇠삼거리,11112.0,37.54318,126.8123,14시,736.0
0,20181010.0,수,오정로(부천시계),B-26,유출,외발산사거리->오쇠삼거리,11112.0,37.54318,126.8123,15시,787.0
0,20181010.0,수,오정로(부천시계),B-26,유출,외발산사거리->오쇠삼거리,11112.0,37.54318,126.8123,16시,958.0
0,20181010.0,수,오정로(부천시계),B-26,유출,외발산사거리->오쇠삼거리,11112.0,37.54318,126.8123,17시,1236.0
0,20181010.0,수,오정로(부천시계),B-26,유출,외발산사거리->오쇠삼거리,11112.0,37.54318,126.8123,18시,1273.0
0,20181010.0,수,오정로(부천시계),B-26,유출,외발산사거리->오쇠삼거리,11112.0,37.54318,126.8123,19시,1052.0
0,20181010.0,수,오정로(부천시계),B-26,유출,외발산사거리->오쇠삼거리,11112.0,37.54318,126.8123,20시,603.0
0,20181011.0,목,오정로(부천시계),B-26,유출,외발산사거리->오쇠삼거리,11649.0,37.54318,126.8123,8시,980.0
0,20181011.0,목,오정로(부천시계),B-26,유출,외발산사거리->오쇠삼거리,11649.0,37.54318,126.8123,9시,769.0
0,20181011.0,목,오정로(부천시계),B-26,유출,외발산사거리->오쇠삼거리,11649.0,37.54318,126.8123,10시,652.0
0,20181011.0,목,오정로(부천시계),B-26,유출,외발산사거리->오쇠삼거리,11649.0,37.54318,126.8123,11시,821.0
0,20181011.0,목,오정로(부천시계),B-26,유출,외발산사거리->오쇠삼거리,11649.0,37.54318,126.8123,12시,665.0
0,20181011.0,목,오정로(부천시계),B-26,유출,외발산사거리->오쇠삼거리,11649.0,37.54318,126.8123,13시,725.0
0,20181011.0,목,오정로(부천시계),B-26,유출,외발산사거리->오쇠삼거리,11649.0,37.54318,126.8123,14시,766.0
0,20181011.0,목,오정로(부천시계),B-26,유출,외발산사거리->오쇠삼거리,11649.0,37.54318,126.8123,15시,846.0
0,20181011.0,목,오정로(부천시계),B-26,유출,외발산사거리->오쇠삼거리,11649.0,37.54318,126.8123,16시,1015.0
0,20181011.0,목,오정로(부천시계),B-26,유출,외발산사거리->오쇠삼거리,11649.0,37.54318,126.8123,17시,1253.0
0,20181011.0,목,오정로(부천시계),B-26,유출,외발산사거리->오쇠삼거리,11649.0,37.54318,126.8123,18시,1395.0
0,20181011.0,목,오정로(부천시계),B-26,유출,외발산사거리->오쇠삼거리,11649.0,37.54318,126.8123,19시,1087.0
0,20181011.0,목,오정로(부천시계),B-26,유출,외발산사거리->오쇠삼거리,11649.0,37.54318,126.8123,20시,675.0
0,20181012.0,금,오정로(부천시계),B-26,유출,외발산사거리->오쇠삼거리,11778.0,37.54318,126.8123,8시,970.0
0,20181012.0,금,오정로(부천시계),B-26,유출,외발산사거리->오쇠삼거리,11778.0,37.54318,126.8123,9시,730.0
0,20181012.0,금,오정로(부천시계),B-26,유출,외발산사거리->오쇠삼거리,11778.0,37.54318,126.8123,10시,742.0
0,20181012.0,금,오정로(부천시계),B-26,유출,외발산사거리->오쇠삼거리,11778.0,37.54318,126.8123,11시,707.0
0,20181012.0,금,오정로(부천시계),B-26,유출,외발산사거리->오쇠삼거리,11778.0,37.54318,126.8123,12시,695.0
0,20181012.0,금,오정로(부천시계),B-26,유출,외발산사거리->오쇠삼거리,11778.0,37.54318,126.8123,13시,705.0
0,20181012.0,금,오정로(부천시계),B-26,유출,외발산사거리->오쇠삼거리,11778.0,37.54318,126.8123,14시,821.0
0,20181012.0,금,오정로(부천시계),B-26,유출,외발산사거리->오쇠삼거리,11778.0,37.54318,126.8123,15시,864.0
0,20181012.0,금,오정로(부천시계),B-26,유출,외발산사거리->오쇠삼거리,11778.0,37.54318,126.8123,16시,961.0
0,20181012.0,금,오정로(부천시계),B-26,유출,외발산사거리->오쇠삼거리,11778.0,37.54318,126.8123,17시,1284.0
0,20181012.0,금,오정로(부천시계),B-26,유출,외발산사거리->오쇠삼거리,11778.0,37.54318,126.8123,18시,1264.0
0,20181012.0,금,오정로(부천시계),B-26,유출,외발산사거리->오쇠삼거리,11778.0,37.54318,126.8123,19시,1235.0
0,20181012.0,금,오정로(부천시계),B-26,유출,외발산사거리->오쇠삼거리,11778.0,37.54318,126.8123,20시,800.0
0,20181013.0,토,오정로(부천시계),B-26,유출,외발산사거리->오쇠삼거리,10413.0,37.54318,126.8123,8시,624.0
0,20181013.0,토,오정로(부천시계),B-26,유출,외발산사거리->오쇠삼거리,10413.0,37.54318,126.8123,9시,655.0
0,20181013.0,토,오정로(부천시계),B-26,유출,외발산사거리->오쇠삼거리,10413.0,37.54318,126.8123,10시,715.0
0,20181013.0,토,오정로(부천시계),B-26,유출,외발산사거리->오쇠삼거리,10413.0,37.54318,126.8123,11시,768.0
0,20181013.0,토,오정로(부천시계),B-26,유출,외발산사거리->오쇠삼거리,10413.0,37.54318,126.8123,12시,759.0
0,20181013.0,토,오정로(부천시계),B-26,유출,외발산사거리->오쇠삼거리,10413.0,37.54318,126.8123,13시,751.0
0,20181013.0,토,오정로(부천시계),B-26,유출,외발산사거리->오쇠삼거리,10413.0,37.54318,126.8123,14시,783.0
0,20181013.0,토,오정로(부천시계),B-26,유출,외발산사거리->오쇠삼거리,10413.0,37.54318,126.8123,15시,953.0
0,20181013.0,토,오정로(부천시계),B-26,유출,외발산사거리->오쇠삼거리,10413.0,37.54318,126.8123,16시,1016.0
0,20181013.0,토,오정로(부천시계),B-26,유출,외발산사거리->오쇠삼거리,10413.0,37.54318,126.8123,17시,1080.0
0,20181013.0,토,오정로(부천시계),B-26,유출,외발산사거리->오쇠삼거리,10413.0,37.54318,126.8123,18시,962.0
0,20181013.0,토,오정로(부천시계),B-26,유출,외발산사거리->오쇠삼거리,10413.0,37.54318,126.8123,19시,762.0
0,20181013.0,토,오정로(부천시계),B-26,유출,외발산사거리->오쇠삼거리,10413.0,37.54318,126.8123,20시,585.0
0,20181014.0,일,오정로(부천시계),B-26,유출,외발산사거리->오쇠삼거리,8071.0,37.54318,126.8123,8시,394.0
0,20181014.0,일,오정로(부천시계),B-26,유출,외발산사거리->오쇠삼거리,8071.0,37.54318,126.8123,9시,422.0
0,20181014.0,일,오정로(부천시계),B-26,유출,외발산사거리->오쇠삼거리,8071.0,37.54318,126.8123,10시,514.0
0,20181014.0,일,오정로(부천시계),B-26,유출,외발산사거리->오쇠삼거리,8071.0,37.54318,126.8123,11시,493.0
0,20181014.0,일,오정로(부천시계),B-26,유출,외발산사거리->오쇠삼거리,8071.0,37.54318,126.8123,12시,539.0
0,20181014.0,일,오정로(부천시계),B-26,유출,외발산사거리->오쇠삼거리,8071.0,37.54318,126.8123,13시,636.0
0,20181014.0,일,오정로(부천시계),B-26,유출,외발산사거리->오쇠삼거리,8071.0,37.54318,126.8123,14시,685.0
0,20181014.0,일,오정로(부천시계),B-26,유출,외발산사거리->오쇠삼거리,8071.0,37.54318,126.8123,15시,733.0
0,20181014.0,일,오정로(부천시계),B-26,유출,외발산사거리->오쇠삼거리,8071.0,37.54318,126.8123,16시,847.0
0,20181014.0,일,오정로(부천시계),B-26,유출,외발산사거리->오쇠삼거리,8071.0,37.54318,126.8123,17시,942.0
0,20181014.0,일,오정로(부천시계),B-26,유출,외발산사거리->오쇠삼거리,8071.0,37.54318,126.8123,18시,755.0
0,20181014.0,일,오정로(부천시계),B-26,유출,외발산사거리->오쇠삼거리,8071.0,37.54318,126.8123,19시,608.0
0,20181014.0,일,오정로(부천시계),B-26,유출,외발산사거리->오쇠삼거리,8071.0,37.54318,126.8123,20시,503.0
0,20181015.0,월,오정로(부천시계),B-26,유출,외발산사거리->오쇠삼거리,11041.0,37.54318,126.8123,8시,979.0
0,20181015.0,월,오정로(부천시계),B-26,유출,외발산사거리->오쇠삼거리,11041.0,37.54318,126.8123,9시,711.0
0,20181015.0,월,오정로(부천시계),B-26,유출,외발산사거리->오쇠삼거리,11041.0,37.54318,126.8123,10시,640.0
0,20181015.0,월,오정로(부천시계),B-26,유출,외발산사거리->오쇠삼거리,11041.0,37.54318,126.8123,11시,724.0
0,20181015.0,월,오정로(부천시계),B-26,유출,외발산사거리->오쇠삼거리,11041.0,37.54318,126.8123,12시,632.0
0,20181015.0,월,오정로(부천시계),B-26,유출,외발산사거리->오쇠삼거리,11041.0,37.54318,126.8123,13시,660.0
0,20181015.0,월,오정로(부천시계),B-26,유출,외발산사거리->오쇠삼거리,11041.0,37.54318,126.8123,14시,682.0
0,20181015.0,월,오정로(부천시계),B-26,유출,외발산사거리->오쇠삼거리,11041.0,37.54318,126.8123,15시,790.0
0,20181015.0,월,오정로(부천시계),B-26,유출,외발산사거리->오쇠삼거리,11041.0,37.54318,126.8123,16시,1040.0
0,20181015.0,월,오정로(부천시계),B-26,유출,외발산사거리->오쇠삼거리,11041.0,37.54318,126.8123,17시,1270.0
0,20181015.0,월,오정로(부천시계),B-26,유출,외발산사거리->오쇠삼거리,11041.0,37.54318,126.8123,18시,1329.0
0,20181015.0,월,오정로(부천시계),B-26,유출,외발산사거리->오쇠삼거리,11041.0,37.54318,126.8123,19시,982.0
0,20181015.0,월,오정로(부천시계),B-26,유출,외발산사거리->오쇠삼거리,11041.0,37.54318,126.8123,20시,602.0
0,20181016.0,화,오정로(부천시계),B-26,유출,외발산사거리->오쇠삼거리,11241.0,37.54318,126.8123,8시,961.0
0,20181016.0,화,오정로(부천시계),B-26,유출,외발산사거리->오쇠삼거리,11241.0,37.54318,126.8123,9시,747.0
0,20181016.0,화,오정로(부천시계),B-26,유출,외발산사거리->오쇠삼거리,11241.0,37.54318,126.8123,10시,761.0
0,20181016.0,화,오정로(부천시계),B-26,유출,외발산사거리->오쇠삼거리,11241.0,37.54318,126.8123,11시,678.0
0,20181016.0,화,오정로(부천시계),B-26,유출,외발산사거리->오쇠삼거리,11241.0,37.54318,126.8123,12시,633.0
0,20181016.0,화,오정로(부천시계),B-26,유출,외발산사거리->오쇠삼거리,11241.0,37.54318,126.8123,13시,653.0
0,20181016.0,화,오정로(부천시계),B-26,유출,외발산사거리->오쇠삼거리,11241.0,37.54318,126.8123,14시,711.0
0,20181016.0,화,오정로(부천시계),B-26,유출,외발산사거리->오쇠삼거리,11241.0,37.54318,126.8123,15시,833.0
0,20181016.0,화,오정로(부천시계),B-26,유출,외발산사거리->오쇠삼거리,11241.0,37.54318,126.8123,16시,1014.0
0,20181016.0,화,오정로(부천시계),B-26,유출,외발산사거리->오쇠삼거리,11241.0,37.54318,126.8123,17시,1196.0
0,20181016.0,화,오정로(부천시계),B-26,유출,외발산사거리->오쇠삼거리,11241.0,37.54318,126.8123,18시,1400.0
0,20181016.0,화,오정로(부천시계),B-26,유출,외발산사거리->오쇠삼거리,11241.0,37.54318,126.8123,19시,1021.0
0,20181016.0,화,오정로(부천시계),B-26,유출,외발산사거리->오쇠삼거리,11241.0,37.54318,126.8123,20시,633.0
0,20181017.0,수,오정로(부천시계),B-26,유출,외발산사거리->오쇠삼거리,11256.0,37.54318,126.8123,8시,1026.0
0,20181017.0,수,오정로(부천시계),B-26,유출,외발산사거리->오쇠삼거리,11256.0,37.54318,126.8123,9시,765.0
0,20181017.0,수,오정로(부천시계),B-26,유출,외발산사거리->오쇠삼거리,11256.0,37.54318,126.8123,10시,685.0
0,20181017.0,수,오정로(부천시계),B-26,유출,외발산사거리->오쇠삼거리,11256.0,37.54318,126.8123,11시,649.0
0,20181017.0,수,오정로(부천시계),B-26,유출,외발산사거리->오쇠삼거리,11256.0,37.54318,126.8123,12시,630.0
0,20181017.0,수,오정로(부천시계),B-26,유출,외발산사거리->오쇠삼거리,11256.0,37.54318,126.8123,13시,668.0
0,20181017.0,수,오정로(부천시계),B-26,유출,외발산사거리->오쇠삼거리,11256.0,37.54318,126.8123,14시,746.0
0,20181017.0,수,오정로(부천시계),B-26,유출,외발산사거리->오쇠삼거리,11256.0,37.54318,126.8123,15시,852.0
0,20181017.0,수,오정로(부천시계),B-26,유출,외발산사거리->오쇠삼거리,11256.0,37.54318,126.8123,16시,1002.0
0,20181017.0,수,오정로(부천시계),B-26,유출,외발산사거리->오쇠삼거리,11256.0,37.54318,126.8123,17시,1317.0
0,20181017.0,수,오정로(부천시계),B-26,유출,외발산사거리->오쇠삼거리,11256.0,37.54318,126.8123,18시,1305.0
0,20181017.0,수,오정로(부천시계),B-26,유출,외발산사거리->오쇠삼거리,11256.0,37.54318,126.8123,19시,976.0
0,20181017.0,수,오정로(부천시계),B-26,유출,외발산사거리->오쇠삼거리,11256.0,37.54318,126.8123,20시,635.0
0,20181018.0,목,오정로(부천시계),B-26,유출,외발산사거리->오쇠삼거리,10945.0,37.54318,126.8123,8시,938.0
0,20181018.0,목,오정로(부천시계),B-26,유출,외발산사거리->오쇠삼거리,10945.0,37.54318,126.8123,9시,739.0
0,20181018.0,목,오정로(부천시계),B-26,유출,외발산사거리->오쇠삼거리,10945.0,37.54318,126.8123,10시,684.0
0,20181018.0,목,오정로(부천시계),B-26,유출,외발산사거리->오쇠삼거리,10945.0,37.54318,126.8123,11시,723.0
0,20181018.0,목,오정로(부천시계),B-26,유출,외발산사거리->오쇠삼거리,10945.0,37.54318,126.8123,12시,611.0
0,20181018.0,목,오정로(부천시계),B-26,유출,외발산사거리->오쇠삼거리,10945.0,37.54318,126.8123,13시,674.0
0,20181018.0,목,오정로(부천시계),B-26,유출,외발산사거리->오쇠삼거리,10945.0,37.54318,126.8123,14시,736.0
0,20181018.0,목,오정로(부천시계),B-26,유출,외발산사거리->오쇠삼거리,10945.0,37.54318,126.8123,15시,783.0
0,20181018.0,목,오정로(부천시계),B-26,유출,외발산사거리->오쇠삼거리,10945.0,37.54318,126.8123,16시,970.0
0,20181018.0,목,오정로(부천시계),B-26,유출,외발산사거리->오쇠삼거리,10945.0,37.54318,126.8123,17시,1198.0
0,20181018.0,목,오정로(부천시계),B-26,유출,외발산사거리->오쇠삼거리,10945.0,37.54318,126.8123,18시,1247.0
0,20181018.0,목,오정로(부천시계),B-26,유출,외발산사거리->오쇠삼거리,10945.0,37.54318,126.8123,19시,1019.0
0,20181018.0,목,오정로(부천시계),B-26,유출,외발산사거리->오쇠삼거리,10945.0,37.54318,126.8123,20시,623.0
0,20181019.0,금,오정로(부천시계),B-26,유출,외발산사거리->오쇠삼거리,11627.0,37.54318,126.8123,8시,928.0
0,20181019.0,금,오정로(부천시계),B-26,유출,외발산사거리->오쇠삼거리,11627.0,37.54318,126.8123,9시,742.0
0,20181019.0,금,오정로(부천시계),B-26,유출,외발산사거리->오쇠삼거리,11627.0,37.54318,126.8123,10시,754.0
0,20181019.0,금,오정로(부천시계),B-26,유출,외발산사거리->오쇠삼거리,11627.0,37.54318,126.8123,11시,650.0
0,20181019.0,금,오정로(부천시계),B-26,유출,외발산사거리->오쇠삼거리,11627.0,37.54318,126.8123,12시,672.0
0,20181019.0,금,오정로(부천시계),B-26,유출,외발산사거리->오쇠삼거리,11627.0,37.54318,126.8123,13시,752.0
0,20181019.0,금,오정로(부천시계),B-26,유출,외발산사거리->오쇠삼거리,11627.0,37.54318,126.8123,14시,766.0
0,20181019.0,금,오정로(부천시계),B-26,유출,외발산사거리->오쇠삼거리,11627.0,37.54318,126.8123,15시,859.0
0,20181019.0,금,오정로(부천시계),B-26,유출,외발산사거리->오쇠삼거리,11627.0,37.54318,126.8123,16시,999.0
0,20181019.0,금,오정로(부천시계),B-26,유출,외발산사거리->오쇠삼거리,11627.0,37.54318,126.8123,17시,1255.0
0,20181019.0,금,오정로(부천시계),B-26,유출,외발산사거리->오쇠삼거리,11627.0,37.54318,126.8123,18시,1286.0
0,20181019.0,금,오정로(부천시계),B-26,유출,외발산사거리->오쇠삼거리,11627.0,37.54318,126.8123,19시,1205.0
0,20181019.0,금,오정로(부천시계),B-26,유출,외발산사거리->오쇠삼거리,11627.0,37.54318,126.8123,20시,759.0
0,20181020.0,토,오정로(부천시계),B-26,유출,외발산사거리->오쇠삼거리,10218.0,37.54318,126.8123,8시,576.0
0,20181020.0,토,오정로(부천시계),B-26,유출,외발산사거리->오쇠삼거리,10218.0,37.54318,126.8123,9시,622.0
0,20181020.0,토,오정로(부천시계),B-26,유출,외발산사거리->오쇠삼거리,10218.0,37.54318,126.8123,10시,658.0
0,20181020.0,토,오정로(부천시계),B-26,유출,외발산사거리->오쇠삼거리,10218.0,37.54318,126.8123,11시,673.0
0,20181020.0,토,오정로(부천시계),B-26,유출,외발산사거리->오쇠삼거리,10218.0,37.54318,126.8123,12시,741.0
0,20181020.0,토,오정로(부천시계),B-26,유출,외발산사거리->오쇠삼거리,10218.0,37.54318,126.8123,13시,765.0
0,20181020.0,토,오정로(부천시계),B-26,유출,외발산사거리->오쇠삼거리,10218.0,37.54318,126.8123,14시,842.0
0,20181020.0,토,오정로(부천시계),B-26,유출,외발산사거리->오쇠삼거리,10218.0,37.54318,126.8123,15시,921.0
0,20181020.0,토,오정로(부천시계),B-26,유출,외발산사거리->오쇠삼거리,10218.0,37.54318,126.8123,16시,956.0
0,20181020.0,토,오정로(부천시계),B-26,유출,외발산사거리->오쇠삼거리,10218.0,37.54318,126.8123,17시,1075.0
0,20181020.0,토,오정로(부천시계),B-26,유출,외발산사거리->오쇠삼거리,10218.0,37.54318,126.8123,18시,991.0
0,20181020.0,토,오정로(부천시계),B-26,유출,외발산사거리->오쇠삼거리,10218.0,37.54318,126.8123,19시,840.0
0,20181020.0,토,오정로(부천시계),B-26,유출,외발산사거리->오쇠삼거리,10218.0,37.54318,126.8123,20시,558.0
0,20181021.0,일,오정로(부천시계),B-26,유출,외발산사거리->오쇠삼거리,8090.0,37.54318,126.8123,8시,389.0
0,20181021.0,일,오정로(부천시계),B-26,유출,외발산사거리->오쇠삼거리,8090.0,37.54318,126.8123,9시,414.0
0,20181021.0,일,오정로(부천시계),B-26,유출,외발산사거리->오쇠삼거리,8090.0,37.54318,126.8123,10시,460.0
0,20181021.0,일,오정로(부천시계),B-26,유출,외발산사거리->오쇠삼거리,8090.0,37.54318,126.8123,11시,553.0
0,20181021.0,일,오정로(부천시계),B-26,유출,외발산사거리->오쇠삼거리,8090.0,37.54318,126.8123,12시,544.0
0,20181021.0,일,오정로(부천시계),B-26,유출,외발산사거리->오쇠삼거리,8090.0,37.54318,126.8123,13시,602.0
0,20181021.0,일,오정로(부천시계),B-26,유출,외발산사거리->오쇠삼거리,8090.0,37.54318,126.8123,14시,675.0
0,20181021.0,일,오정로(부천시계),B-26,유출,외발산사거리->오쇠삼거리,8090.0,37.54318,126.8123,15시,766.0
0,20181021.0,일,오정로(부천시계),B-26,유출,외발산사거리->오쇠삼거리,8090.0,37.54318,126.8123,16시,859.0
0,20181021.0,일,오정로(부천시계),B-26,유출,외발산사거리->오쇠삼거리,8090.0,37.54318,126.8123,17시,861.0
0,20181021.0,일,오정로(부천시계),B-26,유출,외발산사거리->오쇠삼거리,8090.0,37.54318,126.8123,18시,796.0
0,20181021.0,일,오정로(부천시계),B-26,유출,외발산사거리->오쇠삼거리,8090.0,37.54318,126.8123,19시,616.0
0,20181021.0,일,오정로(부천시계),B-26,유출,외발산사거리->오쇠삼거리,8090.0,37.54318,126.8123,20시,555.0
0,20181022.0,월,오정로(부천시계),B-26,유출,외발산사거리->오쇠삼거리,11262.0,37.54318,126.8123,8시,1004.0
0,20181022.0,월,오정로(부천시계),B-26,유출,외발산사거리->오쇠삼거리,11262.0,37.54318,126.8123,9시,813.0
0,20181022.0,월,오정로(부천시계),B-26,유출,외발산사거리->오쇠삼거리,11262.0,37.54318,126.8123,10시,663.0
0,20181022.0,월,오정로(부천시계),B-26,유출,외발산사거리->오쇠삼거리,11262.0,37.54318,126.8123,11시,688.0
0,20181022.0,월,오정로(부천시계),B-26,유출,외발산사거리->오쇠삼거리,11262.0,37.54318,126.8123,12시,637.0
0,20181022.0,월,오정로(부천시계),B-26,유출,외발산사거리->오쇠삼거리,11262.0,37.54318,126.8123,13시,699.0
0,20181022.0,월,오정로(부천시계),B-26,유출,외발산사거리->오쇠삼거리,11262.0,37.54318,126.8123,14시,774.0
0,20181022.0,월,오정로(부천시계),B-26,유출,외발산사거리->오쇠삼거리,11262.0,37.54318,126.8123,15시,743.0
0,20181022.0,월,오정로(부천시계),B-26,유출,외발산사거리->오쇠삼거리,11262.0,37.54318,126.8123,16시,971.0
0,20181022.0,월,오정로(부천시계),B-26,유출,외발산사거리->오쇠삼거리,11262.0,37.54318,126.8123,17시,1242.0
0,20181022.0,월,오정로(부천시계),B-26,유출,외발산사거리->오쇠삼거리,11262.0,37.54318,126.8123,18시,1391.0
0,20181022.0,월,오정로(부천시계),B-26,유출,외발산사거리->오쇠삼거리,11262.0,37.54318,126.8123,19시,1022.0
0,20181022.0,월,오정로(부천시계),B-26,유출,외발산사거리->오쇠삼거리,11262.0,37.54318,126.8123,20시,615.0
0,20181023.0,화,오정로(부천시계),B-26,유출,외발산사거리->오쇠삼거리,10975.0,37.54318,126.8123,8시,971.0
0,20181023.0,화,오정로(부천시계),B-26,유출,외발산사거리->오쇠삼거리,10975.0,37.54318,126.8123,9시,696.0
0,20181023.0,화,오정로(부천시계),B-26,유출,외발산사거리->오쇠삼거리,10975.0,37.54318,126.8123,10시,681.0
0,20181023.0,화,오정로(부천시계),B-26,유출,외발산사거리->오쇠삼거리,10975.0,37.54318,126.8123,11시,684.0
0,20181023.0,화,오정로(부천시계),B-26,유출,외발산사거리->오쇠삼거리,10975.0,37.54318,126.8123,12시,646.0
0,20181023.0,화,오정로(부천시계),B-26,유출,외발산사거리->오쇠삼거리,10975.0,37.54318,126.8123,13시,707.0
0,20181023.0,화,오정로(부천시계),B-26,유출,외발산사거리->오쇠삼거리,10975.0,37.54318,126.8123,14시,733.0
0,20181023.0,화,오정로(부천시계),B-26,유출,외발산사거리->오쇠삼거리,10975.0,37.54318,126.8123,15시,793.0
0,20181023.0,화,오정로(부천시계),B-26,유출,외발산사거리->오쇠삼거리,10975.0,37.54318,126.8123,16시,914.0
0,20181023.0,화,오정로(부천시계),B-26,유출,외발산사거리->오쇠삼거리,10975.0,37.54318,126.8123,17시,1308.0
0,20181023.0,화,오정로(부천시계),B-26,유출,외발산사거리->오쇠삼거리,10975.0,37.54318,126.8123,18시,1280.0
0,20181023.0,화,오정로(부천시계),B-26,유출,외발산사거리->오쇠삼거리,10975.0,37.54318,126.8123,19시,963.0
0,20181023.0,화,오정로(부천시계),B-26,유출,외발산사거리->오쇠삼거리,10975.0,37.54318,126.8123,20시,599.0
0,20181024.0,수,오정로(부천시계),B-26,유출,외발산사거리->오쇠삼거리,11165.0,37.54318,126.8123,8시,1032.0
0,20181024.0,수,오정로(부천시계),B-26,유출,외발산사거리->오쇠삼거리,11165.0,37.54318,126.8123,9시,707.0
0,20181024.0,수,오정로(부천시계),B-26,유출,외발산사거리->오쇠삼거리,11165.0,37.54318,126.8123,10시,683.0
0,20181024.0,수,오정로(부천시계),B-26,유출,외발산사거리->오쇠삼거리,11165.0,37.54318,126.8123,11시,681.0
0,20181024.0,수,오정로(부천시계),B-26,유출,외발산사거리->오쇠삼거리,11165.0,37.54318,126.8123,12시,593.0
0,20181024.0,수,오정로(부천시계),B-26,유출,외발산사거리->오쇠삼거리,11165.0,37.54318,126.8123,13시,692.0
0,20181024.0,수,오정로(부천시계),B-26,유출,외발산사거리->오쇠삼거리,11165.0,37.54318,126.8123,14시,728.0
0,20181024.0,수,오정로(부천시계),B-26,유출,외발산사거리->오쇠삼거리,11165.0,37.54318,126.8123,15시,776.0
0,20181024.0,수,오정로(부천시계),B-26,유출,외발산사거리->오쇠삼거리,11165.0,37.54318,126.8123,16시,956.0
0,20181024.0,수,오정로(부천시계),B-26,유출,외발산사거리->오쇠삼거리,11165.0,37.54318,126.8123,17시,1299.0
0,20181024.0,수,오정로(부천시계),B-26,유출,외발산사거리->오쇠삼거리,11165.0,37.54318,126.8123,18시,1331.0
0,20181024.0,수,오정로(부천시계),B-26,유출,외발산사거리->오쇠삼거리,11165.0,37.54318,126.8123,19시,1028.0
0,20181024.0,수,오정로(부천시계),B-26,유출,외발산사거리->오쇠삼거리,11165.0,37.54318,126.8123,20시,659.0
0,20181026.0,금,오정로(부천시계),B-26,유출,외발산사거리->오쇠삼거리,11274.0,37.54318,126.8123,8시,1000.0
0,20181026.0,금,오정로(부천시계),B-26,유출,외발산사거리->오쇠삼거리,11274.0,37.54318,126.8123,9시,763.0
0,20181026.0,금,오정로(부천시계),B-26,유출,외발산사거리->오쇠삼거리,11274.0,37.54318,126.8123,10시,720.0
0,20181026.0,금,오정로(부천시계),B-26,유출,외발산사거리->오쇠삼거리,11274.0,37.54318,126.8123,11시,755.0
0,20181026.0,금,오정로(부천시계),B-26,유출,외발산사거리->오쇠삼거리,11274.0,37.54318,126.8123,12시,678.0
0,20181026.0,금,오정로(부천시계),B-26,유출,외발산사거리->오쇠삼거리,11274.0,37.54318,126.8123,13시,769.0
0,20181026.0,금,오정로(부천시계),B-26,유출,외발산사거리->오쇠삼거리,11274.0,37.54318,126.8123,14시,771.0
0,20181026.0,금,오정로(부천시계),B-26,유출,외발산사거리->오쇠삼거리,11274.0,37.54318,126.8123,15시,862.0
0,20181026.0,금,오정로(부천시계),B-26,유출,외발산사거리->오쇠삼거리,11274.0,37.54318,126.8123,16시,967.0
0,20181026.0,금,오정로(부천시계),B-26,유출,외발산사거리->오쇠삼거리,11274.0,37.54318,126.8123,17시,1196.0
0,20181026.0,금,오정로(부천시계),B-26,유출,외발산사거리->오쇠삼거리,11274.0,37.54318,126.8123,18시,1261.0
0,20181026.0,금,오정로(부천시계),B-26,유출,외발산사거리->오쇠삼거리,11274.0,37.54318,126.8123,19시,953.0
0,20181026.0,금,오정로(부천시계),B-26,유출,외발산사거리->오쇠삼거리,11274.0,37.54318,126.8123,20시,579.0
0,20181027.0,토,오정로(부천시계),B-26,유출,외발산사거리->오쇠삼거리,10409.0,37.54318,126.8123,8시,590.0
0,20181027.0,토,오정로(부천시계),B-26,유출,외발산사거리->오쇠삼거리,10409.0,37.54318,126.8123,9시,577.0
0,20181027.0,토,오정로(부천시계),B-26,유출,외발산사거리->오쇠삼거리,10409.0,37.54318,126.8123,10시,663.0
0,20181027.0,토,오정로(부천시계),B-26,유출,외발산사거리->오쇠삼거리,10409.0,37.54318,126.8123,11시,735.0
0,20181027.0,토,오정로(부천시계),B-26,유출,외발산사거리->오쇠삼거리,10409.0,37.54318,126.8123,12시,734.0
0,20181027.0,토,오정로(부천시계),B-26,유출,외발산사거리->오쇠삼거리,10409.0,37.54318,126.8123,13시,719.0
0,20181027.0,토,오정로(부천시계),B-26,유출,외발산사거리->오쇠삼거리,10409.0,37.54318,126.8123,14시,863.0
0,20181027.0,토,오정로(부천시계),B-26,유출,외발산사거리->오쇠삼거리,10409.0,37.54318,126.8123,15시,955.0
0,20181027.0,토,오정로(부천시계),B-26,유출,외발산사거리->오쇠삼거리,10409.0,37.54318,126.8123,16시,1019.0
0,20181027.0,토,오정로(부천시계),B-26,유출,외발산사거리->오쇠삼거리,10409.0,37.54318,126.8123,17시,1133.0
0,20181027.0,토,오정로(부천시계),B-26,유출,외발산사거리->오쇠삼거리,10409.0,37.54318,126.8123,18시,988.0
0,20181027.0,토,오정로(부천시계),B-26,유출,외발산사거리->오쇠삼거리,10409.0,37.54318,126.8123,19시,823.0
0,20181027.0,토,오정로(부천시계),B-26,유출,외발산사거리->오쇠삼거리,10409.0,37.54318,126.8123,20시,610.0
0,20181028.0,일,오정로(부천시계),B-26,유출,외발산사거리->오쇠삼거리,7683.0,37.54318,126.8123,8시,367.0
0,20181028.0,일,오정로(부천시계),B-26,유출,외발산사거리->오쇠삼거리,7683.0,37.54318,126.8123,9시,401.0
0,20181028.0,일,오정로(부천시계),B-26,유출,외발산사거리->오쇠삼거리,7683.0,37.54318,126.8123,10시,458.0
0,20181028.0,일,오정로(부천시계),B-26,유출,외발산사거리->오쇠삼거리,7683.0,37.54318,126.8123,11시,487.0
0,20181028.0,일,오정로(부천시계),B-26,유출,외발산사거리->오쇠삼거리,7683.0,37.54318,126.8123,12시,508.0
0,20181028.0,일,오정로(부천시계),B-26,유출,외발산사거리->오쇠삼거리,7683.0,37.54318,126.8123,13시,633.0
0,20181028.0,일,오정로(부천시계),B-26,유출,외발산사거리->오쇠삼거리,7683.0,37.54318,126.8123,14시,694.0
0,20181028.0,일,오정로(부천시계),B-26,유출,외발산사거리->오쇠삼거리,7683.0,37.54318,126.8123,15시,729.0
0,20181028.0,일,오정로(부천시계),B-26,유출,외발산사거리->오쇠삼거리,7683.0,37.54318,126.8123,16시,777.0
0,20181028.0,일,오정로(부천시계),B-26,유출,외발산사거리->오쇠삼거리,7683.0,37.54318,126.8123,17시,825.0
0,20181028.0,일,오정로(부천시계),B-26,유출,외발산사거리->오쇠삼거리,7683.0,37.54318,126.8123,18시,759.0
0,20181028.0,일,오정로(부천시계),B-26,유출,외발산사거리->오쇠삼거리,7683.0,37.54318,126.8123,19시,569.0
0,20181028.0,일,오정로(부천시계),B-26,유출,외발산사거리->오쇠삼거리,7683.0,37.54318,126.8123,20시,476.0
0,20181030.0,화,오정로(부천시계),B-26,유출,외발산사거리->오쇠삼거리,11265.0,37.54318,126.8123,8시,974.0
0,20181030.0,화,오정로(부천시계),B-26,유출,외발산사거리->오쇠삼거리,11265.0,37.54318,126.8123,9시,656.0
0,20181030.0,화,오정로(부천시계),B-26,유출,외발산사거리->오쇠삼거리,11265.0,37.54318,126.8123,10시,734.0
0,20181030.0,화,오정로(부천시계),B-26,유출,외발산사거리->오쇠삼거리,11265.0,37.54318,126.8123,11시,689.0
0,20181030.0,화,오정로(부천시계),B-26,유출,외발산사거리->오쇠삼거리,11265.0,37.54318,126.8123,12시,606.0
0,20181030.0,화,오정로(부천시계),B-26,유출,외발산사거리->오쇠삼거리,11265.0,37.54318,126.8123,13시,699.0
0,20181030.0,화,오정로(부천시계),B-26,유출,외발산사거리->오쇠삼거리,11265.0,37.54318,126.8123,14시,772.0
0,20181030.0,화,오정로(부천시계),B-26,유출,외발산사거리->오쇠삼거리,11265.0,37.54318,126.8123,15시,814.0
0,20181030.0,화,오정로(부천시계),B-26,유출,외발산사거리->오쇠삼거리,11265.0,37.54318,126.8123,16시,931.0
0,20181030.0,화,오정로(부천시계),B-26,유출,외발산사거리->오쇠삼거리,11265.0,37.54318,126.8123,17시,1278.0
0,20181030.0,화,오정로(부천시계),B-26,유출,외발산사거리->오쇠삼거리,11265.0,37.54318,126.8123,18시,1379.0
0,20181030.0,화,오정로(부천시계),B-26,유출,외발산사거리->오쇠삼거리,11265.0,37.54318,126.8123,19시,1076.0
0,20181030.0,화,오정로(부천시계),B-26,유출,외발산사거리->오쇠삼거리,11265.0,37.54318,126.8123,20시,657.0
0,20181031.0,수,오정로(부천시계),B-26,유출,외발산사거리->오쇠삼거리,11196.0,37.54318,126.8123,8시,995.0
0,20181031.0,수,오정로(부천시계),B-26,유출,외발산사거리->오쇠삼거리,11196.0,37.54318,126.8123,9시,783.0
0,20181031.0,수,오정로(부천시계),B-26,유출,외발산사거리->오쇠삼거리,11196.0,37.54318,126.8123,10시,702.0
0,20181031.0,수,오정로(부천시계),B-26,유출,외발산사거리->오쇠삼거리,11196.0,37.54318,126.8123,11시,672.0
0,20181031.0,수,오정로(부천시계),B-26,유출,외발산사거리->오쇠삼거리,11196.0,37.54318,126.8123,12시,613.0
0,20181031.0,수,오정로(부천시계),B-26,유출,외발산사거리->오쇠삼거리,11196.0,37.54318,126.8123,13시,669.0
0,20181031.0,수,오정로(부천시계),B-26,유출,외발산사거리->오쇠삼거리,11196.0,37.54318,126.8123,14시,731.0
0,20181031.0,수,오정로(부천시계),B-26,유출,외발산사거리->오쇠삼거리,11196.0,37.54318,126.8123,15시,821.0
0,20181031.0,수,오정로(부천시계),B-26,유출,외발산사거리->오쇠삼거리,11196.0,37.54318,126.8123,16시,938.0
0,20181031.0,수,오정로(부천시계),B-26,유출,외발산사거리->오쇠삼거리,11196.0,37.54318,126.8123,17시,1215.0
0,20181031.0,수,오정로(부천시계),B-26,유출,외발산사거리->오쇠삼거리,11196.0,37.54318,126.8123,18시,1343.0
0,20181031.0,수,오정로(부천시계),B-26,유출,외발산사거리->오쇠삼거리,11196.0,37.54318,126.8123,19시,1095.0
0,20181031.0,수,오정로(부천시계),B-26,유출,외발산사거리->오쇠삼거리,11196.0,37.54318,126.8123,20시,619.0
0,20181101.0,목,오정로(부천시계),B-26,유입,오쇠삼거리->외발산사거리,7511.0,37.54318,126.8123,8시,774.0
0,20181101.0,목,오정로(부천시계),B-26,유입,오쇠삼거리->외발산사거리,7511.0,37.54318,126.8123,9시,673.0
0,20181101.0,목,오정로(부천시계),B-26,유입,오쇠삼거리->외발산사거리,7511.0,37.54318,126.8123,10시,593.0
0,20181101.0,목,오정로(부천시계),B-26,유입,오쇠삼거리->외발산사거리,7511.0,37.54318,126.8123,11시,604.0
0,20181101.0,목,오정로(부천시계),B-26,유입,오쇠삼거리->외발산사거리,7511.0,37.54318,126.8123,12시,566.0
0,20181101.0,목,오정로(부천시계),B-26,유입,오쇠삼거리->외발산사거리,7511.0,37.54318,126.8123,13시,526.0
0,20181101.0,목,오정로(부천시계),B-26,유입,오쇠삼거리->외발산사거리,7511.0,37.54318,126.8123,14시,545.0
0,20181101.0,목,오정로(부천시계),B-26,유입,오쇠삼거리->외발산사거리,7511.0,37.54318,126.8123,15시,558.0
0,20181101.0,목,오정로(부천시계),B-26,유입,오쇠삼거리->외발산사거리,7511.0,37.54318,126.8123,16시,547.0
0,20181101.0,목,오정로(부천시계),B-26,유입,오쇠삼거리->외발산사거리,7511.0,37.54318,126.8123,17시,691.0
0,20181101.0,목,오정로(부천시계),B-26,유입,오쇠삼거리->외발산사거리,7511.0,37.54318,126.8123,18시,595.0
0,20181101.0,목,오정로(부천시계),B-26,유입,오쇠삼거리->외발산사거리,7511.0,37.54318,126.8123,19시,455.0
0,20181101.0,목,오정로(부천시계),B-26,유입,오쇠삼거리->외발산사거리,7511.0,37.54318,126.8123,20시,384.0
0,20181102.0,금,오정로(부천시계),B-26,유입,오쇠삼거리->외발산사거리,7892.0,37.54318,126.8123,8시,770.0
0,20181102.0,금,오정로(부천시계),B-26,유입,오쇠삼거리->외발산사거리,7892.0,37.54318,126.8123,9시,738.0
0,20181102.0,금,오정로(부천시계),B-26,유입,오쇠삼거리->외발산사거리,7892.0,37.54318,126.8123,10시,651.0
0,20181102.0,금,오정로(부천시계),B-26,유입,오쇠삼거리->외발산사거리,7892.0,37.54318,126.8123,11시,643.0
0,20181102.0,금,오정로(부천시계),B-26,유입,오쇠삼거리->외발산사거리,7892.0,37.54318,126.8123,12시,582.0
0,20181102.0,금,오정로(부천시계),B-26,유입,오쇠삼거리->외발산사거리,7892.0,37.54318,126.8123,13시,558.0
0,20181102.0,금,오정로(부천시계),B-26,유입,오쇠삼거리->외발산사거리,7892.0,37.54318,126.8123,14시,593.0
0,20181102.0,금,오정로(부천시계),B-26,유입,오쇠삼거리->외발산사거리,7892.0,37.54318,126.8123,15시,565.0
0,20181102.0,금,오정로(부천시계),B-26,유입,오쇠삼거리->외발산사거리,7892.0,37.54318,126.8123,16시,582.0
0,20181102.0,금,오정로(부천시계),B-26,유입,오쇠삼거리->외발산사거리,7892.0,37.54318,126.8123,17시,771.0
0,20181102.0,금,오정로(부천시계),B-26,유입,오쇠삼거리->외발산사거리,7892.0,37.54318,126.8123,18시,570.0
0,20181102.0,금,오정로(부천시계),B-26,유입,오쇠삼거리->외발산사거리,7892.0,37.54318,126.8123,19시,507.0
0,20181102.0,금,오정로(부천시계),B-26,유입,오쇠삼거리->외발산사거리,7892.0,37.54318,126.8123,20시,362.0
0,20181103.0,토,오정로(부천시계),B-26,유입,오쇠삼거리->외발산사거리,7601.0,37.54318,126.8123,8시,605.0
0,20181103.0,토,오정로(부천시계),B-26,유입,오쇠삼거리->외발산사거리,7601.0,37.54318,126.8123,9시,663.0
0,20181103.0,토,오정로(부천시계),B-26,유입,오쇠삼거리->외발산사거리,7601.0,37.54318,126.8123,10시,694.0
0,20181103.0,토,오정로(부천시계),B-26,유입,오쇠삼거리->외발산사거리,7601.0,37.54318,126.8123,11시,641.0
0,20181103.0,토,오정로(부천시계),B-26,유입,오쇠삼거리->외발산사거리,7601.0,37.54318,126.8123,12시,623.0
0,20181103.0,토,오정로(부천시계),B-26,유입,오쇠삼거리->외발산사거리,7601.0,37.54318,126.8123,13시,670.0
0,20181103.0,토,오정로(부천시계),B-26,유입,오쇠삼거리->외발산사거리,7601.0,37.54318,126.8123,14시,661.0
0,20181103.0,토,오정로(부천시계),B-26,유입,오쇠삼거리->외발산사거리,7601.0,37.54318,126.8123,15시,564.0
0,20181103.0,토,오정로(부천시계),B-26,유입,오쇠삼거리->외발산사거리,7601.0,37.54318,126.8123,16시,686.0
0,20181103.0,토,오정로(부천시계),B-26,유입,오쇠삼거리->외발산사거리,7601.0,37.54318,126.8123,17시,602.0
0,20181103.0,토,오정로(부천시계),B-26,유입,오쇠삼거리->외발산사거리,7601.0,37.54318,126.8123,18시,513.0
0,20181103.0,토,오정로(부천시계),B-26,유입,오쇠삼거리->외발산사거리,7601.0,37.54318,126.8123,19시,355.0
0,20181103.0,토,오정로(부천시계),B-26,유입,오쇠삼거리->외발산사거리,7601.0,37.54318,126.8123,20시,324.0
0,20181104.0,일,오정로(부천시계),B-26,유입,오쇠삼거리->외발산사거리,6148.0,37.54318,126.8123,8시,390.0
0,20181104.0,일,오정로(부천시계),B-26,유입,오쇠삼거리->외발산사거리,6148.0,37.54318,126.8123,9시,432.0
0,20181104.0,일,오정로(부천시계),B-26,유입,오쇠삼거리->외발산사거리,6148.0,37.54318,126.8123,10시,541.0
0,20181104.0,일,오정로(부천시계),B-26,유입,오쇠삼거리->외발산사거리,6148.0,37.54318,126.8123,11시,508.0
0,20181104.0,일,오정로(부천시계),B-26,유입,오쇠삼거리->외발산사거리,6148.0,37.54318,126.8123,12시,491.0
0,20181104.0,일,오정로(부천시계),B-26,유입,오쇠삼거리->외발산사거리,6148.0,37.54318,126.8123,13시,577.0
0,20181104.0,일,오정로(부천시계),B-26,유입,오쇠삼거리->외발산사거리,6148.0,37.54318,126.8123,14시,559.0
0,20181104.0,일,오정로(부천시계),B-26,유입,오쇠삼거리->외발산사거리,6148.0,37.54318,126.8123,15시,506.0
0,20181104.0,일,오정로(부천시계),B-26,유입,오쇠삼거리->외발산사거리,6148.0,37.54318,126.8123,16시,536.0
0,20181104.0,일,오정로(부천시계),B-26,유입,오쇠삼거리->외발산사거리,6148.0,37.54318,126.8123,17시,503.0
0,20181104.0,일,오정로(부천시계),B-26,유입,오쇠삼거리->외발산사거리,6148.0,37.54318,126.8123,18시,424.0
0,20181104.0,일,오정로(부천시계),B-26,유입,오쇠삼거리->외발산사거리,6148.0,37.54318,126.8123,19시,335.0
0,20181104.0,일,오정로(부천시계),B-26,유입,오쇠삼거리->외발산사거리,6148.0,37.54318,126.8123,20시,346.0
0,20181105.0,월,오정로(부천시계),B-26,유입,오쇠삼거리->외발산사거리,7470.0,37.54318,126.8123,8시,740.0
0,20181105.0,월,오정로(부천시계),B-26,유입,오쇠삼거리->외발산사거리,7470.0,37.54318,126.8123,9시,627.0
0,20181105.0,월,오정로(부천시계),B-26,유입,오쇠삼거리->외발산사거리,7470.0,37.54318,126.8123,10시,560.0
0,20181105.0,월,오정로(부천시계),B-26,유입,오쇠삼거리->외발산사거리,7470.0,37.54318,126.8123,11시,606.0
0,20181105.0,월,오정로(부천시계),B-26,유입,오쇠삼거리->외발산사거리,7470.0,37.54318,126.8123,12시,542.0
0,20181105.0,월,오정로(부천시계),B-26,유입,오쇠삼거리->외발산사거리,7470.0,37.54318,126.8123,13시,595.0
0,20181105.0,월,오정로(부천시계),B-26,유입,오쇠삼거리->외발산사거리,7470.0,37.54318,126.8123,14시,539.0
0,20181105.0,월,오정로(부천시계),B-26,유입,오쇠삼거리->외발산사거리,7470.0,37.54318,126.8123,15시,537.0
0,20181105.0,월,오정로(부천시계),B-26,유입,오쇠삼거리->외발산사거리,7470.0,37.54318,126.8123,16시,601.0
0,20181105.0,월,오정로(부천시계),B-26,유입,오쇠삼거리->외발산사거리,7470.0,37.54318,126.8123,17시,717.0
0,20181105.0,월,오정로(부천시계),B-26,유입,오쇠삼거리->외발산사거리,7470.0,37.54318,126.8123,18시,532.0
0,20181105.0,월,오정로(부천시계),B-26,유입,오쇠삼거리->외발산사거리,7470.0,37.54318,126.8123,19시,492.0
0,20181105.0,월,오정로(부천시계),B-26,유입,오쇠삼거리->외발산사거리,7470.0,37.54318,126.8123,20시,382.0
0,20181106.0,화,오정로(부천시계),B-26,유입,오쇠삼거리->외발산사거리,7779.0,37.54318,126.8123,8시,808.0
0,20181106.0,화,오정로(부천시계),B-26,유입,오쇠삼거리->외발산사거리,7779.0,37.54318,126.8123,9시,714.0
0,20181106.0,화,오정로(부천시계),B-26,유입,오쇠삼거리->외발산사거리,7779.0,37.54318,126.8123,10시,672.0
0,20181106.0,화,오정로(부천시계),B-26,유입,오쇠삼거리->외발산사거리,7779.0,37.54318,126.8123,11시,630.0
0,20181106.0,화,오정로(부천시계),B-26,유입,오쇠삼거리->외발산사거리,7779.0,37.54318,126.8123,12시,583.0
0,20181106.0,화,오정로(부천시계),B-26,유입,오쇠삼거리->외발산사거리,7779.0,37.54318,126.8123,13시,554.0
0,20181106.0,화,오정로(부천시계),B-26,유입,오쇠삼거리->외발산사거리,7779.0,37.54318,126.8123,14시,595.0
0,20181106.0,화,오정로(부천시계),B-26,유입,오쇠삼거리->외발산사거리,7779.0,37.54318,126.8123,15시,566.0
0,20181106.0,화,오정로(부천시계),B-26,유입,오쇠삼거리->외발산사거리,7779.0,37.54318,126.8123,16시,563.0
0,20181106.0,화,오정로(부천시계),B-26,유입,오쇠삼거리->외발산사거리,7779.0,37.54318,126.8123,17시,703.0
0,20181106.0,화,오정로(부천시계),B-26,유입,오쇠삼거리->외발산사거리,7779.0,37.54318,126.8123,18시,501.0
0,20181106.0,화,오정로(부천시계),B-26,유입,오쇠삼거리->외발산사거리,7779.0,37.54318,126.8123,19시,496.0
0,20181106.0,화,오정로(부천시계),B-26,유입,오쇠삼거리->외발산사거리,7779.0,37.54318,126.8123,20시,394.0
0,20181107.0,수,오정로(부천시계),B-26,유입,오쇠삼거리->외발산사거리,7454.0,37.54318,126.8123,8시,770.0
0,20181107.0,수,오정로(부천시계),B-26,유입,오쇠삼거리->외발산사거리,7454.0,37.54318,126.8123,9시,675.0
0,20181107.0,수,오정로(부천시계),B-26,유입,오쇠삼거리->외발산사거리,7454.0,37.54318,126.8123,10시,642.0
0,20181107.0,수,오정로(부천시계),B-26,유입,오쇠삼거리->외발산사거리,7454.0,37.54318,126.8123,11시,590.0
0,20181107.0,수,오정로(부천시계),B-26,유입,오쇠삼거리->외발산사거리,7454.0,37.54318,126.8123,12시,514.0
0,20181107.0,수,오정로(부천시계),B-26,유입,오쇠삼거리->외발산사거리,7454.0,37.54318,126.8123,13시,518.0
0,20181107.0,수,오정로(부천시계),B-26,유입,오쇠삼거리->외발산사거리,7454.0,37.54318,126.8123,14시,538.0
0,20181107.0,수,오정로(부천시계),B-26,유입,오쇠삼거리->외발산사거리,7454.0,37.54318,126.8123,15시,563.0
0,20181107.0,수,오정로(부천시계),B-26,유입,오쇠삼거리->외발산사거리,7454.0,37.54318,126.8123,16시,500.0
0,20181107.0,수,오정로(부천시계),B-26,유입,오쇠삼거리->외발산사거리,7454.0,37.54318,126.8123,17시,744.0
0,20181107.0,수,오정로(부천시계),B-26,유입,오쇠삼거리->외발산사거리,7454.0,37.54318,126.8123,18시,542.0
0,20181107.0,수,오정로(부천시계),B-26,유입,오쇠삼거리->외발산사거리,7454.0,37.54318,126.8123,19시,472.0
0,20181107.0,수,오정로(부천시계),B-26,유입,오쇠삼거리->외발산사거리,7454.0,37.54318,126.8123,20시,386.0
0,20181108.0,목,오정로(부천시계),B-26,유입,오쇠삼거리->외발산사거리,7194.0,37.54318,126.8123,8시,814.0
0,20181108.0,목,오정로(부천시계),B-26,유입,오쇠삼거리->외발산사거리,7194.0,37.54318,126.8123,9시,723.0
0,20181108.0,목,오정로(부천시계),B-26,유입,오쇠삼거리->외발산사거리,7194.0,37.54318,126.8123,10시,609.0
0,20181108.0,목,오정로(부천시계),B-26,유입,오쇠삼거리->외발산사거리,7194.0,37.54318,126.8123,11시,588.0
0,20181108.0,목,오정로(부천시계),B-26,유입,오쇠삼거리->외발산사거리,7194.0,37.54318,126.8123,12시,497.0
0,20181108.0,목,오정로(부천시계),B-26,유입,오쇠삼거리->외발산사거리,7194.0,37.54318,126.8123,13시,499.0
0,20181108.0,목,오정로(부천시계),B-26,유입,오쇠삼거리->외발산사거리,7194.0,37.54318,126.8123,14시,488.0
0,20181108.0,목,오정로(부천시계),B-26,유입,오쇠삼거리->외발산사거리,7194.0,37.54318,126.8123,15시,452.0
0,20181108.0,목,오정로(부천시계),B-26,유입,오쇠삼거리->외발산사거리,7194.0,37.54318,126.8123,16시,551.0
0,20181108.0,목,오정로(부천시계),B-26,유입,오쇠삼거리->외발산사거리,7194.0,37.54318,126.8123,17시,649.0
0,20181108.0,목,오정로(부천시계),B-26,유입,오쇠삼거리->외발산사거리,7194.0,37.54318,126.8123,18시,510.0
0,20181108.0,목,오정로(부천시계),B-26,유입,오쇠삼거리->외발산사거리,7194.0,37.54318,126.8123,19시,446.0
0,20181108.0,목,오정로(부천시계),B-26,유입,오쇠삼거리->외발산사거리,7194.0,37.54318,126.8123,20시,368.0
0,20181109.0,금,오정로(부천시계),B-26,유입,오쇠삼거리->외발산사거리,8044.0,37.54318,126.8123,8시,834.0
0,20181109.0,금,오정로(부천시계),B-26,유입,오쇠삼거리->외발산사거리,8044.0,37.54318,126.8123,9시,767.0
0,20181109.0,금,오정로(부천시계),B-26,유입,오쇠삼거리->외발산사거리,8044.0,37.54318,126.8123,10시,608.0
0,20181109.0,금,오정로(부천시계),B-26,유입,오쇠삼거리->외발산사거리,8044.0,37.54318,126.8123,11시,631.0
0,20181109.0,금,오정로(부천시계),B-26,유입,오쇠삼거리->외발산사거리,8044.0,37.54318,126.8123,12시,593.0
0,20181109.0,금,오정로(부천시계),B-26,유입,오쇠삼거리->외발산사거리,8044.0,37.54318,126.8123,13시,547.0
0,20181109.0,금,오정로(부천시계),B-26,유입,오쇠삼거리->외발산사거리,8044.0,37.54318,126.8123,14시,546.0
0,20181109.0,금,오정로(부천시계),B-26,유입,오쇠삼거리->외발산사거리,8044.0,37.54318,126.8123,15시,591.0
0,20181109.0,금,오정로(부천시계),B-26,유입,오쇠삼거리->외발산사거리,8044.0,37.54318,126.8123,16시,687.0
0,20181109.0,금,오정로(부천시계),B-26,유입,오쇠삼거리->외발산사거리,8044.0,37.54318,126.8123,17시,738.0
0,20181109.0,금,오정로(부천시계),B-26,유입,오쇠삼거리->외발산사거리,8044.0,37.54318,126.8123,18시,642.0
0,20181109.0,금,오정로(부천시계),B-26,유입,오쇠삼거리->외발산사거리,8044.0,37.54318,126.8123,19시,446.0
0,20181109.0,금,오정로(부천시계),B-26,유입,오쇠삼거리->외발산사거리,8044.0,37.54318,126.8123,20시,414.0
0,20181110.0,토,오정로(부천시계),B-26,유입,오쇠삼거리->외발산사거리,7837.0,37.54318,126.8123,8시,616.0
0,20181110.0,토,오정로(부천시계),B-26,유입,오쇠삼거리->외발산사거리,7837.0,37.54318,126.8123,9시,660.0
0,20181110.0,토,오정로(부천시계),B-26,유입,오쇠삼거리->외발산사거리,7837.0,37.54318,126.8123,10시,639.0
0,20181110.0,토,오정로(부천시계),B-26,유입,오쇠삼거리->외발산사거리,7837.0,37.54318,126.8123,11시,681.0
0,20181110.0,토,오정로(부천시계),B-26,유입,오쇠삼거리->외발산사거리,7837.0,37.54318,126.8123,12시,651.0
0,20181110.0,토,오정로(부천시계),B-26,유입,오쇠삼거리->외발산사거리,7837.0,37.54318,126.8123,13시,656.0
0,20181110.0,토,오정로(부천시계),B-26,유입,오쇠삼거리->외발산사거리,7837.0,37.54318,126.8123,14시,698.0
0,20181110.0,토,오정로(부천시계),B-26,유입,오쇠삼거리->외발산사거리,7837.0,37.54318,126.8123,15시,626.0
0,20181110.0,토,오정로(부천시계),B-26,유입,오쇠삼거리->외발산사거리,7837.0,37.54318,126.8123,16시,621.0
0,20181110.0,토,오정로(부천시계),B-26,유입,오쇠삼거리->외발산사거리,7837.0,37.54318,126.8123,17시,689.0
0,20181110.0,토,오정로(부천시계),B-26,유입,오쇠삼거리->외발산사거리,7837.0,37.54318,126.8123,18시,525.0
0,20181110.0,토,오정로(부천시계),B-26,유입,오쇠삼거리->외발산사거리,7837.0,37.54318,126.8123,19시,432.0
0,20181110.0,토,오정로(부천시계),B-26,유입,오쇠삼거리->외발산사거리,7837.0,37.54318,126.8123,20시,343.0
0,20181111.0,일,오정로(부천시계),B-26,유입,오쇠삼거리->외발산사거리,6120.0,37.54318,126.8123,8시,375.0
0,20181111.0,일,오정로(부천시계),B-26,유입,오쇠삼거리->외발산사거리,6120.0,37.54318,126.8123,9시,453.0
0,20181111.0,일,오정로(부천시계),B-26,유입,오쇠삼거리->외발산사거리,6120.0,37.54318,126.8123,10시,504.0
0,20181111.0,일,오정로(부천시계),B-26,유입,오쇠삼거리->외발산사거리,6120.0,37.54318,126.8123,11시,480.0
0,20181111.0,일,오정로(부천시계),B-26,유입,오쇠삼거리->외발산사거리,6120.0,37.54318,126.8123,12시,522.0
0,20181111.0,일,오정로(부천시계),B-26,유입,오쇠삼거리->외발산사거리,6120.0,37.54318,126.8123,13시,561.0
0,20181111.0,일,오정로(부천시계),B-26,유입,오쇠삼거리->외발산사거리,6120.0,37.54318,126.8123,14시,555.0
0,20181111.0,일,오정로(부천시계),B-26,유입,오쇠삼거리->외발산사거리,6120.0,37.54318,126.8123,15시,512.0
0,20181111.0,일,오정로(부천시계),B-26,유입,오쇠삼거리->외발산사거리,6120.0,37.54318,126.8123,16시,515.0
0,20181111.0,일,오정로(부천시계),B-26,유입,오쇠삼거리->외발산사거리,6120.0,37.54318,126.8123,17시,543.0
0,20181111.0,일,오정로(부천시계),B-26,유입,오쇠삼거리->외발산사거리,6120.0,37.54318,126.8123,18시,462.0
0,20181111.0,일,오정로(부천시계),B-26,유입,오쇠삼거리->외발산사거리,6120.0,37.54318,126.8123,19시,336.0
0,20181111.0,일,오정로(부천시계),B-26,유입,오쇠삼거리->외발산사거리,6120.0,37.54318,126.8123,20시,302.0
0,20181112.0,월,오정로(부천시계),B-26,유입,오쇠삼거리->외발산사거리,8044.0,37.54318,126.8123,8시,850.0
0,20181112.0,월,오정로(부천시계),B-26,유입,오쇠삼거리->외발산사거리,8044.0,37.54318,126.8123,9시,703.0
0,20181112.0,월,오정로(부천시계),B-26,유입,오쇠삼거리->외발산사거리,8044.0,37.54318,126.8123,10시,648.0
0,20181112.0,월,오정로(부천시계),B-26,유입,오쇠삼거리->외발산사거리,8044.0,37.54318,126.8123,11시,676.0
0,20181112.0,월,오정로(부천시계),B-26,유입,오쇠삼거리->외발산사거리,8044.0,37.54318,126.8123,12시,556.0
0,20181112.0,월,오정로(부천시계),B-26,유입,오쇠삼거리->외발산사거리,8044.0,37.54318,126.8123,13시,582.0
0,20181112.0,월,오정로(부천시계),B-26,유입,오쇠삼거리->외발산사거리,8044.0,37.54318,126.8123,14시,590.0
0,20181112.0,월,오정로(부천시계),B-26,유입,오쇠삼거리->외발산사거리,8044.0,37.54318,126.8123,15시,577.0
0,20181112.0,월,오정로(부천시계),B-26,유입,오쇠삼거리->외발산사거리,8044.0,37.54318,126.8123,16시,607.0
0,20181112.0,월,오정로(부천시계),B-26,유입,오쇠삼거리->외발산사거리,8044.0,37.54318,126.8123,17시,735.0
0,20181112.0,월,오정로(부천시계),B-26,유입,오쇠삼거리->외발산사거리,8044.0,37.54318,126.8123,18시,560.0
0,20181112.0,월,오정로(부천시계),B-26,유입,오쇠삼거리->외발산사거리,8044.0,37.54318,126.8123,19시,572.0
0,20181112.0,월,오정로(부천시계),B-26,유입,오쇠삼거리->외발산사거리,8044.0,37.54318,126.8123,20시,388.0
0,20181113.0,화,오정로(부천시계),B-26,유입,오쇠삼거리->외발산사거리,7923.0,37.54318,126.8123,8시,844.0
0,20181113.0,화,오정로(부천시계),B-26,유입,오쇠삼거리->외발산사거리,7923.0,37.54318,126.8123,9시,791.0
0,20181113.0,화,오정로(부천시계),B-26,유입,오쇠삼거리->외발산사거리,7923.0,37.54318,126.8123,10시,636.0
0,20181113.0,화,오정로(부천시계),B-26,유입,오쇠삼거리->외발산사거리,7923.0,37.54318,126.8123,11시,662.0
0,20181113.0,화,오정로(부천시계),B-26,유입,오쇠삼거리->외발산사거리,7923.0,37.54318,126.8123,12시,602.0
0,20181113.0,화,오정로(부천시계),B-26,유입,오쇠삼거리->외발산사거리,7923.0,37.54318,126.8123,13시,565.0
0,20181113.0,화,오정로(부천시계),B-26,유입,오쇠삼거리->외발산사거리,7923.0,37.54318,126.8123,14시,577.0
0,20181113.0,화,오정로(부천시계),B-26,유입,오쇠삼거리->외발산사거리,7923.0,37.54318,126.8123,15시,547.0
0,20181113.0,화,오정로(부천시계),B-26,유입,오쇠삼거리->외발산사거리,7923.0,37.54318,126.8123,16시,604.0
0,20181113.0,화,오정로(부천시계),B-26,유입,오쇠삼거리->외발산사거리,7923.0,37.54318,126.8123,17시,731.0
0,20181113.0,화,오정로(부천시계),B-26,유입,오쇠삼거리->외발산사거리,7923.0,37.54318,126.8123,18시,569.0
0,20181113.0,화,오정로(부천시계),B-26,유입,오쇠삼거리->외발산사거리,7923.0,37.54318,126.8123,19시,437.0
0,20181113.0,화,오정로(부천시계),B-26,유입,오쇠삼거리->외발산사거리,7923.0,37.54318,126.8123,20시,358.0
0,20181114.0,수,오정로(부천시계),B-26,유입,오쇠삼거리->외발산사거리,7980.0,37.54318,126.8123,8시,861.0
0,20181114.0,수,오정로(부천시계),B-26,유입,오쇠삼거리->외발산사거리,7980.0,37.54318,126.8123,9시,701.0
0,20181114.0,수,오정로(부천시계),B-26,유입,오쇠삼거리->외발산사거리,7980.0,37.54318,126.8123,10시,690.0
0,20181114.0,수,오정로(부천시계),B-26,유입,오쇠삼거리->외발산사거리,7980.0,37.54318,126.8123,11시,624.0
0,20181114.0,수,오정로(부천시계),B-26,유입,오쇠삼거리->외발산사거리,7980.0,37.54318,126.8123,12시,566.0
0,20181114.0,수,오정로(부천시계),B-26,유입,오쇠삼거리->외발산사거리,7980.0,37.54318,126.8123,13시,582.0
0,20181114.0,수,오정로(부천시계),B-26,유입,오쇠삼거리->외발산사거리,7980.0,37.54318,126.8123,14시,627.0
0,20181114.0,수,오정로(부천시계),B-26,유입,오쇠삼거리->외발산사거리,7980.0,37.54318,126.8123,15시,569.0
0,20181114.0,수,오정로(부천시계),B-26,유입,오쇠삼거리->외발산사거리,7980.0,37.54318,126.8123,16시,639.0
0,20181114.0,수,오정로(부천시계),B-26,유입,오쇠삼거리->외발산사거리,7980.0,37.54318,126.8123,17시,704.0
0,20181114.0,수,오정로(부천시계),B-26,유입,오쇠삼거리->외발산사거리,7980.0,37.54318,126.8123,18시,555.0
0,20181114.0,수,오정로(부천시계),B-26,유입,오쇠삼거리->외발산사거리,7980.0,37.54318,126.8123,19시,485.0
0,20181114.0,수,오정로(부천시계),B-26,유입,오쇠삼거리->외발산사거리,7980.0,37.54318,126.8123,20시,377.0
0,20181115.0,목,오정로(부천시계),B-26,유입,오쇠삼거리->외발산사거리,7963.0,37.54318,126.8123,8시,839.0
0,20181115.0,목,오정로(부천시계),B-26,유입,오쇠삼거리->외발산사거리,7963.0,37.54318,126.8123,9시,768.0
0,20181115.0,목,오정로(부천시계),B-26,유입,오쇠삼거리->외발산사거리,7963.0,37.54318,126.8123,10시,692.0
0,20181115.0,목,오정로(부천시계),B-26,유입,오쇠삼거리->외발산사거리,7963.0,37.54318,126.8123,11시,630.0
0,20181115.0,목,오정로(부천시계),B-26,유입,오쇠삼거리->외발산사거리,7963.0,37.54318,126.8123,12시,564.0
0,20181115.0,목,오정로(부천시계),B-26,유입,오쇠삼거리->외발산사거리,7963.0,37.54318,126.8123,13시,532.0
0,20181115.0,목,오정로(부천시계),B-26,유입,오쇠삼거리->외발산사거리,7963.0,37.54318,126.8123,14시,575.0
0,20181115.0,목,오정로(부천시계),B-26,유입,오쇠삼거리->외발산사거리,7963.0,37.54318,126.8123,15시,534.0
0,20181115.0,목,오정로(부천시계),B-26,유입,오쇠삼거리->외발산사거리,7963.0,37.54318,126.8123,16시,609.0
0,20181115.0,목,오정로(부천시계),B-26,유입,오쇠삼거리->외발산사거리,7963.0,37.54318,126.8123,17시,702.0
0,20181115.0,목,오정로(부천시계),B-26,유입,오쇠삼거리->외발산사거리,7963.0,37.54318,126.8123,18시,613.0
0,20181115.0,목,오정로(부천시계),B-26,유입,오쇠삼거리->외발산사거리,7963.0,37.54318,126.8123,19시,518.0
0,20181115.0,목,오정로(부천시계),B-26,유입,오쇠삼거리->외발산사거리,7963.0,37.54318,126.8123,20시,387.0
0,20181116.0,금,오정로(부천시계),B-26,유입,오쇠삼거리->외발산사거리,8105.0,37.54318,126.8123,8시,814.0
0,20181116.0,금,오정로(부천시계),B-26,유입,오쇠삼거리->외발산사거리,8105.0,37.54318,126.8123,9시,730.0
0,20181116.0,금,오정로(부천시계),B-26,유입,오쇠삼거리->외발산사거리,8105.0,37.54318,126.8123,10시,645.0
0,20181116.0,금,오정로(부천시계),B-26,유입,오쇠삼거리->외발산사거리,8105.0,37.54318,126.8123,11시,643.0
0,20181116.0,금,오정로(부천시계),B-26,유입,오쇠삼거리->외발산사거리,8105.0,37.54318,126.8123,12시,599.0
0,20181116.0,금,오정로(부천시계),B-26,유입,오쇠삼거리->외발산사거리,8105.0,37.54318,126.8123,13시,557.0
0,20181116.0,금,오정로(부천시계),B-26,유입,오쇠삼거리->외발산사거리,8105.0,37.54318,126.8123,14시,638.0
0,20181116.0,금,오정로(부천시계),B-26,유입,오쇠삼거리->외발산사거리,8105.0,37.54318,126.8123,15시,608.0
0,20181116.0,금,오정로(부천시계),B-26,유입,오쇠삼거리->외발산사거리,8105.0,37.54318,126.8123,16시,698.0
0,20181116.0,금,오정로(부천시계),B-26,유입,오쇠삼거리->외발산사거리,8105.0,37.54318,126.8123,17시,692.0
0,20181116.0,금,오정로(부천시계),B-26,유입,오쇠삼거리->외발산사거리,8105.0,37.54318,126.8123,18시,601.0
0,20181116.0,금,오정로(부천시계),B-26,유입,오쇠삼거리->외발산사거리,8105.0,37.54318,126.8123,19시,504.0
0,20181116.0,금,오정로(부천시계),B-26,유입,오쇠삼거리->외발산사거리,8105.0,37.54318,126.8123,20시,376.0
0,20181117.0,토,오정로(부천시계),B-26,유입,오쇠삼거리->외발산사거리,7638.0,37.54318,126.8123,8시,558.0
0,20181117.0,토,오정로(부천시계),B-26,유입,오쇠삼거리->외발산사거리,7638.0,37.54318,126.8123,9시,596.0
0,20181117.0,토,오정로(부천시계),B-26,유입,오쇠삼거리->외발산사거리,7638.0,37.54318,126.8123,10시,639.0
0,20181117.0,토,오정로(부천시계),B-26,유입,오쇠삼거리->외발산사거리,7638.0,37.54318,126.8123,11시,622.0
0,20181117.0,토,오정로(부천시계),B-26,유입,오쇠삼거리->외발산사거리,7638.0,37.54318,126.8123,12시,778.0
0,20181117.0,토,오정로(부천시계),B-26,유입,오쇠삼거리->외발산사거리,7638.0,37.54318,126.8123,13시,613.0
0,20181117.0,토,오정로(부천시계),B-26,유입,오쇠삼거리->외발산사거리,7638.0,37.54318,126.8123,14시,679.0
0,20181117.0,토,오정로(부천시계),B-26,유입,오쇠삼거리->외발산사거리,7638.0,37.54318,126.8123,15시,625.0
0,20181117.0,토,오정로(부천시계),B-26,유입,오쇠삼거리->외발산사거리,7638.0,37.54318,126.8123,16시,694.0
0,20181117.0,토,오정로(부천시계),B-26,유입,오쇠삼거리->외발산사거리,7638.0,37.54318,126.8123,17시,664.0
0,20181117.0,토,오정로(부천시계),B-26,유입,오쇠삼거리->외발산사거리,7638.0,37.54318,126.8123,18시,479.0
0,20181117.0,토,오정로(부천시계),B-26,유입,오쇠삼거리->외발산사거리,7638.0,37.54318,126.8123,19시,368.0
0,20181117.0,토,오정로(부천시계),B-26,유입,오쇠삼거리->외발산사거리,7638.0,37.54318,126.8123,20시,323.0
0,20181118.0,일,오정로(부천시계),B-26,유입,오쇠삼거리->외발산사거리,6330.0,37.54318,126.8123,8시,364.0
0,20181118.0,일,오정로(부천시계),B-26,유입,오쇠삼거리->외발산사거리,6330.0,37.54318,126.8123,9시,412.0
0,20181118.0,일,오정로(부천시계),B-26,유입,오쇠삼거리->외발산사거리,6330.0,37.54318,126.8123,10시,538.0
0,20181118.0,일,오정로(부천시계),B-26,유입,오쇠삼거리->외발산사거리,6330.0,37.54318,126.8123,11시,509.0
0,20181118.0,일,오정로(부천시계),B-26,유입,오쇠삼거리->외발산사거리,6330.0,37.54318,126.8123,12시,570.0
0,20181118.0,일,오정로(부천시계),B-26,유입,오쇠삼거리->외발산사거리,6330.0,37.54318,126.8123,13시,552.0
0,20181118.0,일,오정로(부천시계),B-26,유입,오쇠삼거리->외발산사거리,6330.0,37.54318,126.8123,14시,598.0
0,20181118.0,일,오정로(부천시계),B-26,유입,오쇠삼거리->외발산사거리,6330.0,37.54318,126.8123,15시,547.0
0,20181118.0,일,오정로(부천시계),B-26,유입,오쇠삼거리->외발산사거리,6330.0,37.54318,126.8123,16시,574.0
0,20181118.0,일,오정로(부천시계),B-26,유입,오쇠삼거리->외발산사거리,6330.0,37.54318,126.8123,17시,533.0
0,20181118.0,일,오정로(부천시계),B-26,유입,오쇠삼거리->외발산사거리,6330.0,37.54318,126.8123,18시,444.0
0,20181118.0,일,오정로(부천시계),B-26,유입,오쇠삼거리->외발산사거리,6330.0,37.54318,126.8123,19시,395.0
0,20181118.0,일,오정로(부천시계),B-26,유입,오쇠삼거리->외발산사거리,6330.0,37.54318,126.8123,20시,294.0
0,20181119.0,월,오정로(부천시계),B-26,유입,오쇠삼거리->외발산사거리,7673.0,37.54318,126.8123,8시,855.0
0,20181119.0,월,오정로(부천시계),B-26,유입,오쇠삼거리->외발산사거리,7673.0,37.54318,126.8123,9시,697.0
0,20181119.0,월,오정로(부천시계),B-26,유입,오쇠삼거리->외발산사거리,7673.0,37.54318,126.8123,10시,588.0
0,20181119.0,월,오정로(부천시계),B-26,유입,오쇠삼거리->외발산사거리,7673.0,37.54318,126.8123,11시,599.0
0,20181119.0,월,오정로(부천시계),B-26,유입,오쇠삼거리->외발산사거리,7673.0,37.54318,126.8123,12시,573.0
0,20181119.0,월,오정로(부천시계),B-26,유입,오쇠삼거리->외발산사거리,7673.0,37.54318,126.8123,13시,531.0
0,20181119.0,월,오정로(부천시계),B-26,유입,오쇠삼거리->외발산사거리,7673.0,37.54318,126.8123,14시,581.0
0,20181119.0,월,오정로(부천시계),B-26,유입,오쇠삼거리->외발산사거리,7673.0,37.54318,126.8123,15시,507.0
0,20181119.0,월,오정로(부천시계),B-26,유입,오쇠삼거리->외발산사거리,7673.0,37.54318,126.8123,16시,580.0
0,20181119.0,월,오정로(부천시계),B-26,유입,오쇠삼거리->외발산사거리,7673.0,37.54318,126.8123,17시,659.0
0,20181119.0,월,오정로(부천시계),B-26,유입,오쇠삼거리->외발산사거리,7673.0,37.54318,126.8123,18시,589.0
0,20181119.0,월,오정로(부천시계),B-26,유입,오쇠삼거리->외발산사거리,7673.0,37.54318,126.8123,19시,537.0
0,20181119.0,월,오정로(부천시계),B-26,유입,오쇠삼거리->외발산사거리,7673.0,37.54318,126.8123,20시,377.0
0,20181120.0,화,오정로(부천시계),B-26,유입,오쇠삼거리->외발산사거리,7776.0,37.54318,126.8123,8시,878.0
0,20181120.0,화,오정로(부천시계),B-26,유입,오쇠삼거리->외발산사거리,7776.0,37.54318,126.8123,9시,738.0
0,20181120.0,화,오정로(부천시계),B-26,유입,오쇠삼거리->외발산사거리,7776.0,37.54318,126.8123,10시,690.0
0,20181120.0,화,오정로(부천시계),B-26,유입,오쇠삼거리->외발산사거리,7776.0,37.54318,126.8123,11시,618.0
0,20181120.0,화,오정로(부천시계),B-26,유입,오쇠삼거리->외발산사거리,7776.0,37.54318,126.8123,12시,518.0
0,20181120.0,화,오정로(부천시계),B-26,유입,오쇠삼거리->외발산사거리,7776.0,37.54318,126.8123,13시,540.0
0,20181120.0,화,오정로(부천시계),B-26,유입,오쇠삼거리->외발산사거리,7776.0,37.54318,126.8123,14시,591.0
0,20181120.0,화,오정로(부천시계),B-26,유입,오쇠삼거리->외발산사거리,7776.0,37.54318,126.8123,15시,556.0
0,20181120.0,화,오정로(부천시계),B-26,유입,오쇠삼거리->외발산사거리,7776.0,37.54318,126.8123,16시,494.0
0,20181120.0,화,오정로(부천시계),B-26,유입,오쇠삼거리->외발산사거리,7776.0,37.54318,126.8123,17시,662.0
0,20181120.0,화,오정로(부천시계),B-26,유입,오쇠삼거리->외발산사거리,7776.0,37.54318,126.8123,18시,619.0
0,20181120.0,화,오정로(부천시계),B-26,유입,오쇠삼거리->외발산사거리,7776.0,37.54318,126.8123,19시,500.0
0,20181120.0,화,오정로(부천시계),B-26,유입,오쇠삼거리->외발산사거리,7776.0,37.54318,126.8123,20시,372.0
0,20181121.0,수,오정로(부천시계),B-26,유입,오쇠삼거리->외발산사거리,7693.0,37.54318,126.8123,8시,811.0
0,20181121.0,수,오정로(부천시계),B-26,유입,오쇠삼거리->외발산사거리,7693.0,37.54318,126.8123,9시,700.0
0,20181121.0,수,오정로(부천시계),B-26,유입,오쇠삼거리->외발산사거리,7693.0,37.54318,126.8123,10시,602.0
0,20181121.0,수,오정로(부천시계),B-26,유입,오쇠삼거리->외발산사거리,7693.0,37.54318,126.8123,11시,629.0
0,20181121.0,수,오정로(부천시계),B-26,유입,오쇠삼거리->외발산사거리,7693.0,37.54318,126.8123,12시,548.0
0,20181121.0,수,오정로(부천시계),B-26,유입,오쇠삼거리->외발산사거리,7693.0,37.54318,126.8123,13시,508.0
0,20181121.0,수,오정로(부천시계),B-26,유입,오쇠삼거리->외발산사거리,7693.0,37.54318,126.8123,14시,629.0
0,20181121.0,수,오정로(부천시계),B-26,유입,오쇠삼거리->외발산사거리,7693.0,37.54318,126.8123,15시,518.0
0,20181121.0,수,오정로(부천시계),B-26,유입,오쇠삼거리->외발산사거리,7693.0,37.54318,126.8123,16시,565.0
0,20181121.0,수,오정로(부천시계),B-26,유입,오쇠삼거리->외발산사거리,7693.0,37.54318,126.8123,17시,708.0
0,20181121.0,수,오정로(부천시계),B-26,유입,오쇠삼거리->외발산사거리,7693.0,37.54318,126.8123,18시,587.0
0,20181121.0,수,오정로(부천시계),B-26,유입,오쇠삼거리->외발산사거리,7693.0,37.54318,126.8123,19시,518.0
0,20181121.0,수,오정로(부천시계),B-26,유입,오쇠삼거리->외발산사거리,7693.0,37.54318,126.8123,20시,370.0
0,20181122.0,목,오정로(부천시계),B-26,유입,오쇠삼거리->외발산사거리,7932.0,37.54318,126.8123,8시,851.0
0,20181122.0,목,오정로(부천시계),B-26,유입,오쇠삼거리->외발산사거리,7932.0,37.54318,126.8123,9시,701.0
0,20181122.0,목,오정로(부천시계),B-26,유입,오쇠삼거리->외발산사거리,7932.0,37.54318,126.8123,10시,645.0
0,20181122.0,목,오정로(부천시계),B-26,유입,오쇠삼거리->외발산사거리,7932.0,37.54318,126.8123,11시,645.0
0,20181122.0,목,오정로(부천시계),B-26,유입,오쇠삼거리->외발산사거리,7932.0,37.54318,126.8123,12시,502.0
0,20181122.0,목,오정로(부천시계),B-26,유입,오쇠삼거리->외발산사거리,7932.0,37.54318,126.8123,13시,571.0
0,20181122.0,목,오정로(부천시계),B-26,유입,오쇠삼거리->외발산사거리,7932.0,37.54318,126.8123,14시,642.0
0,20181122.0,목,오정로(부천시계),B-26,유입,오쇠삼거리->외발산사거리,7932.0,37.54318,126.8123,15시,581.0
0,20181122.0,목,오정로(부천시계),B-26,유입,오쇠삼거리->외발산사거리,7932.0,37.54318,126.8123,16시,631.0
0,20181122.0,목,오정로(부천시계),B-26,유입,오쇠삼거리->외발산사거리,7932.0,37.54318,126.8123,17시,699.0
0,20181122.0,목,오정로(부천시계),B-26,유입,오쇠삼거리->외발산사거리,7932.0,37.54318,126.8123,18시,618.0
0,20181122.0,목,오정로(부천시계),B-26,유입,오쇠삼거리->외발산사거리,7932.0,37.54318,126.8123,19시,488.0
0,20181122.0,목,오정로(부천시계),B-26,유입,오쇠삼거리->외발산사거리,7932.0,37.54318,126.8123,20시,358.0
0,20181123.0,금,오정로(부천시계),B-26,유입,오쇠삼거리->외발산사거리,8397.0,37.54318,126.8123,8시,858.0
0,20181123.0,금,오정로(부천시계),B-26,유입,오쇠삼거리->외발산사거리,8397.0,37.54318,126.8123,9시,751.0
0,20181123.0,금,오정로(부천시계),B-26,유입,오쇠삼거리->외발산사거리,8397.0,37.54318,126.8123,10시,676.0
0,20181123.0,금,오정로(부천시계),B-26,유입,오쇠삼거리->외발산사거리,8397.0,37.54318,126.8123,11시,660.0
0,20181123.0,금,오정로(부천시계),B-26,유입,오쇠삼거리->외발산사거리,8397.0,37.54318,126.8123,12시,600.0
0,20181123.0,금,오정로(부천시계),B-26,유입,오쇠삼거리->외발산사거리,8397.0,37.54318,126.8123,13시,626.0
0,20181123.0,금,오정로(부천시계),B-26,유입,오쇠삼거리->외발산사거리,8397.0,37.54318,126.8123,14시,587.0
0,20181123.0,금,오정로(부천시계),B-26,유입,오쇠삼거리->외발산사거리,8397.0,37.54318,126.8123,15시,588.0
0,20181123.0,금,오정로(부천시계),B-26,유입,오쇠삼거리->외발산사거리,8397.0,37.54318,126.8123,16시,687.0
0,20181123.0,금,오정로(부천시계),B-26,유입,오쇠삼거리->외발산사거리,8397.0,37.54318,126.8123,17시,803.0
0,20181123.0,금,오정로(부천시계),B-26,유입,오쇠삼거리->외발산사거리,8397.0,37.54318,126.8123,18시,602.0
0,20181123.0,금,오정로(부천시계),B-26,유입,오쇠삼거리->외발산사거리,8397.0,37.54318,126.8123,19시,552.0
0,20181123.0,금,오정로(부천시계),B-26,유입,오쇠삼거리->외발산사거리,8397.0,37.54318,126.8123,20시,407.0
0,20181124.0,토,오정로(부천시계),B-26,유입,오쇠삼거리->외발산사거리,6771.0,37.54318,126.8123,8시,472.0
0,20181124.0,토,오정로(부천시계),B-26,유입,오쇠삼거리->외발산사거리,6771.0,37.54318,126.8123,9시,560.0
0,20181124.0,토,오정로(부천시계),B-26,유입,오쇠삼거리->외발산사거리,6771.0,37.54318,126.8123,10시,636.0
0,20181124.0,토,오정로(부천시계),B-26,유입,오쇠삼거리->외발산사거리,6771.0,37.54318,126.8123,11시,536.0
0,20181124.0,토,오정로(부천시계),B-26,유입,오쇠삼거리->외발산사거리,6771.0,37.54318,126.8123,12시,551.0
0,20181124.0,토,오정로(부천시계),B-26,유입,오쇠삼거리->외발산사거리,6771.0,37.54318,126.8123,13시,589.0
0,20181124.0,토,오정로(부천시계),B-26,유입,오쇠삼거리->외발산사거리,6771.0,37.54318,126.8123,14시,575.0
0,20181124.0,토,오정로(부천시계),B-26,유입,오쇠삼거리->외발산사거리,6771.0,37.54318,126.8123,15시,597.0
0,20181124.0,토,오정로(부천시계),B-26,유입,오쇠삼거리->외발산사거리,6771.0,37.54318,126.8123,16시,542.0
0,20181124.0,토,오정로(부천시계),B-26,유입,오쇠삼거리->외발산사거리,6771.0,37.54318,126.8123,17시,620.0
0,20181124.0,토,오정로(부천시계),B-26,유입,오쇠삼거리->외발산사거리,6771.0,37.54318,126.8123,18시,456.0
0,20181124.0,토,오정로(부천시계),B-26,유입,오쇠삼거리->외발산사거리,6771.0,37.54318,126.8123,19시,326.0
0,20181124.0,토,오정로(부천시계),B-26,유입,오쇠삼거리->외발산사거리,6771.0,37.54318,126.8123,20시,311.0
0,20181125.0,일,오정로(부천시계),B-26,유입,오쇠삼거리->외발산사거리,6272.0,37.54318,126.8123,8시,352.0
0,20181125.0,일,오정로(부천시계),B-26,유입,오쇠삼거리->외발산사거리,6272.0,37.54318,126.8123,9시,430.0
0,20181125.0,일,오정로(부천시계),B-26,유입,오쇠삼거리->외발산사거리,6272.0,37.54318,126.8123,10시,468.0
0,20181125.0,일,오정로(부천시계),B-26,유입,오쇠삼거리->외발산사거리,6272.0,37.54318,126.8123,11시,529.0
0,20181125.0,일,오정로(부천시계),B-26,유입,오쇠삼거리->외발산사거리,6272.0,37.54318,126.8123,12시,508.0
0,20181125.0,일,오정로(부천시계),B-26,유입,오쇠삼거리->외발산사거리,6272.0,37.54318,126.8123,13시,558.0
0,20181125.0,일,오정로(부천시계),B-26,유입,오쇠삼거리->외발산사거리,6272.0,37.54318,126.8123,14시,597.0
0,20181125.0,일,오정로(부천시계),B-26,유입,오쇠삼거리->외발산사거리,6272.0,37.54318,126.8123,15시,602.0
0,20181125.0,일,오정로(부천시계),B-26,유입,오쇠삼거리->외발산사거리,6272.0,37.54318,126.8123,16시,510.0
0,20181125.0,일,오정로(부천시계),B-26,유입,오쇠삼거리->외발산사거리,6272.0,37.54318,126.8123,17시,562.0
0,20181125.0,일,오정로(부천시계),B-26,유입,오쇠삼거리->외발산사거리,6272.0,37.54318,126.8123,18시,461.0
0,20181125.0,일,오정로(부천시계),B-26,유입,오쇠삼거리->외발산사거리,6272.0,37.54318,126.8123,19시,377.0
0,20181125.0,일,오정로(부천시계),B-26,유입,오쇠삼거리->외발산사거리,6272.0,37.54318,126.8123,20시,318.0
0,20181126.0,월,오정로(부천시계),B-26,유입,오쇠삼거리->외발산사거리,7444.0,37.54318,126.8123,8시,775.0
0,20181126.0,월,오정로(부천시계),B-26,유입,오쇠삼거리->외발산사거리,7444.0,37.54318,126.8123,9시,716.0
0,20181126.0,월,오정로(부천시계),B-26,유입,오쇠삼거리->외발산사거리,7444.0,37.54318,126.8123,10시,530.0
0,20181126.0,월,오정로(부천시계),B-26,유입,오쇠삼거리->외발산사거리,7444.0,37.54318,126.8123,11시,602.0
0,20181126.0,월,오정로(부천시계),B-26,유입,오쇠삼거리->외발산사거리,7444.0,37.54318,126.8123,12시,523.0
0,20181126.0,월,오정로(부천시계),B-26,유입,오쇠삼거리->외발산사거리,7444.0,37.54318,126.8123,13시,556.0
0,20181126.0,월,오정로(부천시계),B-26,유입,오쇠삼거리->외발산사거리,7444.0,37.54318,126.8123,14시,542.0
0,20181126.0,월,오정로(부천시계),B-26,유입,오쇠삼거리->외발산사거리,7444.0,37.54318,126.8123,15시,571.0
0,20181126.0,월,오정로(부천시계),B-26,유입,오쇠삼거리->외발산사거리,7444.0,37.54318,126.8123,16시,559.0
0,20181126.0,월,오정로(부천시계),B-26,유입,오쇠삼거리->외발산사거리,7444.0,37.54318,126.8123,17시,698.0
0,20181126.0,월,오정로(부천시계),B-26,유입,오쇠삼거리->외발산사거리,7444.0,37.54318,126.8123,18시,548.0
0,20181126.0,월,오정로(부천시계),B-26,유입,오쇠삼거리->외발산사거리,7444.0,37.54318,126.8123,19시,452.0
0,20181126.0,월,오정로(부천시계),B-26,유입,오쇠삼거리->외발산사거리,7444.0,37.54318,126.8123,20시,372.0
0,20181127.0,화,오정로(부천시계),B-26,유입,오쇠삼거리->외발산사거리,7826.0,37.54318,126.8123,8시,791.0
0,20181127.0,화,오정로(부천시계),B-26,유입,오쇠삼거리->외발산사거리,7826.0,37.54318,126.8123,9시,792.0
0,20181127.0,화,오정로(부천시계),B-26,유입,오쇠삼거리->외발산사거리,7826.0,37.54318,126.8123,10시,641.0
0,20181127.0,화,오정로(부천시계),B-26,유입,오쇠삼거리->외발산사거리,7826.0,37.54318,126.8123,11시,604.0
0,20181127.0,화,오정로(부천시계),B-26,유입,오쇠삼거리->외발산사거리,7826.0,37.54318,126.8123,12시,524.0
0,20181127.0,화,오정로(부천시계),B-26,유입,오쇠삼거리->외발산사거리,7826.0,37.54318,126.8123,13시,568.0
0,20181127.0,화,오정로(부천시계),B-26,유입,오쇠삼거리->외발산사거리,7826.0,37.54318,126.8123,14시,605.0
0,20181127.0,화,오정로(부천시계),B-26,유입,오쇠삼거리->외발산사거리,7826.0,37.54318,126.8123,15시,560.0
0,20181127.0,화,오정로(부천시계),B-26,유입,오쇠삼거리->외발산사거리,7826.0,37.54318,126.8123,16시,570.0
0,20181127.0,화,오정로(부천시계),B-26,유입,오쇠삼거리->외발산사거리,7826.0,37.54318,126.8123,17시,715.0
0,20181127.0,화,오정로(부천시계),B-26,유입,오쇠삼거리->외발산사거리,7826.0,37.54318,126.8123,18시,572.0
0,20181127.0,화,오정로(부천시계),B-26,유입,오쇠삼거리->외발산사거리,7826.0,37.54318,126.8123,19시,481.0
0,20181127.0,화,오정로(부천시계),B-26,유입,오쇠삼거리->외발산사거리,7826.0,37.54318,126.8123,20시,403.0
0,20181128.0,수,오정로(부천시계),B-26,유입,오쇠삼거리->외발산사거리,7700.0,37.54318,126.8123,8시,865.0
0,20181128.0,수,오정로(부천시계),B-26,유입,오쇠삼거리->외발산사거리,7700.0,37.54318,126.8123,9시,726.0
0,20181128.0,수,오정로(부천시계),B-26,유입,오쇠삼거리->외발산사거리,7700.0,37.54318,126.8123,10시,553.0
0,20181128.0,수,오정로(부천시계),B-26,유입,오쇠삼거리->외발산사거리,7700.0,37.54318,126.8123,11시,592.0
0,20181128.0,수,오정로(부천시계),B-26,유입,오쇠삼거리->외발산사거리,7700.0,37.54318,126.8123,12시,522.0
0,20181128.0,수,오정로(부천시계),B-26,유입,오쇠삼거리->외발산사거리,7700.0,37.54318,126.8123,13시,580.0
0,20181128.0,수,오정로(부천시계),B-26,유입,오쇠삼거리->외발산사거리,7700.0,37.54318,126.8123,14시,568.0
0,20181128.0,수,오정로(부천시계),B-26,유입,오쇠삼거리->외발산사거리,7700.0,37.54318,126.8123,15시,554.0
0,20181128.0,수,오정로(부천시계),B-26,유입,오쇠삼거리->외발산사거리,7700.0,37.54318,126.8123,16시,565.0
0,20181128.0,수,오정로(부천시계),B-26,유입,오쇠삼거리->외발산사거리,7700.0,37.54318,126.8123,17시,742.0
0,20181128.0,수,오정로(부천시계),B-26,유입,오쇠삼거리->외발산사거리,7700.0,37.54318,126.8123,18시,547.0
0,20181128.0,수,오정로(부천시계),B-26,유입,오쇠삼거리->외발산사거리,7700.0,37.54318,126.8123,19시,515.0
0,20181128.0,수,오정로(부천시계),B-26,유입,오쇠삼거리->외발산사거리,7700.0,37.54318,126.8123,20시,371.0
0,20181129.0,목,오정로(부천시계),B-26,유입,오쇠삼거리->외발산사거리,7808.0,37.54318,126.8123,8시,802.0
0,20181129.0,목,오정로(부천시계),B-26,유입,오쇠삼거리->외발산사거리,7808.0,37.54318,126.8123,9시,751.0
0,20181129.0,목,오정로(부천시계),B-26,유입,오쇠삼거리->외발산사거리,7808.0,37.54318,126.8123,10시,641.0
0,20181129.0,목,오정로(부천시계),B-26,유입,오쇠삼거리->외발산사거리,7808.0,37.54318,126.8123,11시,597.0
0,20181129.0,목,오정로(부천시계),B-26,유입,오쇠삼거리->외발산사거리,7808.0,37.54318,126.8123,12시,578.0
0,20181129.0,목,오정로(부천시계),B-26,유입,오쇠삼거리->외발산사거리,7808.0,37.54318,126.8123,13시,588.0
0,20181129.0,목,오정로(부천시계),B-26,유입,오쇠삼거리->외발산사거리,7808.0,37.54318,126.8123,14시,563.0
0,20181129.0,목,오정로(부천시계),B-26,유입,오쇠삼거리->외발산사거리,7808.0,37.54318,126.8123,15시,577.0
0,20181129.0,목,오정로(부천시계),B-26,유입,오쇠삼거리->외발산사거리,7808.0,37.54318,126.8123,16시,599.0
0,20181129.0,목,오정로(부천시계),B-26,유입,오쇠삼거리->외발산사거리,7808.0,37.54318,126.8123,17시,674.0
0,20181129.0,목,오정로(부천시계),B-26,유입,오쇠삼거리->외발산사거리,7808.0,37.54318,126.8123,18시,558.0
0,20181129.0,목,오정로(부천시계),B-26,유입,오쇠삼거리->외발산사거리,7808.0,37.54318,126.8123,19시,490.0
0,20181129.0,목,오정로(부천시계),B-26,유입,오쇠삼거리->외발산사거리,7808.0,37.54318,126.8123,20시,390.0
0,20181130.0,금,오정로(부천시계),B-26,유입,오쇠삼거리->외발산사거리,7937.0,37.54318,126.8123,8시,747.0
0,20181130.0,금,오정로(부천시계),B-26,유입,오쇠삼거리->외발산사거리,7937.0,37.54318,126.8123,9시,736.0
0,20181130.0,금,오정로(부천시계),B-26,유입,오쇠삼거리->외발산사거리,7937.0,37.54318,126.8123,10시,622.0
0,20181130.0,금,오정로(부천시계),B-26,유입,오쇠삼거리->외발산사거리,7937.0,37.54318,126.8123,11시,656.0
0,20181130.0,금,오정로(부천시계),B-26,유입,오쇠삼거리->외발산사거리,7937.0,37.54318,126.8123,12시,545.0
0,20181130.0,금,오정로(부천시계),B-26,유입,오쇠삼거리->외발산사거리,7937.0,37.54318,126.8123,13시,567.0
0,20181130.0,금,오정로(부천시계),B-26,유입,오쇠삼거리->외발산사거리,7937.0,37.54318,126.8123,14시,581.0
0,20181130.0,금,오정로(부천시계),B-26,유입,오쇠삼거리->외발산사거리,7937.0,37.54318,126.8123,15시,572.0
0,20181130.0,금,오정로(부천시계),B-26,유입,오쇠삼거리->외발산사거리,7937.0,37.54318,126.8123,16시,621.0
0,20181130.0,금,오정로(부천시계),B-26,유입,오쇠삼거리->외발산사거리,7937.0,37.54318,126.8123,17시,716.0
0,20181130.0,금,오정로(부천시계),B-26,유입,오쇠삼거리->외발산사거리,7937.0,37.54318,126.8123,18시,583.0
0,20181130.0,금,오정로(부천시계),B-26,유입,오쇠삼거리->외발산사거리,7937.0,37.54318,126.8123,19시,575.0
0,20181130.0,금,오정로(부천시계),B-26,유입,오쇠삼거리->외발산사거리,7937.0,37.54318,126.8123,20시,416.0
0,20181101.0,목,오정로(부천시계),B-26,유출,외발산사거리->오쇠삼거리,10821.0,37.54318,126.8123,8시,909.0
0,20181101.0,목,오정로(부천시계),B-26,유출,외발산사거리->오쇠삼거리,10821.0,37.54318,126.8123,9시,716.0
0,20181101.0,목,오정로(부천시계),B-26,유출,외발산사거리->오쇠삼거리,10821.0,37.54318,126.8123,10시,621.0
0,20181101.0,목,오정로(부천시계),B-26,유출,외발산사거리->오쇠삼거리,10821.0,37.54318,126.8123,11시,710.0
0,20181101.0,목,오정로(부천시계),B-26,유출,외발산사거리->오쇠삼거리,10821.0,37.54318,126.8123,12시,646.0
0,20181101.0,목,오정로(부천시계),B-26,유출,외발산사거리->오쇠삼거리,10821.0,37.54318,126.8123,13시,629.0
0,20181101.0,목,오정로(부천시계),B-26,유출,외발산사거리->오쇠삼거리,10821.0,37.54318,126.8123,14시,697.0
0,20181101.0,목,오정로(부천시계),B-26,유출,외발산사거리->오쇠삼거리,10821.0,37.54318,126.8123,15시,779.0
0,20181101.0,목,오정로(부천시계),B-26,유출,외발산사거리->오쇠삼거리,10821.0,37.54318,126.8123,16시,963.0
0,20181101.0,목,오정로(부천시계),B-26,유출,외발산사거리->오쇠삼거리,10821.0,37.54318,126.8123,17시,1288.0
0,20181101.0,목,오정로(부천시계),B-26,유출,외발산사거리->오쇠삼거리,10821.0,37.54318,126.8123,18시,1255.0
0,20181101.0,목,오정로(부천시계),B-26,유출,외발산사거리->오쇠삼거리,10821.0,37.54318,126.8123,19시,995.0
0,20181101.0,목,오정로(부천시계),B-26,유출,외발산사거리->오쇠삼거리,10821.0,37.54318,126.8123,20시,613.0
0,20181102.0,금,오정로(부천시계),B-26,유출,외발산사거리->오쇠삼거리,11541.0,37.54318,126.8123,8시,982.0
0,20181102.0,금,오정로(부천시계),B-26,유출,외발산사거리->오쇠삼거리,11541.0,37.54318,126.8123,9시,717.0
0,20181102.0,금,오정로(부천시계),B-26,유출,외발산사거리->오쇠삼거리,11541.0,37.54318,126.8123,10시,682.0
0,20181102.0,금,오정로(부천시계),B-26,유출,외발산사거리->오쇠삼거리,11541.0,37.54318,126.8123,11시,681.0
0,20181102.0,금,오정로(부천시계),B-26,유출,외발산사거리->오쇠삼거리,11541.0,37.54318,126.8123,12시,652.0
0,20181102.0,금,오정로(부천시계),B-26,유출,외발산사거리->오쇠삼거리,11541.0,37.54318,126.8123,13시,682.0
0,20181102.0,금,오정로(부천시계),B-26,유출,외발산사거리->오쇠삼거리,11541.0,37.54318,126.8123,14시,762.0
0,20181102.0,금,오정로(부천시계),B-26,유출,외발산사거리->오쇠삼거리,11541.0,37.54318,126.8123,15시,844.0
0,20181102.0,금,오정로(부천시계),B-26,유출,외발산사거리->오쇠삼거리,11541.0,37.54318,126.8123,16시,1103.0
0,20181102.0,금,오정로(부천시계),B-26,유출,외발산사거리->오쇠삼거리,11541.0,37.54318,126.8123,17시,1225.0
0,20181102.0,금,오정로(부천시계),B-26,유출,외발산사거리->오쇠삼거리,11541.0,37.54318,126.8123,18시,1330.0
0,20181102.0,금,오정로(부천시계),B-26,유출,외발산사거리->오쇠삼거리,11541.0,37.54318,126.8123,19시,1134.0
0,20181102.0,금,오정로(부천시계),B-26,유출,외발산사거리->오쇠삼거리,11541.0,37.54318,126.8123,20시,747.0
0,20181103.0,토,오정로(부천시계),B-26,유출,외발산사거리->오쇠삼거리,10281.0,37.54318,126.8123,8시,525.0
0,20181103.0,토,오정로(부천시계),B-26,유출,외발산사거리->오쇠삼거리,10281.0,37.54318,126.8123,9시,590.0
0,20181103.0,토,오정로(부천시계),B-26,유출,외발산사거리->오쇠삼거리,10281.0,37.54318,126.8123,10시,691.0
0,20181103.0,토,오정로(부천시계),B-26,유출,외발산사거리->오쇠삼거리,10281.0,37.54318,126.8123,11시,701.0
0,20181103.0,토,오정로(부천시계),B-26,유출,외발산사거리->오쇠삼거리,10281.0,37.54318,126.8123,12시,675.0
0,20181103.0,토,오정로(부천시계),B-26,유출,외발산사거리->오쇠삼거리,10281.0,37.54318,126.8123,13시,770.0
0,20181103.0,토,오정로(부천시계),B-26,유출,외발산사거리->오쇠삼거리,10281.0,37.54318,126.8123,14시,851.0
0,20181103.0,토,오정로(부천시계),B-26,유출,외발산사거리->오쇠삼거리,10281.0,37.54318,126.8123,15시,915.0
0,20181103.0,토,오정로(부천시계),B-26,유출,외발산사거리->오쇠삼거리,10281.0,37.54318,126.8123,16시,1097.0
0,20181103.0,토,오정로(부천시계),B-26,유출,외발산사거리->오쇠삼거리,10281.0,37.54318,126.8123,17시,1038.0
0,20181103.0,토,오정로(부천시계),B-26,유출,외발산사거리->오쇠삼거리,10281.0,37.54318,126.8123,18시,1010.0
0,20181103.0,토,오정로(부천시계),B-26,유출,외발산사거리->오쇠삼거리,10281.0,37.54318,126.8123,19시,809.0
0,20181103.0,토,오정로(부천시계),B-26,유출,외발산사거리->오쇠삼거리,10281.0,37.54318,126.8123,20시,609.0
0,20181104.0,일,오정로(부천시계),B-26,유출,외발산사거리->오쇠삼거리,8051.0,37.54318,126.8123,8시,365.0
0,20181104.0,일,오정로(부천시계),B-26,유출,외발산사거리->오쇠삼거리,8051.0,37.54318,126.8123,9시,378.0
0,20181104.0,일,오정로(부천시계),B-26,유출,외발산사거리->오쇠삼거리,8051.0,37.54318,126.8123,10시,491.0
0,20181104.0,일,오정로(부천시계),B-26,유출,외발산사거리->오쇠삼거리,8051.0,37.54318,126.8123,11시,535.0
0,20181104.0,일,오정로(부천시계),B-26,유출,외발산사거리->오쇠삼거리,8051.0,37.54318,126.8123,12시,581.0
0,20181104.0,일,오정로(부천시계),B-26,유출,외발산사거리->오쇠삼거리,8051.0,37.54318,126.8123,13시,595.0
0,20181104.0,일,오정로(부천시계),B-26,유출,외발산사거리->오쇠삼거리,8051.0,37.54318,126.8123,14시,709.0
0,20181104.0,일,오정로(부천시계),B-26,유출,외발산사거리->오쇠삼거리,8051.0,37.54318,126.8123,15시,766.0
0,20181104.0,일,오정로(부천시계),B-26,유출,외발산사거리->오쇠삼거리,8051.0,37.54318,126.8123,16시,911.0
0,20181104.0,일,오정로(부천시계),B-26,유출,외발산사거리->오쇠삼거리,8051.0,37.54318,126.8123,17시,837.0
0,20181104.0,일,오정로(부천시계),B-26,유출,외발산사거리->오쇠삼거리,8051.0,37.54318,126.8123,18시,706.0
0,20181104.0,일,오정로(부천시계),B-26,유출,외발산사거리->오쇠삼거리,8051.0,37.54318,126.8123,19시,643.0
0,20181104.0,일,오정로(부천시계),B-26,유출,외발산사거리->오쇠삼거리,8051.0,37.54318,126.8123,20시,534.0
0,20181105.0,월,오정로(부천시계),B-26,유출,외발산사거리->오쇠삼거리,10707.0,37.54318,126.8123,8시,918.0
0,20181105.0,월,오정로(부천시계),B-26,유출,외발산사거리->오쇠삼거리,10707.0,37.54318,126.8123,9시,711.0
0,20181105.0,월,오정로(부천시계),B-26,유출,외발산사거리->오쇠삼거리,10707.0,37.54318,126.8123,10시,653.0
0,20181105.0,월,오정로(부천시계),B-26,유출,외발산사거리->오쇠삼거리,10707.0,37.54318,126.8123,11시,653.0
0,20181105.0,월,오정로(부천시계),B-26,유출,외발산사거리->오쇠삼거리,10707.0,37.54318,126.8123,12시,631.0
0,20181105.0,월,오정로(부천시계),B-26,유출,외발산사거리->오쇠삼거리,10707.0,37.54318,126.8123,13시,649.0
0,20181105.0,월,오정로(부천시계),B-26,유출,외발산사거리->오쇠삼거리,10707.0,37.54318,126.8123,14시,669.0
0,20181105.0,월,오정로(부천시계),B-26,유출,외발산사거리->오쇠삼거리,10707.0,37.54318,126.8123,15시,785.0
0,20181105.0,월,오정로(부천시계),B-26,유출,외발산사거리->오쇠삼거리,10707.0,37.54318,126.8123,16시,979.0
0,20181105.0,월,오정로(부천시계),B-26,유출,외발산사거리->오쇠삼거리,10707.0,37.54318,126.8123,17시,1218.0
0,20181105.0,월,오정로(부천시계),B-26,유출,외발산사거리->오쇠삼거리,10707.0,37.54318,126.8123,18시,1272.0
0,20181105.0,월,오정로(부천시계),B-26,유출,외발산사거리->오쇠삼거리,10707.0,37.54318,126.8123,19시,960.0
0,20181105.0,월,오정로(부천시계),B-26,유출,외발산사거리->오쇠삼거리,10707.0,37.54318,126.8123,20시,609.0
0,20181106.0,화,오정로(부천시계),B-26,유출,외발산사거리->오쇠삼거리,10887.0,37.54318,126.8123,8시,958.0
0,20181106.0,화,오정로(부천시계),B-26,유출,외발산사거리->오쇠삼거리,10887.0,37.54318,126.8123,9시,722.0
0,20181106.0,화,오정로(부천시계),B-26,유출,외발산사거리->오쇠삼거리,10887.0,37.54318,126.8123,10시,666.0
0,20181106.0,화,오정로(부천시계),B-26,유출,외발산사거리->오쇠삼거리,10887.0,37.54318,126.8123,11시,609.0
0,20181106.0,화,오정로(부천시계),B-26,유출,외발산사거리->오쇠삼거리,10887.0,37.54318,126.8123,12시,637.0
0,20181106.0,화,오정로(부천시계),B-26,유출,외발산사거리->오쇠삼거리,10887.0,37.54318,126.8123,13시,679.0
0,20181106.0,화,오정로(부천시계),B-26,유출,외발산사거리->오쇠삼거리,10887.0,37.54318,126.8123,14시,742.0
0,20181106.0,화,오정로(부천시계),B-26,유출,외발산사거리->오쇠삼거리,10887.0,37.54318,126.8123,15시,794.0
0,20181106.0,화,오정로(부천시계),B-26,유출,외발산사거리->오쇠삼거리,10887.0,37.54318,126.8123,16시,910.0
0,20181106.0,화,오정로(부천시계),B-26,유출,외발산사거리->오쇠삼거리,10887.0,37.54318,126.8123,17시,1268.0
0,20181106.0,화,오정로(부천시계),B-26,유출,외발산사거리->오쇠삼거리,10887.0,37.54318,126.8123,18시,1322.0
0,20181106.0,화,오정로(부천시계),B-26,유출,외발산사거리->오쇠삼거리,10887.0,37.54318,126.8123,19시,967.0
0,20181106.0,화,오정로(부천시계),B-26,유출,외발산사거리->오쇠삼거리,10887.0,37.54318,126.8123,20시,613.0
0,20181107.0,수,오정로(부천시계),B-26,유출,외발산사거리->오쇠삼거리,11039.0,37.54318,126.8123,8시,974.0
0,20181107.0,수,오정로(부천시계),B-26,유출,외발산사거리->오쇠삼거리,11039.0,37.54318,126.8123,9시,721.0
0,20181107.0,수,오정로(부천시계),B-26,유출,외발산사거리->오쇠삼거리,11039.0,37.54318,126.8123,10시,690.0
0,20181107.0,수,오정로(부천시계),B-26,유출,외발산사거리->오쇠삼거리,11039.0,37.54318,126.8123,11시,665.0
0,20181107.0,수,오정로(부천시계),B-26,유출,외발산사거리->오쇠삼거리,11039.0,37.54318,126.8123,12시,653.0
0,20181107.0,수,오정로(부천시계),B-26,유출,외발산사거리->오쇠삼거리,11039.0,37.54318,126.8123,13시,678.0
0,20181107.0,수,오정로(부천시계),B-26,유출,외발산사거리->오쇠삼거리,11039.0,37.54318,126.8123,14시,679.0
0,20181107.0,수,오정로(부천시계),B-26,유출,외발산사거리->오쇠삼거리,11039.0,37.54318,126.8123,15시,763.0
0,20181107.0,수,오정로(부천시계),B-26,유출,외발산사거리->오쇠삼거리,11039.0,37.54318,126.8123,16시,963.0
0,20181107.0,수,오정로(부천시계),B-26,유출,외발산사거리->오쇠삼거리,11039.0,37.54318,126.8123,17시,1279.0
0,20181107.0,수,오정로(부천시계),B-26,유출,외발산사거리->오쇠삼거리,11039.0,37.54318,126.8123,18시,1267.0
0,20181107.0,수,오정로(부천시계),B-26,유출,외발산사거리->오쇠삼거리,11039.0,37.54318,126.8123,19시,1056.0
0,20181107.0,수,오정로(부천시계),B-26,유출,외발산사거리->오쇠삼거리,11039.0,37.54318,126.8123,20시,651.0
0,20181108.0,목,오정로(부천시계),B-26,유출,외발산사거리->오쇠삼거리,10585.0,37.54318,126.8123,8시,965.0
0,20181108.0,목,오정로(부천시계),B-26,유출,외발산사거리->오쇠삼거리,10585.0,37.54318,126.8123,9시,733.0
0,20181108.0,목,오정로(부천시계),B-26,유출,외발산사거리->오쇠삼거리,10585.0,37.54318,126.8123,10시,631.0
0,20181108.0,목,오정로(부천시계),B-26,유출,외발산사거리->오쇠삼거리,10585.0,37.54318,126.8123,11시,676.0
0,20181108.0,목,오정로(부천시계),B-26,유출,외발산사거리->오쇠삼거리,10585.0,37.54318,126.8123,12시,669.0
0,20181108.0,목,오정로(부천시계),B-26,유출,외발산사거리->오쇠삼거리,10585.0,37.54318,126.8123,13시,664.0
0,20181108.0,목,오정로(부천시계),B-26,유출,외발산사거리->오쇠삼거리,10585.0,37.54318,126.8123,14시,720.0
0,20181108.0,목,오정로(부천시계),B-26,유출,외발산사거리->오쇠삼거리,10585.0,37.54318,126.8123,15시,738.0
0,20181108.0,목,오정로(부천시계),B-26,유출,외발산사거리->오쇠삼거리,10585.0,37.54318,126.8123,16시,929.0
0,20181108.0,목,오정로(부천시계),B-26,유출,외발산사거리->오쇠삼거리,10585.0,37.54318,126.8123,17시,1167.0
0,20181108.0,목,오정로(부천시계),B-26,유출,외발산사거리->오쇠삼거리,10585.0,37.54318,126.8123,18시,1197.0
0,20181108.0,목,오정로(부천시계),B-26,유출,외발산사거리->오쇠삼거리,10585.0,37.54318,126.8123,19시,862.0
0,20181108.0,목,오정로(부천시계),B-26,유출,외발산사거리->오쇠삼거리,10585.0,37.54318,126.8123,20시,634.0
0,20181109.0,금,오정로(부천시계),B-26,유출,외발산사거리->오쇠삼거리,11942.0,37.54318,126.8123,8시,1012.0
0,20181109.0,금,오정로(부천시계),B-26,유출,외발산사거리->오쇠삼거리,11942.0,37.54318,126.8123,9시,744.0
0,20181109.0,금,오정로(부천시계),B-26,유출,외발산사거리->오쇠삼거리,11942.0,37.54318,126.8123,10시,701.0
0,20181109.0,금,오정로(부천시계),B-26,유출,외발산사거리->오쇠삼거리,11942.0,37.54318,126.8123,11시,719.0
0,20181109.0,금,오정로(부천시계),B-26,유출,외발산사거리->오쇠삼거리,11942.0,37.54318,126.8123,12시,684.0
0,20181109.0,금,오정로(부천시계),B-26,유출,외발산사거리->오쇠삼거리,11942.0,37.54318,126.8123,13시,678.0
0,20181109.0,금,오정로(부천시계),B-26,유출,외발산사거리->오쇠삼거리,11942.0,37.54318,126.8123,14시,866.0
0,20181109.0,금,오정로(부천시계),B-26,유출,외발산사거리->오쇠삼거리,11942.0,37.54318,126.8123,15시,841.0
0,20181109.0,금,오정로(부천시계),B-26,유출,외발산사거리->오쇠삼거리,11942.0,37.54318,126.8123,16시,1211.0
0,20181109.0,금,오정로(부천시계),B-26,유출,외발산사거리->오쇠삼거리,11942.0,37.54318,126.8123,17시,1347.0
0,20181109.0,금,오정로(부천시계),B-26,유출,외발산사거리->오쇠삼거리,11942.0,37.54318,126.8123,18시,1190.0
0,20181109.0,금,오정로(부천시계),B-26,유출,외발산사거리->오쇠삼거리,11942.0,37.54318,126.8123,19시,1191.0
0,20181109.0,금,오정로(부천시계),B-26,유출,외발산사거리->오쇠삼거리,11942.0,37.54318,126.8123,20시,758.0
0,20181110.0,토,오정로(부천시계),B-26,유출,외발산사거리->오쇠삼거리,10574.0,37.54318,126.8123,8시,577.0
0,20181110.0,토,오정로(부천시계),B-26,유출,외발산사거리->오쇠삼거리,10574.0,37.54318,126.8123,9시,617.0
0,20181110.0,토,오정로(부천시계),B-26,유출,외발산사거리->오쇠삼거리,10574.0,37.54318,126.8123,10시,669.0
0,20181110.0,토,오정로(부천시계),B-26,유출,외발산사거리->오쇠삼거리,10574.0,37.54318,126.8123,11시,706.0
0,20181110.0,토,오정로(부천시계),B-26,유출,외발산사거리->오쇠삼거리,10574.0,37.54318,126.8123,12시,728.0
0,20181110.0,토,오정로(부천시계),B-26,유출,외발산사거리->오쇠삼거리,10574.0,37.54318,126.8123,13시,740.0
0,20181110.0,토,오정로(부천시계),B-26,유출,외발산사거리->오쇠삼거리,10574.0,37.54318,126.8123,14시,882.0
0,20181110.0,토,오정로(부천시계),B-26,유출,외발산사거리->오쇠삼거리,10574.0,37.54318,126.8123,15시,929.0
0,20181110.0,토,오정로(부천시계),B-26,유출,외발산사거리->오쇠삼거리,10574.0,37.54318,126.8123,16시,1071.0
0,20181110.0,토,오정로(부천시계),B-26,유출,외발산사거리->오쇠삼거리,10574.0,37.54318,126.8123,17시,1047.0
0,20181110.0,토,오정로(부천시계),B-26,유출,외발산사거리->오쇠삼거리,10574.0,37.54318,126.8123,18시,1134.0
0,20181110.0,토,오정로(부천시계),B-26,유출,외발산사거리->오쇠삼거리,10574.0,37.54318,126.8123,19시,857.0
0,20181110.0,토,오정로(부천시계),B-26,유출,외발산사거리->오쇠삼거리,10574.0,37.54318,126.8123,20시,617.0
0,20181111.0,일,오정로(부천시계),B-26,유출,외발산사거리->오쇠삼거리,8290.0,37.54318,126.8123,8시,383.0
0,20181111.0,일,오정로(부천시계),B-26,유출,외발산사거리->오쇠삼거리,8290.0,37.54318,126.8123,9시,444.0
0,20181111.0,일,오정로(부천시계),B-26,유출,외발산사거리->오쇠삼거리,8290.0,37.54318,126.8123,10시,481.0
0,20181111.0,일,오정로(부천시계),B-26,유출,외발산사거리->오쇠삼거리,8290.0,37.54318,126.8123,11시,504.0
0,20181111.0,일,오정로(부천시계),B-26,유출,외발산사거리->오쇠삼거리,8290.0,37.54318,126.8123,12시,570.0
0,20181111.0,일,오정로(부천시계),B-26,유출,외발산사거리->오쇠삼거리,8290.0,37.54318,126.8123,13시,596.0
0,20181111.0,일,오정로(부천시계),B-26,유출,외발산사거리->오쇠삼거리,8290.0,37.54318,126.8123,14시,729.0
0,20181111.0,일,오정로(부천시계),B-26,유출,외발산사거리->오쇠삼거리,8290.0,37.54318,126.8123,15시,785.0
0,20181111.0,일,오정로(부천시계),B-26,유출,외발산사거리->오쇠삼거리,8290.0,37.54318,126.8123,16시,946.0
0,20181111.0,일,오정로(부천시계),B-26,유출,외발산사거리->오쇠삼거리,8290.0,37.54318,126.8123,17시,904.0
0,20181111.0,일,오정로(부천시계),B-26,유출,외발산사거리->오쇠삼거리,8290.0,37.54318,126.8123,18시,877.0
0,20181111.0,일,오정로(부천시계),B-26,유출,외발산사거리->오쇠삼거리,8290.0,37.54318,126.8123,19시,576.0
0,20181111.0,일,오정로(부천시계),B-26,유출,외발산사거리->오쇠삼거리,8290.0,37.54318,126.8123,20시,495.0
0,20181112.0,월,오정로(부천시계),B-26,유출,외발산사거리->오쇠삼거리,11128.0,37.54318,126.8123,8시,1007.0
0,20181112.0,월,오정로(부천시계),B-26,유출,외발산사거리->오쇠삼거리,11128.0,37.54318,126.8123,9시,721.0
0,20181112.0,월,오정로(부천시계),B-26,유출,외발산사거리->오쇠삼거리,11128.0,37.54318,126.8123,10시,675.0
0,20181112.0,월,오정로(부천시계),B-26,유출,외발산사거리->오쇠삼거리,11128.0,37.54318,126.8123,11시,673.0
0,20181112.0,월,오정로(부천시계),B-26,유출,외발산사거리->오쇠삼거리,11128.0,37.54318,126.8123,12시,659.0
0,20181112.0,월,오정로(부천시계),B-26,유출,외발산사거리->오쇠삼거리,11128.0,37.54318,126.8123,13시,697.0
0,20181112.0,월,오정로(부천시계),B-26,유출,외발산사거리->오쇠삼거리,11128.0,37.54318,126.8123,14시,725.0
0,20181112.0,월,오정로(부천시계),B-26,유출,외발산사거리->오쇠삼거리,11128.0,37.54318,126.8123,15시,816.0
0,20181112.0,월,오정로(부천시계),B-26,유출,외발산사거리->오쇠삼거리,11128.0,37.54318,126.8123,16시,982.0
0,20181112.0,월,오정로(부천시계),B-26,유출,외발산사거리->오쇠삼거리,11128.0,37.54318,126.8123,17시,1281.0
0,20181112.0,월,오정로(부천시계),B-26,유출,외발산사거리->오쇠삼거리,11128.0,37.54318,126.8123,18시,1229.0
0,20181112.0,월,오정로(부천시계),B-26,유출,외발산사거리->오쇠삼거리,11128.0,37.54318,126.8123,19시,1044.0
0,20181112.0,월,오정로(부천시계),B-26,유출,외발산사거리->오쇠삼거리,11128.0,37.54318,126.8123,20시,619.0
0,20181113.0,화,오정로(부천시계),B-26,유출,외발산사거리->오쇠삼거리,11519.0,37.54318,126.8123,8시,1005.0
0,20181113.0,화,오정로(부천시계),B-26,유출,외발산사거리->오쇠삼거리,11519.0,37.54318,126.8123,9시,734.0
0,20181113.0,화,오정로(부천시계),B-26,유출,외발산사거리->오쇠삼거리,11519.0,37.54318,126.8123,10시,742.0
0,20181113.0,화,오정로(부천시계),B-26,유출,외발산사거리->오쇠삼거리,11519.0,37.54318,126.8123,11시,764.0
0,20181113.0,화,오정로(부천시계),B-26,유출,외발산사거리->오쇠삼거리,11519.0,37.54318,126.8123,12시,666.0
0,20181113.0,화,오정로(부천시계),B-26,유출,외발산사거리->오쇠삼거리,11519.0,37.54318,126.8123,13시,725.0
0,20181113.0,화,오정로(부천시계),B-26,유출,외발산사거리->오쇠삼거리,11519.0,37.54318,126.8123,14시,729.0
0,20181113.0,화,오정로(부천시계),B-26,유출,외발산사거리->오쇠삼거리,11519.0,37.54318,126.8123,15시,893.0
0,20181113.0,화,오정로(부천시계),B-26,유출,외발산사거리->오쇠삼거리,11519.0,37.54318,126.8123,16시,994.0
0,20181113.0,화,오정로(부천시계),B-26,유출,외발산사거리->오쇠삼거리,11519.0,37.54318,126.8123,17시,1276.0
0,20181113.0,화,오정로(부천시계),B-26,유출,외발산사거리->오쇠삼거리,11519.0,37.54318,126.8123,18시,1349.0
0,20181113.0,화,오정로(부천시계),B-26,유출,외발산사거리->오쇠삼거리,11519.0,37.54318,126.8123,19시,1016.0
0,20181113.0,화,오정로(부천시계),B-26,유출,외발산사거리->오쇠삼거리,11519.0,37.54318,126.8123,20시,626.0
0,20181114.0,수,오정로(부천시계),B-26,유출,외발산사거리->오쇠삼거리,11408.0,37.54318,126.8123,8시,989.0
0,20181114.0,수,오정로(부천시계),B-26,유출,외발산사거리->오쇠삼거리,11408.0,37.54318,126.8123,9시,762.0
0,20181114.0,수,오정로(부천시계),B-26,유출,외발산사거리->오쇠삼거리,11408.0,37.54318,126.8123,10시,713.0
0,20181114.0,수,오정로(부천시계),B-26,유출,외발산사거리->오쇠삼거리,11408.0,37.54318,126.8123,11시,691.0
0,20181114.0,수,오정로(부천시계),B-26,유출,외발산사거리->오쇠삼거리,11408.0,37.54318,126.8123,12시,681.0
0,20181114.0,수,오정로(부천시계),B-26,유출,외발산사거리->오쇠삼거리,11408.0,37.54318,126.8123,13시,673.0
0,20181114.0,수,오정로(부천시계),B-26,유출,외발산사거리->오쇠삼거리,11408.0,37.54318,126.8123,14시,732.0
0,20181114.0,수,오정로(부천시계),B-26,유출,외발산사거리->오쇠삼거리,11408.0,37.54318,126.8123,15시,859.0
0,20181114.0,수,오정로(부천시계),B-26,유출,외발산사거리->오쇠삼거리,11408.0,37.54318,126.8123,16시,1012.0
0,20181114.0,수,오정로(부천시계),B-26,유출,외발산사거리->오쇠삼거리,11408.0,37.54318,126.8123,17시,1284.0
0,20181114.0,수,오정로(부천시계),B-26,유출,외발산사거리->오쇠삼거리,11408.0,37.54318,126.8123,18시,1356.0
0,20181114.0,수,오정로(부천시계),B-26,유출,외발산사거리->오쇠삼거리,11408.0,37.54318,126.8123,19시,1036.0
0,20181114.0,수,오정로(부천시계),B-26,유출,외발산사거리->오쇠삼거리,11408.0,37.54318,126.8123,20시,620.0
0,20181115.0,목,오정로(부천시계),B-26,유출,외발산사거리->오쇠삼거리,11382.0,37.54318,126.8123,8시,928.0
0,20181115.0,목,오정로(부천시계),B-26,유출,외발산사거리->오쇠삼거리,11382.0,37.54318,126.8123,9시,965.0
0,20181115.0,목,오정로(부천시계),B-26,유출,외발산사거리->오쇠삼거리,11382.0,37.54318,126.8123,10시,707.0
0,20181115.0,목,오정로(부천시계),B-26,유출,외발산사거리->오쇠삼거리,11382.0,37.54318,126.8123,11시,715.0
0,20181115.0,목,오정로(부천시계),B-26,유출,외발산사거리->오쇠삼거리,11382.0,37.54318,126.8123,12시,644.0
0,20181115.0,목,오정로(부천시계),B-26,유출,외발산사거리->오쇠삼거리,11382.0,37.54318,126.8123,13시,683.0
0,20181115.0,목,오정로(부천시계),B-26,유출,외발산사거리->오쇠삼거리,11382.0,37.54318,126.8123,14시,732.0
0,20181115.0,목,오정로(부천시계),B-26,유출,외발산사거리->오쇠삼거리,11382.0,37.54318,126.8123,15시,760.0
0,20181115.0,목,오정로(부천시계),B-26,유출,외발산사거리->오쇠삼거리,11382.0,37.54318,126.8123,16시,1052.0
0,20181115.0,목,오정로(부천시계),B-26,유출,외발산사거리->오쇠삼거리,11382.0,37.54318,126.8123,17시,1238.0
0,20181115.0,목,오정로(부천시계),B-26,유출,외발산사거리->오쇠삼거리,11382.0,37.54318,126.8123,18시,1198.0
0,20181115.0,목,오정로(부천시계),B-26,유출,외발산사거리->오쇠삼거리,11382.0,37.54318,126.8123,19시,1146.0
0,20181115.0,목,오정로(부천시계),B-26,유출,외발산사거리->오쇠삼거리,11382.0,37.54318,126.8123,20시,614.0
0,20181116.0,금,오정로(부천시계),B-26,유출,외발산사거리->오쇠삼거리,12087.0,37.54318,126.8123,8시,975.0
0,20181116.0,금,오정로(부천시계),B-26,유출,외발산사거리->오쇠삼거리,12087.0,37.54318,126.8123,9시,783.0
0,20181116.0,금,오정로(부천시계),B-26,유출,외발산사거리->오쇠삼거리,12087.0,37.54318,126.8123,10시,811.0
0,20181116.0,금,오정로(부천시계),B-26,유출,외발산사거리->오쇠삼거리,12087.0,37.54318,126.8123,11시,752.0
0,20181116.0,금,오정로(부천시계),B-26,유출,외발산사거리->오쇠삼거리,12087.0,37.54318,126.8123,12시,666.0
0,20181116.0,금,오정로(부천시계),B-26,유출,외발산사거리->오쇠삼거리,12087.0,37.54318,126.8123,13시,720.0
0,20181116.0,금,오정로(부천시계),B-26,유출,외발산사거리->오쇠삼거리,12087.0,37.54318,126.8123,14시,817.0
0,20181116.0,금,오정로(부천시계),B-26,유출,외발산사거리->오쇠삼거리,12087.0,37.54318,126.8123,15시,910.0
0,20181116.0,금,오정로(부천시계),B-26,유출,외발산사거리->오쇠삼거리,12087.0,37.54318,126.8123,16시,1180.0
0,20181116.0,금,오정로(부천시계),B-26,유출,외발산사거리->오쇠삼거리,12087.0,37.54318,126.8123,17시,1246.0
0,20181116.0,금,오정로(부천시계),B-26,유출,외발산사거리->오쇠삼거리,12087.0,37.54318,126.8123,18시,1314.0
0,20181116.0,금,오정로(부천시계),B-26,유출,외발산사거리->오쇠삼거리,12087.0,37.54318,126.8123,19시,1089.0
0,20181116.0,금,오정로(부천시계),B-26,유출,외발산사거리->오쇠삼거리,12087.0,37.54318,126.8123,20시,824.0
0,20181117.0,토,오정로(부천시계),B-26,유출,외발산사거리->오쇠삼거리,10763.0,37.54318,126.8123,8시,629.0
0,20181117.0,토,오정로(부천시계),B-26,유출,외발산사거리->오쇠삼거리,10763.0,37.54318,126.8123,9시,665.0
0,20181117.0,토,오정로(부천시계),B-26,유출,외발산사거리->오쇠삼거리,10763.0,37.54318,126.8123,10시,689.0
0,20181117.0,토,오정로(부천시계),B-26,유출,외발산사거리->오쇠삼거리,10763.0,37.54318,126.8123,11시,770.0
0,20181117.0,토,오정로(부천시계),B-26,유출,외발산사거리->오쇠삼거리,10763.0,37.54318,126.8123,12시,739.0
0,20181117.0,토,오정로(부천시계),B-26,유출,외발산사거리->오쇠삼거리,10763.0,37.54318,126.8123,13시,828.0
0,20181117.0,토,오정로(부천시계),B-26,유출,외발산사거리->오쇠삼거리,10763.0,37.54318,126.8123,14시,957.0
0,20181117.0,토,오정로(부천시계),B-26,유출,외발산사거리->오쇠삼거리,10763.0,37.54318,126.8123,15시,921.0
0,20181117.0,토,오정로(부천시계),B-26,유출,외발산사거리->오쇠삼거리,10763.0,37.54318,126.8123,16시,1034.0
0,20181117.0,토,오정로(부천시계),B-26,유출,외발산사거리->오쇠삼거리,10763.0,37.54318,126.8123,17시,969.0
0,20181117.0,토,오정로(부천시계),B-26,유출,외발산사거리->오쇠삼거리,10763.0,37.54318,126.8123,18시,1128.0
0,20181117.0,토,오정로(부천시계),B-26,유출,외발산사거리->오쇠삼거리,10763.0,37.54318,126.8123,19시,829.0
0,20181117.0,토,오정로(부천시계),B-26,유출,외발산사거리->오쇠삼거리,10763.0,37.54318,126.8123,20시,605.0
0,20181118.0,일,오정로(부천시계),B-26,유출,외발산사거리->오쇠삼거리,8268.0,37.54318,126.8123,8시,405.0
0,20181118.0,일,오정로(부천시계),B-26,유출,외발산사거리->오쇠삼거리,8268.0,37.54318,126.8123,9시,426.0
0,20181118.0,일,오정로(부천시계),B-26,유출,외발산사거리->오쇠삼거리,8268.0,37.54318,126.8123,10시,506.0
0,20181118.0,일,오정로(부천시계),B-26,유출,외발산사거리->오쇠삼거리,8268.0,37.54318,126.8123,11시,534.0
0,20181118.0,일,오정로(부천시계),B-26,유출,외발산사거리->오쇠삼거리,8268.0,37.54318,126.8123,12시,568.0
0,20181118.0,일,오정로(부천시계),B-26,유출,외발산사거리->오쇠삼거리,8268.0,37.54318,126.8123,13시,635.0
0,20181118.0,일,오정로(부천시계),B-26,유출,외발산사거리->오쇠삼거리,8268.0,37.54318,126.8123,14시,725.0
0,20181118.0,일,오정로(부천시계),B-26,유출,외발산사거리->오쇠삼거리,8268.0,37.54318,126.8123,15시,778.0
0,20181118.0,일,오정로(부천시계),B-26,유출,외발산사거리->오쇠삼거리,8268.0,37.54318,126.8123,16시,892.0
0,20181118.0,일,오정로(부천시계),B-26,유출,외발산사거리->오쇠삼거리,8268.0,37.54318,126.8123,17시,886.0
0,20181118.0,일,오정로(부천시계),B-26,유출,외발산사거리->오쇠삼거리,8268.0,37.54318,126.8123,18시,845.0
0,20181118.0,일,오정로(부천시계),B-26,유출,외발산사거리->오쇠삼거리,8268.0,37.54318,126.8123,19시,604.0
0,20181118.0,일,오정로(부천시계),B-26,유출,외발산사거리->오쇠삼거리,8268.0,37.54318,126.8123,20시,464.0
0,20181119.0,월,오정로(부천시계),B-26,유출,외발산사거리->오쇠삼거리,11076.0,37.54318,126.8123,8시,1008.0
0,20181119.0,월,오정로(부천시계),B-26,유출,외발산사거리->오쇠삼거리,11076.0,37.54318,126.8123,9시,669.0
0,20181119.0,월,오정로(부천시계),B-26,유출,외발산사거리->오쇠삼거리,11076.0,37.54318,126.8123,10시,634.0
0,20181119.0,월,오정로(부천시계),B-26,유출,외발산사거리->오쇠삼거리,11076.0,37.54318,126.8123,11시,694.0
0,20181119.0,월,오정로(부천시계),B-26,유출,외발산사거리->오쇠삼거리,11076.0,37.54318,126.8123,12시,652.0
0,20181119.0,월,오정로(부천시계),B-26,유출,외발산사거리->오쇠삼거리,11076.0,37.54318,126.8123,13시,705.0
0,20181119.0,월,오정로(부천시계),B-26,유출,외발산사거리->오쇠삼거리,11076.0,37.54318,126.8123,14시,742.0
0,20181119.0,월,오정로(부천시계),B-26,유출,외발산사거리->오쇠삼거리,11076.0,37.54318,126.8123,15시,856.0
0,20181119.0,월,오정로(부천시계),B-26,유출,외발산사거리->오쇠삼거리,11076.0,37.54318,126.8123,16시,941.0
0,20181119.0,월,오정로(부천시계),B-26,유출,외발산사거리->오쇠삼거리,11076.0,37.54318,126.8123,17시,1280.0
0,20181119.0,월,오정로(부천시계),B-26,유출,외발산사거리->오쇠삼거리,11076.0,37.54318,126.8123,18시,1325.0
0,20181119.0,월,오정로(부천시계),B-26,유출,외발산사거리->오쇠삼거리,11076.0,37.54318,126.8123,19시,974.0
0,20181119.0,월,오정로(부천시계),B-26,유출,외발산사거리->오쇠삼거리,11076.0,37.54318,126.8123,20시,596.0
0,20181120.0,화,오정로(부천시계),B-26,유출,외발산사거리->오쇠삼거리,11414.0,37.54318,126.8123,8시,951.0
0,20181120.0,화,오정로(부천시계),B-26,유출,외발산사거리->오쇠삼거리,11414.0,37.54318,126.8123,9시,699.0
0,20181120.0,화,오정로(부천시계),B-26,유출,외발산사거리->오쇠삼거리,11414.0,37.54318,126.8123,10시,692.0
0,20181120.0,화,오정로(부천시계),B-26,유출,외발산사거리->오쇠삼거리,11414.0,37.54318,126.8123,11시,791.0
0,20181120.0,화,오정로(부천시계),B-26,유출,외발산사거리->오쇠삼거리,11414.0,37.54318,126.8123,12시,705.0
0,20181120.0,화,오정로(부천시계),B-26,유출,외발산사거리->오쇠삼거리,11414.0,37.54318,126.8123,13시,694.0
0,20181120.0,화,오정로(부천시계),B-26,유출,외발산사거리->오쇠삼거리,11414.0,37.54318,126.8123,14시,736.0
0,20181120.0,화,오정로(부천시계),B-26,유출,외발산사거리->오쇠삼거리,11414.0,37.54318,126.8123,15시,870.0
0,20181120.0,화,오정로(부천시계),B-26,유출,외발산사거리->오쇠삼거리,11414.0,37.54318,126.8123,16시,1017.0
0,20181120.0,화,오정로(부천시계),B-26,유출,외발산사거리->오쇠삼거리,11414.0,37.54318,126.8123,17시,1313.0
0,20181120.0,화,오정로(부천시계),B-26,유출,외발산사거리->오쇠삼거리,11414.0,37.54318,126.8123,18시,1374.0
0,20181120.0,화,오정로(부천시계),B-26,유출,외발산사거리->오쇠삼거리,11414.0,37.54318,126.8123,19시,964.0
0,20181120.0,화,오정로(부천시계),B-26,유출,외발산사거리->오쇠삼거리,11414.0,37.54318,126.8123,20시,608.0
0,20181121.0,수,오정로(부천시계),B-26,유출,외발산사거리->오쇠삼거리,11254.0,37.54318,126.8123,8시,1028.0
0,20181121.0,수,오정로(부천시계),B-26,유출,외발산사거리->오쇠삼거리,11254.0,37.54318,126.8123,9시,712.0
0,20181121.0,수,오정로(부천시계),B-26,유출,외발산사거리->오쇠삼거리,11254.0,37.54318,126.8123,10시,684.0
0,20181121.0,수,오정로(부천시계),B-26,유출,외발산사거리->오쇠삼거리,11254.0,37.54318,126.8123,11시,700.0
0,20181121.0,수,오정로(부천시계),B-26,유출,외발산사거리->오쇠삼거리,11254.0,37.54318,126.8123,12시,683.0
0,20181121.0,수,오정로(부천시계),B-26,유출,외발산사거리->오쇠삼거리,11254.0,37.54318,126.8123,13시,665.0
0,20181121.0,수,오정로(부천시계),B-26,유출,외발산사거리->오쇠삼거리,11254.0,37.54318,126.8123,14시,746.0
0,20181121.0,수,오정로(부천시계),B-26,유출,외발산사거리->오쇠삼거리,11254.0,37.54318,126.8123,15시,807.0
0,20181121.0,수,오정로(부천시계),B-26,유출,외발산사거리->오쇠삼거리,11254.0,37.54318,126.8123,16시,1034.0
0,20181121.0,수,오정로(부천시계),B-26,유출,외발산사거리->오쇠삼거리,11254.0,37.54318,126.8123,17시,1271.0
0,20181121.0,수,오정로(부천시계),B-26,유출,외발산사거리->오쇠삼거리,11254.0,37.54318,126.8123,18시,1351.0
0,20181121.0,수,오정로(부천시계),B-26,유출,외발산사거리->오쇠삼거리,11254.0,37.54318,126.8123,19시,964.0
0,20181121.0,수,오정로(부천시계),B-26,유출,외발산사거리->오쇠삼거리,11254.0,37.54318,126.8123,20시,609.0
0,20181122.0,목,오정로(부천시계),B-26,유출,외발산사거리->오쇠삼거리,11315.0,37.54318,126.8123,8시,984.0
0,20181122.0,목,오정로(부천시계),B-26,유출,외발산사거리->오쇠삼거리,11315.0,37.54318,126.8123,9시,746.0
0,20181122.0,목,오정로(부천시계),B-26,유출,외발산사거리->오쇠삼거리,11315.0,37.54318,126.8123,10시,714.0
0,20181122.0,목,오정로(부천시계),B-26,유출,외발산사거리->오쇠삼거리,11315.0,37.54318,126.8123,11시,732.0
0,20181122.0,목,오정로(부천시계),B-26,유출,외발산사거리->오쇠삼거리,11315.0,37.54318,126.8123,12시,599.0
0,20181122.0,목,오정로(부천시계),B-26,유출,외발산사거리->오쇠삼거리,11315.0,37.54318,126.8123,13시,686.0
0,20181122.0,목,오정로(부천시계),B-26,유출,외발산사거리->오쇠삼거리,11315.0,37.54318,126.8123,14시,827.0
0,20181122.0,목,오정로(부천시계),B-26,유출,외발산사거리->오쇠삼거리,11315.0,37.54318,126.8123,15시,819.0
0,20181122.0,목,오정로(부천시계),B-26,유출,외발산사거리->오쇠삼거리,11315.0,37.54318,126.8123,16시,1099.0
0,20181122.0,목,오정로(부천시계),B-26,유출,외발산사거리->오쇠삼거리,11315.0,37.54318,126.8123,17시,1238.0
0,20181122.0,목,오정로(부천시계),B-26,유출,외발산사거리->오쇠삼거리,11315.0,37.54318,126.8123,18시,1257.0
0,20181122.0,목,오정로(부천시계),B-26,유출,외발산사거리->오쇠삼거리,11315.0,37.54318,126.8123,19시,1025.0
0,20181122.0,목,오정로(부천시계),B-26,유출,외발산사거리->오쇠삼거리,11315.0,37.54318,126.8123,20시,589.0
0,20181123.0,금,오정로(부천시계),B-26,유출,외발산사거리->오쇠삼거리,12099.0,37.54318,126.8123,8시,966.0
0,20181123.0,금,오정로(부천시계),B-26,유출,외발산사거리->오쇠삼거리,12099.0,37.54318,126.8123,9시,708.0
0,20181123.0,금,오정로(부천시계),B-26,유출,외발산사거리->오쇠삼거리,12099.0,37.54318,126.8123,10시,719.0
0,20181123.0,금,오정로(부천시계),B-26,유출,외발산사거리->오쇠삼거리,12099.0,37.54318,126.8123,11시,775.0
0,20181123.0,금,오정로(부천시계),B-26,유출,외발산사거리->오쇠삼거리,12099.0,37.54318,126.8123,12시,693.0
0,20181123.0,금,오정로(부천시계),B-26,유출,외발산사거리->오쇠삼거리,12099.0,37.54318,126.8123,13시,791.0
0,20181123.0,금,오정로(부천시계),B-26,유출,외발산사거리->오쇠삼거리,12099.0,37.54318,126.8123,14시,852.0
0,20181123.0,금,오정로(부천시계),B-26,유출,외발산사거리->오쇠삼거리,12099.0,37.54318,126.8123,15시,953.0
0,20181123.0,금,오정로(부천시계),B-26,유출,외발산사거리->오쇠삼거리,12099.0,37.54318,126.8123,16시,1138.0
0,20181123.0,금,오정로(부천시계),B-26,유출,외발산사거리->오쇠삼거리,12099.0,37.54318,126.8123,17시,1160.0
0,20181123.0,금,오정로(부천시계),B-26,유출,외발산사거리->오쇠삼거리,12099.0,37.54318,126.8123,18시,1419.0
0,20181123.0,금,오정로(부천시계),B-26,유출,외발산사거리->오쇠삼거리,12099.0,37.54318,126.8123,19시,1130.0
0,20181123.0,금,오정로(부천시계),B-26,유출,외발산사거리->오쇠삼거리,12099.0,37.54318,126.8123,20시,795.0
0,20181124.0,토,오정로(부천시계),B-26,유출,외발산사거리->오쇠삼거리,9219.0,37.54318,126.8123,8시,505.0
0,20181124.0,토,오정로(부천시계),B-26,유출,외발산사거리->오쇠삼거리,9219.0,37.54318,126.8123,9시,571.0
0,20181124.0,토,오정로(부천시계),B-26,유출,외발산사거리->오쇠삼거리,9219.0,37.54318,126.8123,10시,642.0
0,20181124.0,토,오정로(부천시계),B-26,유출,외발산사거리->오쇠삼거리,9219.0,37.54318,126.8123,11시,710.0
0,20181124.0,토,오정로(부천시계),B-26,유출,외발산사거리->오쇠삼거리,9219.0,37.54318,126.8123,12시,631.0
0,20181124.0,토,오정로(부천시계),B-26,유출,외발산사거리->오쇠삼거리,9219.0,37.54318,126.8123,13시,687.0
0,20181124.0,토,오정로(부천시계),B-26,유출,외발산사거리->오쇠삼거리,9219.0,37.54318,126.8123,14시,745.0
0,20181124.0,토,오정로(부천시계),B-26,유출,외발산사거리->오쇠삼거리,9219.0,37.54318,126.8123,15시,840.0
0,20181124.0,토,오정로(부천시계),B-26,유출,외발산사거리->오쇠삼거리,9219.0,37.54318,126.8123,16시,1024.0
0,20181124.0,토,오정로(부천시계),B-26,유출,외발산사거리->오쇠삼거리,9219.0,37.54318,126.8123,17시,988.0
0,20181124.0,토,오정로(부천시계),B-26,유출,외발산사거리->오쇠삼거리,9219.0,37.54318,126.8123,18시,845.0
0,20181124.0,토,오정로(부천시계),B-26,유출,외발산사거리->오쇠삼거리,9219.0,37.54318,126.8123,19시,553.0
0,20181124.0,토,오정로(부천시계),B-26,유출,외발산사거리->오쇠삼거리,9219.0,37.54318,126.8123,20시,478.0
0,20181125.0,일,오정로(부천시계),B-26,유출,외발산사거리->오쇠삼거리,8233.0,37.54318,126.8123,8시,342.0
0,20181125.0,일,오정로(부천시계),B-26,유출,외발산사거리->오쇠삼거리,8233.0,37.54318,126.8123,9시,430.0
0,20181125.0,일,오정로(부천시계),B-26,유출,외발산사거리->오쇠삼거리,8233.0,37.54318,126.8123,10시,506.0
0,20181125.0,일,오정로(부천시계),B-26,유출,외발산사거리->오쇠삼거리,8233.0,37.54318,126.8123,11시,523.0
0,20181125.0,일,오정로(부천시계),B-26,유출,외발산사거리->오쇠삼거리,8233.0,37.54318,126.8123,12시,538.0
0,20181125.0,일,오정로(부천시계),B-26,유출,외발산사거리->오쇠삼거리,8233.0,37.54318,126.8123,13시,660.0
0,20181125.0,일,오정로(부천시계),B-26,유출,외발산사거리->오쇠삼거리,8233.0,37.54318,126.8123,14시,708.0
0,20181125.0,일,오정로(부천시계),B-26,유출,외발산사거리->오쇠삼거리,8233.0,37.54318,126.8123,15시,798.0
0,20181125.0,일,오정로(부천시계),B-26,유출,외발산사거리->오쇠삼거리,8233.0,37.54318,126.8123,16시,873.0
0,20181125.0,일,오정로(부천시계),B-26,유출,외발산사거리->오쇠삼거리,8233.0,37.54318,126.8123,17시,909.0
0,20181125.0,일,오정로(부천시계),B-26,유출,외발산사거리->오쇠삼거리,8233.0,37.54318,126.8123,18시,831.0
0,20181125.0,일,오정로(부천시계),B-26,유출,외발산사거리->오쇠삼거리,8233.0,37.54318,126.8123,19시,631.0
0,20181125.0,일,오정로(부천시계),B-26,유출,외발산사거리->오쇠삼거리,8233.0,37.54318,126.8123,20시,484.0
0,20181126.0,월,오정로(부천시계),B-26,유출,외발산사거리->오쇠삼거리,11060.0,37.54318,126.8123,8시,944.0
0,20181126.0,월,오정로(부천시계),B-26,유출,외발산사거리->오쇠삼거리,11060.0,37.54318,126.8123,9시,679.0
0,20181126.0,월,오정로(부천시계),B-26,유출,외발산사거리->오쇠삼거리,11060.0,37.54318,126.8123,10시,658.0
0,20181126.0,월,오정로(부천시계),B-26,유출,외발산사거리->오쇠삼거리,11060.0,37.54318,126.8123,11시,684.0
0,20181126.0,월,오정로(부천시계),B-26,유출,외발산사거리->오쇠삼거리,11060.0,37.54318,126.8123,12시,626.0
0,20181126.0,월,오정로(부천시계),B-26,유출,외발산사거리->오쇠삼거리,11060.0,37.54318,126.8123,13시,717.0
0,20181126.0,월,오정로(부천시계),B-26,유출,외발산사거리->오쇠삼거리,11060.0,37.54318,126.8123,14시,695.0
0,20181126.0,월,오정로(부천시계),B-26,유출,외발산사거리->오쇠삼거리,11060.0,37.54318,126.8123,15시,800.0
0,20181126.0,월,오정로(부천시계),B-26,유출,외발산사거리->오쇠삼거리,11060.0,37.54318,126.8123,16시,1043.0
0,20181126.0,월,오정로(부천시계),B-26,유출,외발산사거리->오쇠삼거리,11060.0,37.54318,126.8123,17시,1310.0
0,20181126.0,월,오정로(부천시계),B-26,유출,외발산사거리->오쇠삼거리,11060.0,37.54318,126.8123,18시,1252.0
0,20181126.0,월,오정로(부천시계),B-26,유출,외발산사거리->오쇠삼거리,11060.0,37.54318,126.8123,19시,1043.0
0,20181126.0,월,오정로(부천시계),B-26,유출,외발산사거리->오쇠삼거리,11060.0,37.54318,126.8123,20시,609.0
0,20181127.0,화,오정로(부천시계),B-26,유출,외발산사거리->오쇠삼거리,11197.0,37.54318,126.8123,8시,971.0
0,20181127.0,화,오정로(부천시계),B-26,유출,외발산사거리->오쇠삼거리,11197.0,37.54318,126.8123,9시,735.0
0,20181127.0,화,오정로(부천시계),B-26,유출,외발산사거리->오쇠삼거리,11197.0,37.54318,126.8123,10시,726.0
0,20181127.0,화,오정로(부천시계),B-26,유출,외발산사거리->오쇠삼거리,11197.0,37.54318,126.8123,11시,698.0
0,20181127.0,화,오정로(부천시계),B-26,유출,외발산사거리->오쇠삼거리,11197.0,37.54318,126.8123,12시,682.0
0,20181127.0,화,오정로(부천시계),B-26,유출,외발산사거리->오쇠삼거리,11197.0,37.54318,126.8123,13시,645.0
0,20181127.0,화,오정로(부천시계),B-26,유출,외발산사거리->오쇠삼거리,11197.0,37.54318,126.8123,14시,757.0
0,20181127.0,화,오정로(부천시계),B-26,유출,외발산사거리->오쇠삼거리,11197.0,37.54318,126.8123,15시,806.0
0,20181127.0,화,오정로(부천시계),B-26,유출,외발산사거리->오쇠삼거리,11197.0,37.54318,126.8123,16시,1022.0
0,20181127.0,화,오정로(부천시계),B-26,유출,외발산사거리->오쇠삼거리,11197.0,37.54318,126.8123,17시,1219.0
0,20181127.0,화,오정로(부천시계),B-26,유출,외발산사거리->오쇠삼거리,11197.0,37.54318,126.8123,18시,1299.0
0,20181127.0,화,오정로(부천시계),B-26,유출,외발산사거리->오쇠삼거리,11197.0,37.54318,126.8123,19시,1004.0
0,20181127.0,화,오정로(부천시계),B-26,유출,외발산사거리->오쇠삼거리,11197.0,37.54318,126.8123,20시,633.0
0,20181128.0,수,오정로(부천시계),B-26,유출,외발산사거리->오쇠삼거리,11041.0,37.54318,126.8123,8시,998.0
0,20181128.0,수,오정로(부천시계),B-26,유출,외발산사거리->오쇠삼거리,11041.0,37.54318,126.8123,9시,534.0
0,20181128.0,수,오정로(부천시계),B-26,유출,외발산사거리->오쇠삼거리,11041.0,37.54318,126.8123,10시,700.0
0,20181128.0,수,오정로(부천시계),B-26,유출,외발산사거리->오쇠삼거리,11041.0,37.54318,126.8123,11시,692.0
0,20181128.0,수,오정로(부천시계),B-26,유출,외발산사거리->오쇠삼거리,11041.0,37.54318,126.8123,12시,640.0
0,20181128.0,수,오정로(부천시계),B-26,유출,외발산사거리->오쇠삼거리,11041.0,37.54318,126.8123,13시,679.0
0,20181128.0,수,오정로(부천시계),B-26,유출,외발산사거리->오쇠삼거리,11041.0,37.54318,126.8123,14시,721.0
0,20181128.0,수,오정로(부천시계),B-26,유출,외발산사거리->오쇠삼거리,11041.0,37.54318,126.8123,15시,807.0
0,20181128.0,수,오정로(부천시계),B-26,유출,외발산사거리->오쇠삼거리,11041.0,37.54318,126.8123,16시,976.0
0,20181128.0,수,오정로(부천시계),B-26,유출,외발산사거리->오쇠삼거리,11041.0,37.54318,126.8123,17시,1272.0
0,20181128.0,수,오정로(부천시계),B-26,유출,외발산사거리->오쇠삼거리,11041.0,37.54318,126.8123,18시,1268.0
0,20181128.0,수,오정로(부천시계),B-26,유출,외발산사거리->오쇠삼거리,11041.0,37.54318,126.8123,19시,1129.0
0,20181128.0,수,오정로(부천시계),B-26,유출,외발산사거리->오쇠삼거리,11041.0,37.54318,126.8123,20시,625.0
0,20181129.0,목,오정로(부천시계),B-26,유출,외발산사거리->오쇠삼거리,11287.0,37.54318,126.8123,8시,979.0
0,20181129.0,목,오정로(부천시계),B-26,유출,외발산사거리->오쇠삼거리,11287.0,37.54318,126.8123,9시,753.0
0,20181129.0,목,오정로(부천시계),B-26,유출,외발산사거리->오쇠삼거리,11287.0,37.54318,126.8123,10시,680.0
0,20181129.0,목,오정로(부천시계),B-26,유출,외발산사거리->오쇠삼거리,11287.0,37.54318,126.8123,11시,714.0
0,20181129.0,목,오정로(부천시계),B-26,유출,외발산사거리->오쇠삼거리,11287.0,37.54318,126.8123,12시,701.0
0,20181129.0,목,오정로(부천시계),B-26,유출,외발산사거리->오쇠삼거리,11287.0,37.54318,126.8123,13시,721.0
0,20181129.0,목,오정로(부천시계),B-26,유출,외발산사거리->오쇠삼거리,11287.0,37.54318,126.8123,14시,787.0
0,20181129.0,목,오정로(부천시계),B-26,유출,외발산사거리->오쇠삼거리,11287.0,37.54318,126.8123,15시,826.0
0,20181129.0,목,오정로(부천시계),B-26,유출,외발산사거리->오쇠삼거리,11287.0,37.54318,126.8123,16시,1024.0
0,20181129.0,목,오정로(부천시계),B-26,유출,외발산사거리->오쇠삼거리,11287.0,37.54318,126.8123,17시,1270.0
0,20181129.0,목,오정로(부천시계),B-26,유출,외발산사거리->오쇠삼거리,11287.0,37.54318,126.8123,18시,1189.0
0,20181129.0,목,오정로(부천시계),B-26,유출,외발산사거리->오쇠삼거리,11287.0,37.54318,126.8123,19시,1039.0
0,20181129.0,목,오정로(부천시계),B-26,유출,외발산사거리->오쇠삼거리,11287.0,37.54318,126.8123,20시,604.0
0,20181130.0,금,오정로(부천시계),B-26,유출,외발산사거리->오쇠삼거리,11839.0,37.54318,126.8123,8시,934.0
0,20181130.0,금,오정로(부천시계),B-26,유출,외발산사거리->오쇠삼거리,11839.0,37.54318,126.8123,9시,750.0
0,20181130.0,금,오정로(부천시계),B-26,유출,외발산사거리->오쇠삼거리,11839.0,37.54318,126.8123,10시,764.0
0,20181130.0,금,오정로(부천시계),B-26,유출,외발산사거리->오쇠삼거리,11839.0,37.54318,126.8123,11시,735.0
0,20181130.0,금,오정로(부천시계),B-26,유출,외발산사거리->오쇠삼거리,11839.0,37.54318,126.8123,12시,718.0
0,20181130.0,금,오정로(부천시계),B-26,유출,외발산사거리->오쇠삼거리,11839.0,37.54318,126.8123,13시,724.0
0,20181130.0,금,오정로(부천시계),B-26,유출,외발산사거리->오쇠삼거리,11839.0,37.54318,126.8123,14시,800.0
0,20181130.0,금,오정로(부천시계),B-26,유출,외발산사거리->오쇠삼거리,11839.0,37.54318,126.8123,15시,893.0
0,20181130.0,금,오정로(부천시계),B-26,유출,외발산사거리->오쇠삼거리,11839.0,37.54318,126.8123,16시,1078.0
0,20181130.0,금,오정로(부천시계),B-26,유출,외발산사거리->오쇠삼거리,11839.0,37.54318,126.8123,17시,1321.0
0,20181130.0,금,오정로(부천시계),B-26,유출,외발산사거리->오쇠삼거리,11839.0,37.54318,126.8123,18시,1243.0
0,20181130.0,금,오정로(부천시계),B-26,유출,외발산사거리->오쇠삼거리,11839.0,37.54318,126.8123,19시,1153.0
0,20181130.0,금,오정로(부천시계),B-26,유출,외발산사거리->오쇠삼거리,11839.0,37.54318,126.8123,20시,726.0
0,20181201.0,토,오정로(부천시계),B-26,유입,오쇠삼거리->외발산사거리,7758.0,37.54318,126.8123,8시,583.0
0,20181201.0,토,오정로(부천시계),B-26,유입,오쇠삼거리->외발산사거리,7758.0,37.54318,126.8123,9시,664.0
0,20181201.0,토,오정로(부천시계),B-26,유입,오쇠삼거리->외발산사거리,7758.0,37.54318,126.8123,10시,631.0
0,20181201.0,토,오정로(부천시계),B-26,유입,오쇠삼거리->외발산사거리,7758.0,37.54318,126.8123,11시,657.0
0,20181201.0,토,오정로(부천시계),B-26,유입,오쇠삼거리->외발산사거리,7758.0,37.54318,126.8123,12시,671.0
0,20181201.0,토,오정로(부천시계),B-26,유입,오쇠삼거리->외발산사거리,7758.0,37.54318,126.8123,13시,639.0
0,20181201.0,토,오정로(부천시계),B-26,유입,오쇠삼거리->외발산사거리,7758.0,37.54318,126.8123,14시,677.0
0,20181201.0,토,오정로(부천시계),B-26,유입,오쇠삼거리->외발산사거리,7758.0,37.54318,126.8123,15시,671.0
0,20181201.0,토,오정로(부천시계),B-26,유입,오쇠삼거리->외발산사거리,7758.0,37.54318,126.8123,16시,660.0
0,20181201.0,토,오정로(부천시계),B-26,유입,오쇠삼거리->외발산사거리,7758.0,37.54318,126.8123,17시,709.0
0,20181201.0,토,오정로(부천시계),B-26,유입,오쇠삼거리->외발산사거리,7758.0,37.54318,126.8123,18시,509.0
0,20181201.0,토,오정로(부천시계),B-26,유입,오쇠삼거리->외발산사거리,7758.0,37.54318,126.8123,19시,374.0
0,20181201.0,토,오정로(부천시계),B-26,유입,오쇠삼거리->외발산사거리,7758.0,37.54318,126.8123,20시,313.0
0,20181202.0,일,오정로(부천시계),B-26,유입,오쇠삼거리->외발산사거리,6111.0,37.54318,126.8123,8시,335.0
0,20181202.0,일,오정로(부천시계),B-26,유입,오쇠삼거리->외발산사거리,6111.0,37.54318,126.8123,9시,402.0
0,20181202.0,일,오정로(부천시계),B-26,유입,오쇠삼거리->외발산사거리,6111.0,37.54318,126.8123,10시,487.0
0,20181202.0,일,오정로(부천시계),B-26,유입,오쇠삼거리->외발산사거리,6111.0,37.54318,126.8123,11시,518.0
0,20181202.0,일,오정로(부천시계),B-26,유입,오쇠삼거리->외발산사거리,6111.0,37.54318,126.8123,12시,519.0
0,20181202.0,일,오정로(부천시계),B-26,유입,오쇠삼거리->외발산사거리,6111.0,37.54318,126.8123,13시,603.0
0,20181202.0,일,오정로(부천시계),B-26,유입,오쇠삼거리->외발산사거리,6111.0,37.54318,126.8123,14시,576.0
0,20181202.0,일,오정로(부천시계),B-26,유입,오쇠삼거리->외발산사거리,6111.0,37.54318,126.8123,15시,527.0
0,20181202.0,일,오정로(부천시계),B-26,유입,오쇠삼거리->외발산사거리,6111.0,37.54318,126.8123,16시,524.0
0,20181202.0,일,오정로(부천시계),B-26,유입,오쇠삼거리->외발산사거리,6111.0,37.54318,126.8123,17시,501.0
0,20181202.0,일,오정로(부천시계),B-26,유입,오쇠삼거리->외발산사거리,6111.0,37.54318,126.8123,18시,440.0
0,20181202.0,일,오정로(부천시계),B-26,유입,오쇠삼거리->외발산사거리,6111.0,37.54318,126.8123,19시,360.0
0,20181202.0,일,오정로(부천시계),B-26,유입,오쇠삼거리->외발산사거리,6111.0,37.54318,126.8123,20시,319.0
0,20181203.0,월,오정로(부천시계),B-26,유입,오쇠삼거리->외발산사거리,7358.0,37.54318,126.8123,8시,825.0
0,20181203.0,월,오정로(부천시계),B-26,유입,오쇠삼거리->외발산사거리,7358.0,37.54318,126.8123,9시,649.0
0,20181203.0,월,오정로(부천시계),B-26,유입,오쇠삼거리->외발산사거리,7358.0,37.54318,126.8123,10시,566.0
0,20181203.0,월,오정로(부천시계),B-26,유입,오쇠삼거리->외발산사거리,7358.0,37.54318,126.8123,11시,599.0
0,20181203.0,월,오정로(부천시계),B-26,유입,오쇠삼거리->외발산사거리,7358.0,37.54318,126.8123,12시,519.0
0,20181203.0,월,오정로(부천시계),B-26,유입,오쇠삼거리->외발산사거리,7358.0,37.54318,126.8123,13시,545.0
0,20181203.0,월,오정로(부천시계),B-26,유입,오쇠삼거리->외발산사거리,7358.0,37.54318,126.8123,14시,529.0
0,20181203.0,월,오정로(부천시계),B-26,유입,오쇠삼거리->외발산사거리,7358.0,37.54318,126.8123,15시,526.0
0,20181203.0,월,오정로(부천시계),B-26,유입,오쇠삼거리->외발산사거리,7358.0,37.54318,126.8123,16시,538.0
0,20181203.0,월,오정로(부천시계),B-26,유입,오쇠삼거리->외발산사거리,7358.0,37.54318,126.8123,17시,673.0
0,20181203.0,월,오정로(부천시계),B-26,유입,오쇠삼거리->외발산사거리,7358.0,37.54318,126.8123,18시,569.0
0,20181203.0,월,오정로(부천시계),B-26,유입,오쇠삼거리->외발산사거리,7358.0,37.54318,126.8123,19시,463.0
0,20181203.0,월,오정로(부천시계),B-26,유입,오쇠삼거리->외발산사거리,7358.0,37.54318,126.8123,20시,357.0
0,20181204.0,화,오정로(부천시계),B-26,유입,오쇠삼거리->외발산사거리,7553.0,37.54318,126.8123,8시,799.0
0,20181204.0,화,오정로(부천시계),B-26,유입,오쇠삼거리->외발산사거리,7553.0,37.54318,126.8123,9시,658.0
0,20181204.0,화,오정로(부천시계),B-26,유입,오쇠삼거리->외발산사거리,7553.0,37.54318,126.8123,10시,647.0
0,20181204.0,화,오정로(부천시계),B-26,유입,오쇠삼거리->외발산사거리,7553.0,37.54318,126.8123,11시,654.0
0,20181204.0,화,오정로(부천시계),B-26,유입,오쇠삼거리->외발산사거리,7553.0,37.54318,126.8123,12시,568.0
0,20181204.0,화,오정로(부천시계),B-26,유입,오쇠삼거리->외발산사거리,7553.0,37.54318,126.8123,13시,536.0
0,20181204.0,화,오정로(부천시계),B-26,유입,오쇠삼거리->외발산사거리,7553.0,37.54318,126.8123,14시,511.0
0,20181204.0,화,오정로(부천시계),B-26,유입,오쇠삼거리->외발산사거리,7553.0,37.54318,126.8123,15시,528.0
0,20181204.0,화,오정로(부천시계),B-26,유입,오쇠삼거리->외발산사거리,7553.0,37.54318,126.8123,16시,546.0
0,20181204.0,화,오정로(부천시계),B-26,유입,오쇠삼거리->외발산사거리,7553.0,37.54318,126.8123,17시,673.0
0,20181204.0,화,오정로(부천시계),B-26,유입,오쇠삼거리->외발산사거리,7553.0,37.54318,126.8123,18시,584.0
0,20181204.0,화,오정로(부천시계),B-26,유입,오쇠삼거리->외발산사거리,7553.0,37.54318,126.8123,19시,482.0
0,20181204.0,화,오정로(부천시계),B-26,유입,오쇠삼거리->외발산사거리,7553.0,37.54318,126.8123,20시,367.0
0,20181205.0,수,오정로(부천시계),B-26,유입,오쇠삼거리->외발산사거리,7645.0,37.54318,126.8123,8시,819.0
0,20181205.0,수,오정로(부천시계),B-26,유입,오쇠삼거리->외발산사거리,7645.0,37.54318,126.8123,9시,729.0
0,20181205.0,수,오정로(부천시계),B-26,유입,오쇠삼거리->외발산사거리,7645.0,37.54318,126.8123,10시,600.0
0,20181205.0,수,오정로(부천시계),B-26,유입,오쇠삼거리->외발산사거리,7645.0,37.54318,126.8123,11시,608.0
0,20181205.0,수,오정로(부천시계),B-26,유입,오쇠삼거리->외발산사거리,7645.0,37.54318,126.8123,12시,535.0
0,20181205.0,수,오정로(부천시계),B-26,유입,오쇠삼거리->외발산사거리,7645.0,37.54318,126.8123,13시,514.0
0,20181205.0,수,오정로(부천시계),B-26,유입,오쇠삼거리->외발산사거리,7645.0,37.54318,126.8123,14시,556.0
0,20181205.0,수,오정로(부천시계),B-26,유입,오쇠삼거리->외발산사거리,7645.0,37.54318,126.8123,15시,551.0
0,20181205.0,수,오정로(부천시계),B-26,유입,오쇠삼거리->외발산사거리,7645.0,37.54318,126.8123,16시,609.0
0,20181205.0,수,오정로(부천시계),B-26,유입,오쇠삼거리->외발산사거리,7645.0,37.54318,126.8123,17시,672.0
0,20181205.0,수,오정로(부천시계),B-26,유입,오쇠삼거리->외발산사거리,7645.0,37.54318,126.8123,18시,596.0
0,20181205.0,수,오정로(부천시계),B-26,유입,오쇠삼거리->외발산사거리,7645.0,37.54318,126.8123,19시,485.0
0,20181205.0,수,오정로(부천시계),B-26,유입,오쇠삼거리->외발산사거리,7645.0,37.54318,126.8123,20시,371.0
0,20181206.0,목,오정로(부천시계),B-26,유입,오쇠삼거리->외발산사거리,7636.0,37.54318,126.8123,8시,822.0
0,20181206.0,목,오정로(부천시계),B-26,유입,오쇠삼거리->외발산사거리,7636.0,37.54318,126.8123,9시,757.0
0,20181206.0,목,오정로(부천시계),B-26,유입,오쇠삼거리->외발산사거리,7636.0,37.54318,126.8123,10시,554.0
0,20181206.0,목,오정로(부천시계),B-26,유입,오쇠삼거리->외발산사거리,7636.0,37.54318,126.8123,11시,601.0
0,20181206.0,목,오정로(부천시계),B-26,유입,오쇠삼거리->외발산사거리,7636.0,37.54318,126.8123,12시,524.0
0,20181206.0,목,오정로(부천시계),B-26,유입,오쇠삼거리->외발산사거리,7636.0,37.54318,126.8123,13시,561.0
0,20181206.0,목,오정로(부천시계),B-26,유입,오쇠삼거리->외발산사거리,7636.0,37.54318,126.8123,14시,549.0
0,20181206.0,목,오정로(부천시계),B-26,유입,오쇠삼거리->외발산사거리,7636.0,37.54318,126.8123,15시,582.0
0,20181206.0,목,오정로(부천시계),B-26,유입,오쇠삼거리->외발산사거리,7636.0,37.54318,126.8123,16시,575.0
0,20181206.0,목,오정로(부천시계),B-26,유입,오쇠삼거리->외발산사거리,7636.0,37.54318,126.8123,17시,688.0
0,20181206.0,목,오정로(부천시계),B-26,유입,오쇠삼거리->외발산사거리,7636.0,37.54318,126.8123,18시,583.0
0,20181206.0,목,오정로(부천시계),B-26,유입,오쇠삼거리->외발산사거리,7636.0,37.54318,126.8123,19시,479.0
0,20181206.0,목,오정로(부천시계),B-26,유입,오쇠삼거리->외발산사거리,7636.0,37.54318,126.8123,20시,361.0
0,20181207.0,금,오정로(부천시계),B-26,유입,오쇠삼거리->외발산사거리,7762.0,37.54318,126.8123,8시,833.0
0,20181207.0,금,오정로(부천시계),B-26,유입,오쇠삼거리->외발산사거리,7762.0,37.54318,126.8123,9시,674.0
0,20181207.0,금,오정로(부천시계),B-26,유입,오쇠삼거리->외발산사거리,7762.0,37.54318,126.8123,10시,601.0
0,20181207.0,금,오정로(부천시계),B-26,유입,오쇠삼거리->외발산사거리,7762.0,37.54318,126.8123,11시,568.0
0,20181207.0,금,오정로(부천시계),B-26,유입,오쇠삼거리->외발산사거리,7762.0,37.54318,126.8123,12시,543.0
0,20181207.0,금,오정로(부천시계),B-26,유입,오쇠삼거리->외발산사거리,7762.0,37.54318,126.8123,13시,548.0
0,20181207.0,금,오정로(부천시계),B-26,유입,오쇠삼거리->외발산사거리,7762.0,37.54318,126.8123,14시,568.0
0,20181207.0,금,오정로(부천시계),B-26,유입,오쇠삼거리->외발산사거리,7762.0,37.54318,126.8123,15시,579.0
0,20181207.0,금,오정로(부천시계),B-26,유입,오쇠삼거리->외발산사거리,7762.0,37.54318,126.8123,16시,620.0
0,20181207.0,금,오정로(부천시계),B-26,유입,오쇠삼거리->외발산사거리,7762.0,37.54318,126.8123,17시,751.0
0,20181207.0,금,오정로(부천시계),B-26,유입,오쇠삼거리->외발산사거리,7762.0,37.54318,126.8123,18시,617.0
0,20181207.0,금,오정로(부천시계),B-26,유입,오쇠삼거리->외발산사거리,7762.0,37.54318,126.8123,19시,470.0
0,20181207.0,금,오정로(부천시계),B-26,유입,오쇠삼거리->외발산사거리,7762.0,37.54318,126.8123,20시,390.0
0,20181208.0,토,오정로(부천시계),B-26,유입,오쇠삼거리->외발산사거리,7528.0,37.54318,126.8123,8시,533.0
0,20181208.0,토,오정로(부천시계),B-26,유입,오쇠삼거리->외발산사거리,7528.0,37.54318,126.8123,9시,591.0
0,20181208.0,토,오정로(부천시계),B-26,유입,오쇠삼거리->외발산사거리,7528.0,37.54318,126.8123,10시,639.0
0,20181208.0,토,오정로(부천시계),B-26,유입,오쇠삼거리->외발산사거리,7528.0,37.54318,126.8123,11시,657.0
0,20181208.0,토,오정로(부천시계),B-26,유입,오쇠삼거리->외발산사거리,7528.0,37.54318,126.8123,12시,629.0
0,20181208.0,토,오정로(부천시계),B-26,유입,오쇠삼거리->외발산사거리,7528.0,37.54318,126.8123,13시,713.0
0,20181208.0,토,오정로(부천시계),B-26,유입,오쇠삼거리->외발산사거리,7528.0,37.54318,126.8123,14시,621.0
0,20181208.0,토,오정로(부천시계),B-26,유입,오쇠삼거리->외발산사거리,7528.0,37.54318,126.8123,15시,635.0
0,20181208.0,토,오정로(부천시계),B-26,유입,오쇠삼거리->외발산사거리,7528.0,37.54318,126.8123,16시,641.0
0,20181208.0,토,오정로(부천시계),B-26,유입,오쇠삼거리->외발산사거리,7528.0,37.54318,126.8123,17시,659.0
0,20181208.0,토,오정로(부천시계),B-26,유입,오쇠삼거리->외발산사거리,7528.0,37.54318,126.8123,18시,521.0
0,20181208.0,토,오정로(부천시계),B-26,유입,오쇠삼거리->외발산사거리,7528.0,37.54318,126.8123,19시,356.0
0,20181208.0,토,오정로(부천시계),B-26,유입,오쇠삼거리->외발산사거리,7528.0,37.54318,126.8123,20시,333.0
0,20181209.0,일,오정로(부천시계),B-26,유입,오쇠삼거리->외발산사거리,5936.0,37.54318,126.8123,8시,323.0
0,20181209.0,일,오정로(부천시계),B-26,유입,오쇠삼거리->외발산사거리,5936.0,37.54318,126.8123,9시,413.0
0,20181209.0,일,오정로(부천시계),B-26,유입,오쇠삼거리->외발산사거리,5936.0,37.54318,126.8123,10시,458.0
0,20181209.0,일,오정로(부천시계),B-26,유입,오쇠삼거리->외발산사거리,5936.0,37.54318,126.8123,11시,456.0
0,20181209.0,일,오정로(부천시계),B-26,유입,오쇠삼거리->외발산사거리,5936.0,37.54318,126.8123,12시,490.0
0,20181209.0,일,오정로(부천시계),B-26,유입,오쇠삼거리->외발산사거리,5936.0,37.54318,126.8123,13시,556.0
0,20181209.0,일,오정로(부천시계),B-26,유입,오쇠삼거리->외발산사거리,5936.0,37.54318,126.8123,14시,602.0
0,20181209.0,일,오정로(부천시계),B-26,유입,오쇠삼거리->외발산사거리,5936.0,37.54318,126.8123,15시,573.0
0,20181209.0,일,오정로(부천시계),B-26,유입,오쇠삼거리->외발산사거리,5936.0,37.54318,126.8123,16시,523.0
0,20181209.0,일,오정로(부천시계),B-26,유입,오쇠삼거리->외발산사거리,5936.0,37.54318,126.8123,17시,515.0
0,20181209.0,일,오정로(부천시계),B-26,유입,오쇠삼거리->외발산사거리,5936.0,37.54318,126.8123,18시,424.0
0,20181209.0,일,오정로(부천시계),B-26,유입,오쇠삼거리->외발산사거리,5936.0,37.54318,126.8123,19시,321.0
0,20181209.0,일,오정로(부천시계),B-26,유입,오쇠삼거리->외발산사거리,5936.0,37.54318,126.8123,20시,282.0
0,20181210.0,월,오정로(부천시계),B-26,유입,오쇠삼거리->외발산사거리,7720.0,37.54318,126.8123,8시,807.0
0,20181210.0,월,오정로(부천시계),B-26,유입,오쇠삼거리->외발산사거리,7720.0,37.54318,126.8123,9시,699.0
0,20181210.0,월,오정로(부천시계),B-26,유입,오쇠삼거리->외발산사거리,7720.0,37.54318,126.8123,10시,576.0
0,20181210.0,월,오정로(부천시계),B-26,유입,오쇠삼거리->외발산사거리,7720.0,37.54318,126.8123,11시,634.0
0,20181210.0,월,오정로(부천시계),B-26,유입,오쇠삼거리->외발산사거리,7720.0,37.54318,126.8123,12시,626.0
0,20181210.0,월,오정로(부천시계),B-26,유입,오쇠삼거리->외발산사거리,7720.0,37.54318,126.8123,13시,537.0
0,20181210.0,월,오정로(부천시계),B-26,유입,오쇠삼거리->외발산사거리,7720.0,37.54318,126.8123,14시,582.0
0,20181210.0,월,오정로(부천시계),B-26,유입,오쇠삼거리->외발산사거리,7720.0,37.54318,126.8123,15시,508.0
0,20181210.0,월,오정로(부천시계),B-26,유입,오쇠삼거리->외발산사거리,7720.0,37.54318,126.8123,16시,590.0
0,20181210.0,월,오정로(부천시계),B-26,유입,오쇠삼거리->외발산사거리,7720.0,37.54318,126.8123,17시,748.0
0,20181210.0,월,오정로(부천시계),B-26,유입,오쇠삼거리->외발산사거리,7720.0,37.54318,126.8123,18시,554.0
0,20181210.0,월,오정로(부천시계),B-26,유입,오쇠삼거리->외발산사거리,7720.0,37.54318,126.8123,19시,477.0
0,20181210.0,월,오정로(부천시계),B-26,유입,오쇠삼거리->외발산사거리,7720.0,37.54318,126.8123,20시,382.0
0,20181211.0,화,오정로(부천시계),B-26,유입,오쇠삼거리->외발산사거리,7403.0,37.54318,126.8123,8시,817.0
0,20181211.0,화,오정로(부천시계),B-26,유입,오쇠삼거리->외발산사거리,7403.0,37.54318,126.8123,9시,708.0
0,20181211.0,화,오정로(부천시계),B-26,유입,오쇠삼거리->외발산사거리,7403.0,37.54318,126.8123,10시,608.0
0,20181211.0,화,오정로(부천시계),B-26,유입,오쇠삼거리->외발산사거리,7403.0,37.54318,126.8123,11시,581.0
0,20181211.0,화,오정로(부천시계),B-26,유입,오쇠삼거리->외발산사거리,7403.0,37.54318,126.8123,12시,545.0
0,20181211.0,화,오정로(부천시계),B-26,유입,오쇠삼거리->외발산사거리,7403.0,37.54318,126.8123,13시,506.0
0,20181211.0,화,오정로(부천시계),B-26,유입,오쇠삼거리->외발산사거리,7403.0,37.54318,126.8123,14시,525.0
0,20181211.0,화,오정로(부천시계),B-26,유입,오쇠삼거리->외발산사거리,7403.0,37.54318,126.8123,15시,523.0
0,20181211.0,화,오정로(부천시계),B-26,유입,오쇠삼거리->외발산사거리,7403.0,37.54318,126.8123,16시,557.0
0,20181211.0,화,오정로(부천시계),B-26,유입,오쇠삼거리->외발산사거리,7403.0,37.54318,126.8123,17시,666.0
0,20181211.0,화,오정로(부천시계),B-26,유입,오쇠삼거리->외발산사거리,7403.0,37.54318,126.8123,18시,558.0
0,20181211.0,화,오정로(부천시계),B-26,유입,오쇠삼거리->외발산사거리,7403.0,37.54318,126.8123,19시,432.0
0,20181211.0,화,오정로(부천시계),B-26,유입,오쇠삼거리->외발산사거리,7403.0,37.54318,126.8123,20시,377.0
0,20181212.0,수,오정로(부천시계),B-26,유입,오쇠삼거리->외발산사거리,7660.0,37.54318,126.8123,8시,772.0
0,20181212.0,수,오정로(부천시계),B-26,유입,오쇠삼거리->외발산사거리,7660.0,37.54318,126.8123,9시,731.0
0,20181212.0,수,오정로(부천시계),B-26,유입,오쇠삼거리->외발산사거리,7660.0,37.54318,126.8123,10시,644.0
0,20181212.0,수,오정로(부천시계),B-26,유입,오쇠삼거리->외발산사거리,7660.0,37.54318,126.8123,11시,592.0
0,20181212.0,수,오정로(부천시계),B-26,유입,오쇠삼거리->외발산사거리,7660.0,37.54318,126.8123,12시,527.0
0,20181212.0,수,오정로(부천시계),B-26,유입,오쇠삼거리->외발산사거리,7660.0,37.54318,126.8123,13시,518.0
0,20181212.0,수,오정로(부천시계),B-26,유입,오쇠삼거리->외발산사거리,7660.0,37.54318,126.8123,14시,550.0
0,20181212.0,수,오정로(부천시계),B-26,유입,오쇠삼거리->외발산사거리,7660.0,37.54318,126.8123,15시,533.0
0,20181212.0,수,오정로(부천시계),B-26,유입,오쇠삼거리->외발산사거리,7660.0,37.54318,126.8123,16시,626.0
0,20181212.0,수,오정로(부천시계),B-26,유입,오쇠삼거리->외발산사거리,7660.0,37.54318,126.8123,17시,729.0
0,20181212.0,수,오정로(부천시계),B-26,유입,오쇠삼거리->외발산사거리,7660.0,37.54318,126.8123,18시,584.0
0,20181212.0,수,오정로(부천시계),B-26,유입,오쇠삼거리->외발산사거리,7660.0,37.54318,126.8123,19시,468.0
0,20181212.0,수,오정로(부천시계),B-26,유입,오쇠삼거리->외발산사거리,7660.0,37.54318,126.8123,20시,386.0
0,20181213.0,목,오정로(부천시계),B-26,유입,오쇠삼거리->외발산사거리,6824.0,37.54318,126.8123,8시,830.0
0,20181213.0,목,오정로(부천시계),B-26,유입,오쇠삼거리->외발산사거리,6824.0,37.54318,126.8123,9시,554.0
0,20181213.0,목,오정로(부천시계),B-26,유입,오쇠삼거리->외발산사거리,6824.0,37.54318,126.8123,10시,454.0
0,20181213.0,목,오정로(부천시계),B-26,유입,오쇠삼거리->외발산사거리,6824.0,37.54318,126.8123,11시,448.0
0,20181213.0,목,오정로(부천시계),B-26,유입,오쇠삼거리->외발산사거리,6824.0,37.54318,126.8123,12시,533.0
0,20181213.0,목,오정로(부천시계),B-26,유입,오쇠삼거리->외발산사거리,6824.0,37.54318,126.8123,13시,508.0
0,20181213.0,목,오정로(부천시계),B-26,유입,오쇠삼거리->외발산사거리,6824.0,37.54318,126.8123,14시,501.0
0,20181213.0,목,오정로(부천시계),B-26,유입,오쇠삼거리->외발산사거리,6824.0,37.54318,126.8123,15시,461.0
0,20181213.0,목,오정로(부천시계),B-26,유입,오쇠삼거리->외발산사거리,6824.0,37.54318,126.8123,16시,561.0
0,20181213.0,목,오정로(부천시계),B-26,유입,오쇠삼거리->외발산사거리,6824.0,37.54318,126.8123,17시,670.0
0,20181213.0,목,오정로(부천시계),B-26,유입,오쇠삼거리->외발산사거리,6824.0,37.54318,126.8123,18시,550.0
0,20181213.0,목,오정로(부천시계),B-26,유입,오쇠삼거리->외발산사거리,6824.0,37.54318,126.8123,19시,424.0
0,20181213.0,목,오정로(부천시계),B-26,유입,오쇠삼거리->외발산사거리,6824.0,37.54318,126.8123,20시,330.0
0,20181214.0,금,오정로(부천시계),B-26,유입,오쇠삼거리->외발산사거리,7808.0,37.54318,126.8123,8시,793.0
0,20181214.0,금,오정로(부천시계),B-26,유입,오쇠삼거리->외발산사거리,7808.0,37.54318,126.8123,9시,667.0
0,20181214.0,금,오정로(부천시계),B-26,유입,오쇠삼거리->외발산사거리,7808.0,37.54318,126.8123,10시,646.0
0,20181214.0,금,오정로(부천시계),B-26,유입,오쇠삼거리->외발산사거리,7808.0,37.54318,126.8123,11시,652.0
0,20181214.0,금,오정로(부천시계),B-26,유입,오쇠삼거리->외발산사거리,7808.0,37.54318,126.8123,12시,542.0
0,20181214.0,금,오정로(부천시계),B-26,유입,오쇠삼거리->외발산사거리,7808.0,37.54318,126.8123,13시,570.0
0,20181214.0,금,오정로(부천시계),B-26,유입,오쇠삼거리->외발산사거리,7808.0,37.54318,126.8123,14시,555.0
0,20181214.0,금,오정로(부천시계),B-26,유입,오쇠삼거리->외발산사거리,7808.0,37.54318,126.8123,15시,589.0
0,20181214.0,금,오정로(부천시계),B-26,유입,오쇠삼거리->외발산사거리,7808.0,37.54318,126.8123,16시,644.0
0,20181214.0,금,오정로(부천시계),B-26,유입,오쇠삼거리->외발산사거리,7808.0,37.54318,126.8123,17시,772.0
0,20181214.0,금,오정로(부천시계),B-26,유입,오쇠삼거리->외발산사거리,7808.0,37.54318,126.8123,18시,559.0
0,20181214.0,금,오정로(부천시계),B-26,유입,오쇠삼거리->외발산사거리,7808.0,37.54318,126.8123,19시,451.0
0,20181214.0,금,오정로(부천시계),B-26,유입,오쇠삼거리->외발산사거리,7808.0,37.54318,126.8123,20시,368.0
0,20181218.0,화,오정로(부천시계),B-26,유입,오쇠삼거리->외발산사거리,7638.0,37.54318,126.8123,8시,875.0
0,20181218.0,화,오정로(부천시계),B-26,유입,오쇠삼거리->외발산사거리,7638.0,37.54318,126.8123,9시,756.0
0,20181218.0,화,오정로(부천시계),B-26,유입,오쇠삼거리->외발산사거리,7638.0,37.54318,126.8123,10시,631.0
0,20181218.0,화,오정로(부천시계),B-26,유입,오쇠삼거리->외발산사거리,7638.0,37.54318,126.8123,11시,561.0
0,20181218.0,화,오정로(부천시계),B-26,유입,오쇠삼거리->외발산사거리,7638.0,37.54318,126.8123,12시,545.0
0,20181218.0,화,오정로(부천시계),B-26,유입,오쇠삼거리->외발산사거리,7638.0,37.54318,126.8123,13시,537.0
0,20181218.0,화,오정로(부천시계),B-26,유입,오쇠삼거리->외발산사거리,7638.0,37.54318,126.8123,14시,544.0
0,20181218.0,화,오정로(부천시계),B-26,유입,오쇠삼거리->외발산사거리,7638.0,37.54318,126.8123,15시,548.0
0,20181218.0,화,오정로(부천시계),B-26,유입,오쇠삼거리->외발산사거리,7638.0,37.54318,126.8123,16시,583.0
0,20181218.0,화,오정로(부천시계),B-26,유입,오쇠삼거리->외발산사거리,7638.0,37.54318,126.8123,17시,720.0
0,20181218.0,화,오정로(부천시계),B-26,유입,오쇠삼거리->외발산사거리,7638.0,37.54318,126.8123,18시,552.0
0,20181218.0,화,오정로(부천시계),B-26,유입,오쇠삼거리->외발산사거리,7638.0,37.54318,126.8123,19시,434.0
0,20181218.0,화,오정로(부천시계),B-26,유입,오쇠삼거리->외발산사거리,7638.0,37.54318,126.8123,20시,352.0
0,20181219.0,수,오정로(부천시계),B-26,유입,오쇠삼거리->외발산사거리,7657.0,37.54318,126.8123,8시,829.0
0,20181219.0,수,오정로(부천시계),B-26,유입,오쇠삼거리->외발산사거리,7657.0,37.54318,126.8123,9시,682.0
0,20181219.0,수,오정로(부천시계),B-26,유입,오쇠삼거리->외발산사거리,7657.0,37.54318,126.8123,10시,641.0
0,20181219.0,수,오정로(부천시계),B-26,유입,오쇠삼거리->외발산사거리,7657.0,37.54318,126.8123,11시,602.0
0,20181219.0,수,오정로(부천시계),B-26,유입,오쇠삼거리->외발산사거리,7657.0,37.54318,126.8123,12시,522.0
0,20181219.0,수,오정로(부천시계),B-26,유입,오쇠삼거리->외발산사거리,7657.0,37.54318,126.8123,13시,539.0
0,20181219.0,수,오정로(부천시계),B-26,유입,오쇠삼거리->외발산사거리,7657.0,37.54318,126.8123,14시,582.0
0,20181219.0,수,오정로(부천시계),B-26,유입,오쇠삼거리->외발산사거리,7657.0,37.54318,126.8123,15시,528.0
0,20181219.0,수,오정로(부천시계),B-26,유입,오쇠삼거리->외발산사거리,7657.0,37.54318,126.8123,16시,558.0
0,20181219.0,수,오정로(부천시계),B-26,유입,오쇠삼거리->외발산사거리,7657.0,37.54318,126.8123,17시,711.0
0,20181219.0,수,오정로(부천시계),B-26,유입,오쇠삼거리->외발산사거리,7657.0,37.54318,126.8123,18시,625.0
0,20181219.0,수,오정로(부천시계),B-26,유입,오쇠삼거리->외발산사거리,7657.0,37.54318,126.8123,19시,475.0
0,20181219.0,수,오정로(부천시계),B-26,유입,오쇠삼거리->외발산사거리,7657.0,37.54318,126.8123,20시,363.0
0,20181220.0,목,오정로(부천시계),B-26,유입,오쇠삼거리->외발산사거리,7346.0,37.54318,126.8123,8시,786.0
0,20181220.0,목,오정로(부천시계),B-26,유입,오쇠삼거리->외발산사거리,7346.0,37.54318,126.8123,9시,662.0
0,20181220.0,목,오정로(부천시계),B-26,유입,오쇠삼거리->외발산사거리,7346.0,37.54318,126.8123,10시,553.0
0,20181220.0,목,오정로(부천시계),B-26,유입,오쇠삼거리->외발산사거리,7346.0,37.54318,126.8123,11시,666.0
0,20181220.0,목,오정로(부천시계),B-26,유입,오쇠삼거리->외발산사거리,7346.0,37.54318,126.8123,12시,530.0
0,20181220.0,목,오정로(부천시계),B-26,유입,오쇠삼거리->외발산사거리,7346.0,37.54318,126.8123,13시,545.0
0,20181220.0,목,오정로(부천시계),B-26,유입,오쇠삼거리->외발산사거리,7346.0,37.54318,126.8123,14시,505.0
0,20181220.0,목,오정로(부천시계),B-26,유입,오쇠삼거리->외발산사거리,7346.0,37.54318,126.8123,15시,521.0
0,20181220.0,목,오정로(부천시계),B-26,유입,오쇠삼거리->외발산사거리,7346.0,37.54318,126.8123,16시,516.0
0,20181220.0,목,오정로(부천시계),B-26,유입,오쇠삼거리->외발산사거리,7346.0,37.54318,126.8123,17시,684.0
0,20181220.0,목,오정로(부천시계),B-26,유입,오쇠삼거리->외발산사거리,7346.0,37.54318,126.8123,18시,606.0
0,20181220.0,목,오정로(부천시계),B-26,유입,오쇠삼거리->외발산사거리,7346.0,37.54318,126.8123,19시,437.0
0,20181220.0,목,오정로(부천시계),B-26,유입,오쇠삼거리->외발산사거리,7346.0,37.54318,126.8123,20시,335.0
0,20181221.0,금,오정로(부천시계),B-26,유입,오쇠삼거리->외발산사거리,8056.0,37.54318,126.8123,8시,833.0
0,20181221.0,금,오정로(부천시계),B-26,유입,오쇠삼거리->외발산사거리,8056.0,37.54318,126.8123,9시,706.0
0,20181221.0,금,오정로(부천시계),B-26,유입,오쇠삼거리->외발산사거리,8056.0,37.54318,126.8123,10시,653.0
0,20181221.0,금,오정로(부천시계),B-26,유입,오쇠삼거리->외발산사거리,8056.0,37.54318,126.8123,11시,626.0
0,20181221.0,금,오정로(부천시계),B-26,유입,오쇠삼거리->외발산사거리,8056.0,37.54318,126.8123,12시,570.0
0,20181221.0,금,오정로(부천시계),B-26,유입,오쇠삼거리->외발산사거리,8056.0,37.54318,126.8123,13시,608.0
0,20181221.0,금,오정로(부천시계),B-26,유입,오쇠삼거리->외발산사거리,8056.0,37.54318,126.8123,14시,622.0
0,20181221.0,금,오정로(부천시계),B-26,유입,오쇠삼거리->외발산사거리,8056.0,37.54318,126.8123,15시,594.0
0,20181221.0,금,오정로(부천시계),B-26,유입,오쇠삼거리->외발산사거리,8056.0,37.54318,126.8123,16시,621.0
0,20181221.0,금,오정로(부천시계),B-26,유입,오쇠삼거리->외발산사거리,8056.0,37.54318,126.8123,17시,757.0
0,20181221.0,금,오정로(부천시계),B-26,유입,오쇠삼거리->외발산사거리,8056.0,37.54318,126.8123,18시,570.0
0,20181221.0,금,오정로(부천시계),B-26,유입,오쇠삼거리->외발산사거리,8056.0,37.54318,126.8123,19시,483.0
0,20181221.0,금,오정로(부천시계),B-26,유입,오쇠삼거리->외발산사거리,8056.0,37.54318,126.8123,20시,413.0
0,20181222.0,토,오정로(부천시계),B-26,유입,오쇠삼거리->외발산사거리,7686.0,37.54318,126.8123,8시,518.0
0,20181222.0,토,오정로(부천시계),B-26,유입,오쇠삼거리->외발산사거리,7686.0,37.54318,126.8123,9시,554.0
0,20181222.0,토,오정로(부천시계),B-26,유입,오쇠삼거리->외발산사거리,7686.0,37.54318,126.8123,10시,618.0
0,20181222.0,토,오정로(부천시계),B-26,유입,오쇠삼거리->외발산사거리,7686.0,37.54318,126.8123,11시,679.0
0,20181222.0,토,오정로(부천시계),B-26,유입,오쇠삼거리->외발산사거리,7686.0,37.54318,126.8123,12시,663.0
0,20181222.0,토,오정로(부천시계),B-26,유입,오쇠삼거리->외발산사거리,7686.0,37.54318,126.8123,13시,686.0
0,20181222.0,토,오정로(부천시계),B-26,유입,오쇠삼거리->외발산사거리,7686.0,37.54318,126.8123,14시,669.0
0,20181222.0,토,오정로(부천시계),B-26,유입,오쇠삼거리->외발산사거리,7686.0,37.54318,126.8123,15시,673.0
0,20181222.0,토,오정로(부천시계),B-26,유입,오쇠삼거리->외발산사거리,7686.0,37.54318,126.8123,16시,721.0
0,20181222.0,토,오정로(부천시계),B-26,유입,오쇠삼거리->외발산사거리,7686.0,37.54318,126.8123,17시,636.0
0,20181222.0,토,오정로(부천시계),B-26,유입,오쇠삼거리->외발산사거리,7686.0,37.54318,126.8123,18시,562.0
0,20181222.0,토,오정로(부천시계),B-26,유입,오쇠삼거리->외발산사거리,7686.0,37.54318,126.8123,19시,372.0
0,20181222.0,토,오정로(부천시계),B-26,유입,오쇠삼거리->외발산사거리,7686.0,37.54318,126.8123,20시,335.0
0,20181223.0,일,오정로(부천시계),B-26,유입,오쇠삼거리->외발산사거리,5813.0,37.54318,126.8123,8시,321.0
0,20181223.0,일,오정로(부천시계),B-26,유입,오쇠삼거리->외발산사거리,5813.0,37.54318,126.8123,9시,398.0
0,20181223.0,일,오정로(부천시계),B-26,유입,오쇠삼거리->외발산사거리,5813.0,37.54318,126.8123,10시,481.0
0,20181223.0,일,오정로(부천시계),B-26,유입,오쇠삼거리->외발산사거리,5813.0,37.54318,126.8123,11시,479.0
0,20181223.0,일,오정로(부천시계),B-26,유입,오쇠삼거리->외발산사거리,5813.0,37.54318,126.8123,12시,479.0
0,20181223.0,일,오정로(부천시계),B-26,유입,오쇠삼거리->외발산사거리,5813.0,37.54318,126.8123,13시,517.0
0,20181223.0,일,오정로(부천시계),B-26,유입,오쇠삼거리->외발산사거리,5813.0,37.54318,126.8123,14시,528.0
0,20181223.0,일,오정로(부천시계),B-26,유입,오쇠삼거리->외발산사거리,5813.0,37.54318,126.8123,15시,536.0
0,20181223.0,일,오정로(부천시계),B-26,유입,오쇠삼거리->외발산사거리,5813.0,37.54318,126.8123,16시,484.0
0,20181223.0,일,오정로(부천시계),B-26,유입,오쇠삼거리->외발산사거리,5813.0,37.54318,126.8123,17시,530.0
0,20181223.0,일,오정로(부천시계),B-26,유입,오쇠삼거리->외발산사거리,5813.0,37.54318,126.8123,18시,440.0
0,20181223.0,일,오정로(부천시계),B-26,유입,오쇠삼거리->외발산사거리,5813.0,37.54318,126.8123,19시,341.0
0,20181223.0,일,오정로(부천시계),B-26,유입,오쇠삼거리->외발산사거리,5813.0,37.54318,126.8123,20시,279.0
0,20181224.0,월,오정로(부천시계),B-26,유입,오쇠삼거리->외발산사거리,7898.0,37.54318,126.8123,8시,745.0
0,20181224.0,월,오정로(부천시계),B-26,유입,오쇠삼거리->외발산사거리,7898.0,37.54318,126.8123,9시,647.0
0,20181224.0,월,오정로(부천시계),B-26,유입,오쇠삼거리->외발산사거리,7898.0,37.54318,126.8123,10시,612.0
0,20181224.0,월,오정로(부천시계),B-26,유입,오쇠삼거리->외발산사거리,7898.0,37.54318,126.8123,11시,659.0
0,20181224.0,월,오정로(부천시계),B-26,유입,오쇠삼거리->외발산사거리,7898.0,37.54318,126.8123,12시,586.0
0,20181224.0,월,오정로(부천시계),B-26,유입,오쇠삼거리->외발산사거리,7898.0,37.54318,126.8123,13시,560.0
0,20181224.0,월,오정로(부천시계),B-26,유입,오쇠삼거리->외발산사거리,7898.0,37.54318,126.8123,14시,590.0
0,20181224.0,월,오정로(부천시계),B-26,유입,오쇠삼거리->외발산사거리,7898.0,37.54318,126.8123,15시,554.0
0,20181224.0,월,오정로(부천시계),B-26,유입,오쇠삼거리->외발산사거리,7898.0,37.54318,126.8123,16시,611.0
0,20181224.0,월,오정로(부천시계),B-26,유입,오쇠삼거리->외발산사거리,7898.0,37.54318,126.8123,17시,725.0
0,20181224.0,월,오정로(부천시계),B-26,유입,오쇠삼거리->외발산사거리,7898.0,37.54318,126.8123,18시,655.0
0,20181224.0,월,오정로(부천시계),B-26,유입,오쇠삼거리->외발산사거리,7898.0,37.54318,126.8123,19시,565.0
0,20181224.0,월,오정로(부천시계),B-26,유입,오쇠삼거리->외발산사거리,7898.0,37.54318,126.8123,20시,389.0
0,20181225.0,화,오정로(부천시계),B-26,유입,오쇠삼거리->외발산사거리,6015.0,37.54318,126.8123,8시,386.0
0,20181225.0,화,오정로(부천시계),B-26,유입,오쇠삼거리->외발산사거리,6015.0,37.54318,126.8123,9시,417.0
0,20181225.0,화,오정로(부천시계),B-26,유입,오쇠삼거리->외발산사거리,6015.0,37.54318,126.8123,10시,507.0
0,20181225.0,화,오정로(부천시계),B-26,유입,오쇠삼거리->외발산사거리,6015.0,37.54318,126.8123,11시,459.0
0,20181225.0,화,오정로(부천시계),B-26,유입,오쇠삼거리->외발산사거리,6015.0,37.54318,126.8123,12시,571.0
0,20181225.0,화,오정로(부천시계),B-26,유입,오쇠삼거리->외발산사거리,6015.0,37.54318,126.8123,13시,569.0
0,20181225.0,화,오정로(부천시계),B-26,유입,오쇠삼거리->외발산사거리,6015.0,37.54318,126.8123,14시,538.0
0,20181225.0,화,오정로(부천시계),B-26,유입,오쇠삼거리->외발산사거리,6015.0,37.54318,126.8123,15시,515.0
0,20181225.0,화,오정로(부천시계),B-26,유입,오쇠삼거리->외발산사거리,6015.0,37.54318,126.8123,16시,526.0
0,20181225.0,화,오정로(부천시계),B-26,유입,오쇠삼거리->외발산사거리,6015.0,37.54318,126.8123,17시,535.0
0,20181225.0,화,오정로(부천시계),B-26,유입,오쇠삼거리->외발산사거리,6015.0,37.54318,126.8123,18시,393.0
0,20181225.0,화,오정로(부천시계),B-26,유입,오쇠삼거리->외발산사거리,6015.0,37.54318,126.8123,19시,341.0
0,20181225.0,화,오정로(부천시계),B-26,유입,오쇠삼거리->외발산사거리,6015.0,37.54318,126.8123,20시,258.0
0,20181226.0,수,오정로(부천시계),B-26,유입,오쇠삼거리->외발산사거리,7722.0,37.54318,126.8123,8시,854.0
0,20181226.0,수,오정로(부천시계),B-26,유입,오쇠삼거리->외발산사거리,7722.0,37.54318,126.8123,9시,729.0
0,20181226.0,수,오정로(부천시계),B-26,유입,오쇠삼거리->외발산사거리,7722.0,37.54318,126.8123,10시,623.0
0,20181226.0,수,오정로(부천시계),B-26,유입,오쇠삼거리->외발산사거리,7722.0,37.54318,126.8123,11시,607.0
0,20181226.0,수,오정로(부천시계),B-26,유입,오쇠삼거리->외발산사거리,7722.0,37.54318,126.8123,12시,553.0
0,20181226.0,수,오정로(부천시계),B-26,유입,오쇠삼거리->외발산사거리,7722.0,37.54318,126.8123,13시,557.0
0,20181226.0,수,오정로(부천시계),B-26,유입,오쇠삼거리->외발산사거리,7722.0,37.54318,126.8123,14시,546.0
0,20181226.0,수,오정로(부천시계),B-26,유입,오쇠삼거리->외발산사거리,7722.0,37.54318,126.8123,15시,560.0
0,20181226.0,수,오정로(부천시계),B-26,유입,오쇠삼거리->외발산사거리,7722.0,37.54318,126.8123,16시,579.0
0,20181226.0,수,오정로(부천시계),B-26,유입,오쇠삼거리->외발산사거리,7722.0,37.54318,126.8123,17시,696.0
0,20181226.0,수,오정로(부천시계),B-26,유입,오쇠삼거리->외발산사거리,7722.0,37.54318,126.8123,18시,589.0
0,20181226.0,수,오정로(부천시계),B-26,유입,오쇠삼거리->외발산사거리,7722.0,37.54318,126.8123,19시,487.0
0,20181226.0,수,오정로(부천시계),B-26,유입,오쇠삼거리->외발산사거리,7722.0,37.54318,126.8123,20시,342.0
0,20181227.0,목,오정로(부천시계),B-26,유입,오쇠삼거리->외발산사거리,7544.0,37.54318,126.8123,8시,798.0
0,20181227.0,목,오정로(부천시계),B-26,유입,오쇠삼거리->외발산사거리,7544.0,37.54318,126.8123,9시,711.0
0,20181227.0,목,오정로(부천시계),B-26,유입,오쇠삼거리->외발산사거리,7544.0,37.54318,126.8123,10시,675.0
0,20181227.0,목,오정로(부천시계),B-26,유입,오쇠삼거리->외발산사거리,7544.0,37.54318,126.8123,11시,627.0
0,20181227.0,목,오정로(부천시계),B-26,유입,오쇠삼거리->외발산사거리,7544.0,37.54318,126.8123,12시,521.0
0,20181227.0,목,오정로(부천시계),B-26,유입,오쇠삼거리->외발산사거리,7544.0,37.54318,126.8123,13시,554.0
0,20181227.0,목,오정로(부천시계),B-26,유입,오쇠삼거리->외발산사거리,7544.0,37.54318,126.8123,14시,594.0
0,20181227.0,목,오정로(부천시계),B-26,유입,오쇠삼거리->외발산사거리,7544.0,37.54318,126.8123,15시,517.0
0,20181227.0,목,오정로(부천시계),B-26,유입,오쇠삼거리->외발산사거리,7544.0,37.54318,126.8123,16시,536.0
0,20181227.0,목,오정로(부천시계),B-26,유입,오쇠삼거리->외발산사거리,7544.0,37.54318,126.8123,17시,704.0
0,20181227.0,목,오정로(부천시계),B-26,유입,오쇠삼거리->외발산사거리,7544.0,37.54318,126.8123,18시,568.0
0,20181227.0,목,오정로(부천시계),B-26,유입,오쇠삼거리->외발산사거리,7544.0,37.54318,126.8123,19시,419.0
0,20181227.0,목,오정로(부천시계),B-26,유입,오쇠삼거리->외발산사거리,7544.0,37.54318,126.8123,20시,320.0
0,20181228.0,금,오정로(부천시계),B-26,유입,오쇠삼거리->외발산사거리,7767.0,37.54318,126.8123,8시,766.0
0,20181228.0,금,오정로(부천시계),B-26,유입,오쇠삼거리->외발산사거리,7767.0,37.54318,126.8123,9시,660.0
0,20181228.0,금,오정로(부천시계),B-26,유입,오쇠삼거리->외발산사거리,7767.0,37.54318,126.8123,10시,595.0
0,20181228.0,금,오정로(부천시계),B-26,유입,오쇠삼거리->외발산사거리,7767.0,37.54318,126.8123,11시,595.0
0,20181228.0,금,오정로(부천시계),B-26,유입,오쇠삼거리->외발산사거리,7767.0,37.54318,126.8123,12시,605.0
0,20181228.0,금,오정로(부천시계),B-26,유입,오쇠삼거리->외발산사거리,7767.0,37.54318,126.8123,13시,603.0
0,20181228.0,금,오정로(부천시계),B-26,유입,오쇠삼거리->외발산사거리,7767.0,37.54318,126.8123,14시,556.0
0,20181228.0,금,오정로(부천시계),B-26,유입,오쇠삼거리->외발산사거리,7767.0,37.54318,126.8123,15시,569.0
0,20181228.0,금,오정로(부천시계),B-26,유입,오쇠삼거리->외발산사거리,7767.0,37.54318,126.8123,16시,596.0
0,20181228.0,금,오정로(부천시계),B-26,유입,오쇠삼거리->외발산사거리,7767.0,37.54318,126.8123,17시,717.0
0,20181228.0,금,오정로(부천시계),B-26,유입,오쇠삼거리->외발산사거리,7767.0,37.54318,126.8123,18시,618.0
0,20181228.0,금,오정로(부천시계),B-26,유입,오쇠삼거리->외발산사거리,7767.0,37.54318,126.8123,19시,458.0
0,20181228.0,금,오정로(부천시계),B-26,유입,오쇠삼거리->외발산사거리,7767.0,37.54318,126.8123,20시,429.0
0,20181229.0,토,오정로(부천시계),B-26,유입,오쇠삼거리->외발산사거리,7012.0,37.54318,126.8123,8시,493.0
0,20181229.0,토,오정로(부천시계),B-26,유입,오쇠삼거리->외발산사거리,7012.0,37.54318,126.8123,9시,525.0
0,20181229.0,토,오정로(부천시계),B-26,유입,오쇠삼거리->외발산사거리,7012.0,37.54318,126.8123,10시,533.0
0,20181229.0,토,오정로(부천시계),B-26,유입,오쇠삼거리->외발산사거리,7012.0,37.54318,126.8123,11시,564.0
0,20181229.0,토,오정로(부천시계),B-26,유입,오쇠삼거리->외발산사거리,7012.0,37.54318,126.8123,12시,610.0
0,20181229.0,토,오정로(부천시계),B-26,유입,오쇠삼거리->외발산사거리,7012.0,37.54318,126.8123,13시,606.0
0,20181229.0,토,오정로(부천시계),B-26,유입,오쇠삼거리->외발산사거리,7012.0,37.54318,126.8123,14시,621.0
0,20181229.0,토,오정로(부천시계),B-26,유입,오쇠삼거리->외발산사거리,7012.0,37.54318,126.8123,15시,583.0
0,20181229.0,토,오정로(부천시계),B-26,유입,오쇠삼거리->외발산사거리,7012.0,37.54318,126.8123,16시,646.0
0,20181229.0,토,오정로(부천시계),B-26,유입,오쇠삼거리->외발산사거리,7012.0,37.54318,126.8123,17시,667.0
0,20181229.0,토,오정로(부천시계),B-26,유입,오쇠삼거리->외발산사거리,7012.0,37.54318,126.8123,18시,505.0
0,20181229.0,토,오정로(부천시계),B-26,유입,오쇠삼거리->외발산사거리,7012.0,37.54318,126.8123,19시,357.0
0,20181229.0,토,오정로(부천시계),B-26,유입,오쇠삼거리->외발산사거리,7012.0,37.54318,126.8123,20시,302.0
0,20181230.0,일,오정로(부천시계),B-26,유입,오쇠삼거리->외발산사거리,5647.0,37.54318,126.8123,8시,291.0
0,20181230.0,일,오정로(부천시계),B-26,유입,오쇠삼거리->외발산사거리,5647.0,37.54318,126.8123,9시,392.0
0,20181230.0,일,오정로(부천시계),B-26,유입,오쇠삼거리->외발산사거리,5647.0,37.54318,126.8123,10시,419.0
0,20181230.0,일,오정로(부천시계),B-26,유입,오쇠삼거리->외발산사거리,5647.0,37.54318,126.8123,11시,477.0
0,20181230.0,일,오정로(부천시계),B-26,유입,오쇠삼거리->외발산사거리,5647.0,37.54318,126.8123,12시,505.0
0,20181230.0,일,오정로(부천시계),B-26,유입,오쇠삼거리->외발산사거리,5647.0,37.54318,126.8123,13시,535.0
0,20181230.0,일,오정로(부천시계),B-26,유입,오쇠삼거리->외발산사거리,5647.0,37.54318,126.8123,14시,517.0
0,20181230.0,일,오정로(부천시계),B-26,유입,오쇠삼거리->외발산사거리,5647.0,37.54318,126.8123,15시,493.0
0,20181230.0,일,오정로(부천시계),B-26,유입,오쇠삼거리->외발산사거리,5647.0,37.54318,126.8123,16시,550.0
0,20181230.0,일,오정로(부천시계),B-26,유입,오쇠삼거리->외발산사거리,5647.0,37.54318,126.8123,17시,460.0
0,20181230.0,일,오정로(부천시계),B-26,유입,오쇠삼거리->외발산사거리,5647.0,37.54318,126.8123,18시,423.0
0,20181230.0,일,오정로(부천시계),B-26,유입,오쇠삼거리->외발산사거리,5647.0,37.54318,126.8123,19시,305.0
0,20181230.0,일,오정로(부천시계),B-26,유입,오쇠삼거리->외발산사거리,5647.0,37.54318,126.8123,20시,280.0
0,20181231.0,월,오정로(부천시계),B-26,유입,오쇠삼거리->외발산사거리,7678.0,37.54318,126.8123,8시,682.0
0,20181231.0,월,오정로(부천시계),B-26,유입,오쇠삼거리->외발산사거리,7678.0,37.54318,126.8123,9시,625.0
0,20181231.0,월,오정로(부천시계),B-26,유입,오쇠삼거리->외발산사거리,7678.0,37.54318,126.8123,10시,580.0
0,20181231.0,월,오정로(부천시계),B-26,유입,오쇠삼거리->외발산사거리,7678.0,37.54318,126.8123,11시,613.0
0,20181231.0,월,오정로(부천시계),B-26,유입,오쇠삼거리->외발산사거리,7678.0,37.54318,126.8123,12시,612.0
0,20181231.0,월,오정로(부천시계),B-26,유입,오쇠삼거리->외발산사거리,7678.0,37.54318,126.8123,13시,586.0
0,20181231.0,월,오정로(부천시계),B-26,유입,오쇠삼거리->외발산사거리,7678.0,37.54318,126.8123,14시,563.0
0,20181231.0,월,오정로(부천시계),B-26,유입,오쇠삼거리->외발산사거리,7678.0,37.54318,126.8123,15시,603.0
0,20181231.0,월,오정로(부천시계),B-26,유입,오쇠삼거리->외발산사거리,7678.0,37.54318,126.8123,16시,642.0
0,20181231.0,월,오정로(부천시계),B-26,유입,오쇠삼거리->외발산사거리,7678.0,37.54318,126.8123,17시,762.0
0,20181231.0,월,오정로(부천시계),B-26,유입,오쇠삼거리->외발산사거리,7678.0,37.54318,126.8123,18시,559.0
0,20181231.0,월,오정로(부천시계),B-26,유입,오쇠삼거리->외발산사거리,7678.0,37.54318,126.8123,19시,487.0
0,20181231.0,월,오정로(부천시계),B-26,유입,오쇠삼거리->외발산사거리,7678.0,37.54318,126.8123,20시,364.0
0,20181201.0,토,오정로(부천시계),B-26,유출,외발산사거리->오쇠삼거리,10558.0,37.54318,126.8123,8시,545.0
0,20181201.0,토,오정로(부천시계),B-26,유출,외발산사거리->오쇠삼거리,10558.0,37.54318,126.8123,9시,639.0
0,20181201.0,토,오정로(부천시계),B-26,유출,외발산사거리->오쇠삼거리,10558.0,37.54318,126.8123,10시,689.0
0,20181201.0,토,오정로(부천시계),B-26,유출,외발산사거리->오쇠삼거리,10558.0,37.54318,126.8123,11시,729.0
0,20181201.0,토,오정로(부천시계),B-26,유출,외발산사거리->오쇠삼거리,10558.0,37.54318,126.8123,12시,799.0
0,20181201.0,토,오정로(부천시계),B-26,유출,외발산사거리->오쇠삼거리,10558.0,37.54318,126.8123,13시,851.0
0,20181201.0,토,오정로(부천시계),B-26,유출,외발산사거리->오쇠삼거리,10558.0,37.54318,126.8123,14시,867.0
0,20181201.0,토,오정로(부천시계),B-26,유출,외발산사거리->오쇠삼거리,10558.0,37.54318,126.8123,15시,932.0
0,20181201.0,토,오정로(부천시계),B-26,유출,외발산사거리->오쇠삼거리,10558.0,37.54318,126.8123,16시,999.0
0,20181201.0,토,오정로(부천시계),B-26,유출,외발산사거리->오쇠삼거리,10558.0,37.54318,126.8123,17시,1148.0
0,20181201.0,토,오정로(부천시계),B-26,유출,외발산사거리->오쇠삼거리,10558.0,37.54318,126.8123,18시,1019.0
0,20181201.0,토,오정로(부천시계),B-26,유출,외발산사거리->오쇠삼거리,10558.0,37.54318,126.8123,19시,820.0
0,20181201.0,토,오정로(부천시계),B-26,유출,외발산사거리->오쇠삼거리,10558.0,37.54318,126.8123,20시,521.0
0,20181202.0,일,오정로(부천시계),B-26,유출,외발산사거리->오쇠삼거리,7808.0,37.54318,126.8123,8시,377.0
0,20181202.0,일,오정로(부천시계),B-26,유출,외발산사거리->오쇠삼거리,7808.0,37.54318,126.8123,9시,402.0
0,20181202.0,일,오정로(부천시계),B-26,유출,외발산사거리->오쇠삼거리,7808.0,37.54318,126.8123,10시,466.0
0,20181202.0,일,오정로(부천시계),B-26,유출,외발산사거리->오쇠삼거리,7808.0,37.54318,126.8123,11시,516.0
0,20181202.0,일,오정로(부천시계),B-26,유출,외발산사거리->오쇠삼거리,7808.0,37.54318,126.8123,12시,547.0
0,20181202.0,일,오정로(부천시계),B-26,유출,외발산사거리->오쇠삼거리,7808.0,37.54318,126.8123,13시,618.0
0,20181202.0,일,오정로(부천시계),B-26,유출,외발산사거리->오쇠삼거리,7808.0,37.54318,126.8123,14시,719.0
0,20181202.0,일,오정로(부천시계),B-26,유출,외발산사거리->오쇠삼거리,7808.0,37.54318,126.8123,15시,736.0
0,20181202.0,일,오정로(부천시계),B-26,유출,외발산사거리->오쇠삼거리,7808.0,37.54318,126.8123,16시,823.0
0,20181202.0,일,오정로(부천시계),B-26,유출,외발산사거리->오쇠삼거리,7808.0,37.54318,126.8123,17시,869.0
0,20181202.0,일,오정로(부천시계),B-26,유출,외발산사거리->오쇠삼거리,7808.0,37.54318,126.8123,18시,736.0
0,20181202.0,일,오정로(부천시계),B-26,유출,외발산사거리->오쇠삼거리,7808.0,37.54318,126.8123,19시,516.0
0,20181202.0,일,오정로(부천시계),B-26,유출,외발산사거리->오쇠삼거리,7808.0,37.54318,126.8123,20시,483.0
0,20181203.0,월,오정로(부천시계),B-26,유출,외발산사거리->오쇠삼거리,10279.0,37.54318,126.8123,8시,925.0
0,20181203.0,월,오정로(부천시계),B-26,유출,외발산사거리->오쇠삼거리,10279.0,37.54318,126.8123,9시,701.0
0,20181203.0,월,오정로(부천시계),B-26,유출,외발산사거리->오쇠삼거리,10279.0,37.54318,126.8123,10시,628.0
0,20181203.0,월,오정로(부천시계),B-26,유출,외발산사거리->오쇠삼거리,10279.0,37.54318,126.8123,11시,671.0
0,20181203.0,월,오정로(부천시계),B-26,유출,외발산사거리->오쇠삼거리,10279.0,37.54318,126.8123,12시,577.0
0,20181203.0,월,오정로(부천시계),B-26,유출,외발산사거리->오쇠삼거리,10279.0,37.54318,126.8123,13시,636.0
0,20181203.0,월,오정로(부천시계),B-26,유출,외발산사거리->오쇠삼거리,10279.0,37.54318,126.8123,14시,678.0
0,20181203.0,월,오정로(부천시계),B-26,유출,외발산사거리->오쇠삼거리,10279.0,37.54318,126.8123,15시,762.0
0,20181203.0,월,오정로(부천시계),B-26,유출,외발산사거리->오쇠삼거리,10279.0,37.54318,126.8123,16시,904.0
0,20181203.0,월,오정로(부천시계),B-26,유출,외발산사거리->오쇠삼거리,10279.0,37.54318,126.8123,17시,1168.0
0,20181203.0,월,오정로(부천시계),B-26,유출,외발산사거리->오쇠삼거리,10279.0,37.54318,126.8123,18시,1215.0
0,20181203.0,월,오정로(부천시계),B-26,유출,외발산사거리->오쇠삼거리,10279.0,37.54318,126.8123,19시,794.0
0,20181203.0,월,오정로(부천시계),B-26,유출,외발산사거리->오쇠삼거리,10279.0,37.54318,126.8123,20시,620.0
0,20181204.0,화,오정로(부천시계),B-26,유출,외발산사거리->오쇠삼거리,10449.0,37.54318,126.8123,8시,933.0
0,20181204.0,화,오정로(부천시계),B-26,유출,외발산사거리->오쇠삼거리,10449.0,37.54318,126.8123,9시,728.0
0,20181204.0,화,오정로(부천시계),B-26,유출,외발산사거리->오쇠삼거리,10449.0,37.54318,126.8123,10시,673.0
0,20181204.0,화,오정로(부천시계),B-26,유출,외발산사거리->오쇠삼거리,10449.0,37.54318,126.8123,11시,679.0
0,20181204.0,화,오정로(부천시계),B-26,유출,외발산사거리->오쇠삼거리,10449.0,37.54318,126.8123,12시,629.0
0,20181204.0,화,오정로(부천시계),B-26,유출,외발산사거리->오쇠삼거리,10449.0,37.54318,126.8123,13시,711.0
0,20181204.0,화,오정로(부천시계),B-26,유출,외발산사거리->오쇠삼거리,10449.0,37.54318,126.8123,14시,725.0
0,20181204.0,화,오정로(부천시계),B-26,유출,외발산사거리->오쇠삼거리,10449.0,37.54318,126.8123,15시,774.0
0,20181204.0,화,오정로(부천시계),B-26,유출,외발산사거리->오쇠삼거리,10449.0,37.54318,126.8123,16시,921.0
0,20181204.0,화,오정로(부천시계),B-26,유출,외발산사거리->오쇠삼거리,10449.0,37.54318,126.8123,17시,1004.0
0,20181204.0,화,오정로(부천시계),B-26,유출,외발산사거리->오쇠삼거리,10449.0,37.54318,126.8123,18시,1089.0
0,20181204.0,화,오정로(부천시계),B-26,유출,외발산사거리->오쇠삼거리,10449.0,37.54318,126.8123,19시,998.0
0,20181204.0,화,오정로(부천시계),B-26,유출,외발산사거리->오쇠삼거리,10449.0,37.54318,126.8123,20시,585.0
0,20181205.0,수,오정로(부천시계),B-26,유출,외발산사거리->오쇠삼거리,10918.0,37.54318,126.8123,8시,924.0
0,20181205.0,수,오정로(부천시계),B-26,유출,외발산사거리->오쇠삼거리,10918.0,37.54318,126.8123,9시,727.0
0,20181205.0,수,오정로(부천시계),B-26,유출,외발산사거리->오쇠삼거리,10918.0,37.54318,126.8123,10시,625.0
0,20181205.0,수,오정로(부천시계),B-26,유출,외발산사거리->오쇠삼거리,10918.0,37.54318,126.8123,11시,631.0
0,20181205.0,수,오정로(부천시계),B-26,유출,외발산사거리->오쇠삼거리,10918.0,37.54318,126.8123,12시,652.0
0,20181205.0,수,오정로(부천시계),B-26,유출,외발산사거리->오쇠삼거리,10918.0,37.54318,126.8123,13시,667.0
0,20181205.0,수,오정로(부천시계),B-26,유출,외발산사거리->오쇠삼거리,10918.0,37.54318,126.8123,14시,720.0
0,20181205.0,수,오정로(부천시계),B-26,유출,외발산사거리->오쇠삼거리,10918.0,37.54318,126.8123,15시,752.0
0,20181205.0,수,오정로(부천시계),B-26,유출,외발산사거리->오쇠삼거리,10918.0,37.54318,126.8123,16시,1041.0
0,20181205.0,수,오정로(부천시계),B-26,유출,외발산사거리->오쇠삼거리,10918.0,37.54318,126.8123,17시,1295.0
0,20181205.0,수,오정로(부천시계),B-26,유출,외발산사거리->오쇠삼거리,10918.0,37.54318,126.8123,18시,1326.0
0,20181205.0,수,오정로(부천시계),B-26,유출,외발산사거리->오쇠삼거리,10918.0,37.54318,126.8123,19시,950.0
0,20181205.0,수,오정로(부천시계),B-26,유출,외발산사거리->오쇠삼거리,10918.0,37.54318,126.8123,20시,608.0
0,20181206.0,목,오정로(부천시계),B-26,유출,외발산사거리->오쇠삼거리,10872.0,37.54318,126.8123,8시,1029.0
0,20181206.0,목,오정로(부천시계),B-26,유출,외발산사거리->오쇠삼거리,10872.0,37.54318,126.8123,9시,757.0
0,20181206.0,목,오정로(부천시계),B-26,유출,외발산사거리->오쇠삼거리,10872.0,37.54318,126.8123,10시,653.0
0,20181206.0,목,오정로(부천시계),B-26,유출,외발산사거리->오쇠삼거리,10872.0,37.54318,126.8123,11시,685.0
0,20181206.0,목,오정로(부천시계),B-26,유출,외발산사거리->오쇠삼거리,10872.0,37.54318,126.8123,12시,631.0
0,20181206.0,목,오정로(부천시계),B-26,유출,외발산사거리->오쇠삼거리,10872.0,37.54318,126.8123,13시,691.0
0,20181206.0,목,오정로(부천시계),B-26,유출,외발산사거리->오쇠삼거리,10872.0,37.54318,126.8123,14시,748.0
0,20181206.0,목,오정로(부천시계),B-26,유출,외발산사거리->오쇠삼거리,10872.0,37.54318,126.8123,15시,777.0
0,20181206.0,목,오정로(부천시계),B-26,유출,외발산사거리->오쇠삼거리,10872.0,37.54318,126.8123,16시,852.0
0,20181206.0,목,오정로(부천시계),B-26,유출,외발산사거리->오쇠삼거리,10872.0,37.54318,126.8123,17시,1253.0
0,20181206.0,목,오정로(부천시계),B-26,유출,외발산사거리->오쇠삼거리,10872.0,37.54318,126.8123,18시,1285.0
0,20181206.0,목,오정로(부천시계),B-26,유출,외발산사거리->오쇠삼거리,10872.0,37.54318,126.8123,19시,905.0
0,20181206.0,목,오정로(부천시계),B-26,유출,외발산사거리->오쇠삼거리,10872.0,37.54318,126.8123,20시,606.0
0,20181207.0,금,오정로(부천시계),B-26,유출,외발산사거리->오쇠삼거리,11731.0,37.54318,126.8123,8시,976.0
0,20181207.0,금,오정로(부천시계),B-26,유출,외발산사거리->오쇠삼거리,11731.0,37.54318,126.8123,9시,712.0
0,20181207.0,금,오정로(부천시계),B-26,유출,외발산사거리->오쇠삼거리,11731.0,37.54318,126.8123,10시,709.0
0,20181207.0,금,오정로(부천시계),B-26,유출,외발산사거리->오쇠삼거리,11731.0,37.54318,126.8123,11시,707.0
0,20181207.0,금,오정로(부천시계),B-26,유출,외발산사거리->오쇠삼거리,11731.0,37.54318,126.8123,12시,658.0
0,20181207.0,금,오정로(부천시계),B-26,유출,외발산사거리->오쇠삼거리,11731.0,37.54318,126.8123,13시,757.0
0,20181207.0,금,오정로(부천시계),B-26,유출,외발산사거리->오쇠삼거리,11731.0,37.54318,126.8123,14시,814.0
0,20181207.0,금,오정로(부천시계),B-26,유출,외발산사거리->오쇠삼거리,11731.0,37.54318,126.8123,15시,874.0
0,20181207.0,금,오정로(부천시계),B-26,유출,외발산사거리->오쇠삼거리,11731.0,37.54318,126.8123,16시,1127.0
0,20181207.0,금,오정로(부천시계),B-26,유출,외발산사거리->오쇠삼거리,11731.0,37.54318,126.8123,17시,1335.0
0,20181207.0,금,오정로(부천시계),B-26,유출,외발산사거리->오쇠삼거리,11731.0,37.54318,126.8123,18시,1289.0
0,20181207.0,금,오정로(부천시계),B-26,유출,외발산사거리->오쇠삼거리,11731.0,37.54318,126.8123,19시,1072.0
0,20181207.0,금,오정로(부천시계),B-26,유출,외발산사거리->오쇠삼거리,11731.0,37.54318,126.8123,20시,701.0
0,20181208.0,토,오정로(부천시계),B-26,유출,외발산사거리->오쇠삼거리,10198.0,37.54318,126.8123,8시,510.0
0,20181208.0,토,오정로(부천시계),B-26,유출,외발산사거리->오쇠삼거리,10198.0,37.54318,126.8123,9시,589.0
0,20181208.0,토,오정로(부천시계),B-26,유출,외발산사거리->오쇠삼거리,10198.0,37.54318,126.8123,10시,666.0
0,20181208.0,토,오정로(부천시계),B-26,유출,외발산사거리->오쇠삼거리,10198.0,37.54318,126.8123,11시,699.0
0,20181208.0,토,오정로(부천시계),B-26,유출,외발산사거리->오쇠삼거리,10198.0,37.54318,126.8123,12시,781.0
0,20181208.0,토,오정로(부천시계),B-26,유출,외발산사거리->오쇠삼거리,10198.0,37.54318,126.8123,13시,822.0
0,20181208.0,토,오정로(부천시계),B-26,유출,외발산사거리->오쇠삼거리,10198.0,37.54318,126.8123,14시,792.0
0,20181208.0,토,오정로(부천시계),B-26,유출,외발산사거리->오쇠삼거리,10198.0,37.54318,126.8123,15시,997.0
0,20181208.0,토,오정로(부천시계),B-26,유출,외발산사거리->오쇠삼거리,10198.0,37.54318,126.8123,16시,1084.0
0,20181208.0,토,오정로(부천시계),B-26,유출,외발산사거리->오쇠삼거리,10198.0,37.54318,126.8123,17시,1017.0
0,20181208.0,토,오정로(부천시계),B-26,유출,외발산사거리->오쇠삼거리,10198.0,37.54318,126.8123,18시,973.0
0,20181208.0,토,오정로(부천시계),B-26,유출,외발산사거리->오쇠삼거리,10198.0,37.54318,126.8123,19시,738.0
0,20181208.0,토,오정로(부천시계),B-26,유출,외발산사거리->오쇠삼거리,10198.0,37.54318,126.8123,20시,530.0
0,20181209.0,일,오정로(부천시계),B-26,유출,외발산사거리->오쇠삼거리,7499.0,37.54318,126.8123,8시,316.0
0,20181209.0,일,오정로(부천시계),B-26,유출,외발산사거리->오쇠삼거리,7499.0,37.54318,126.8123,9시,391.0
0,20181209.0,일,오정로(부천시계),B-26,유출,외발산사거리->오쇠삼거리,7499.0,37.54318,126.8123,10시,446.0
0,20181209.0,일,오정로(부천시계),B-26,유출,외발산사거리->오쇠삼거리,7499.0,37.54318,126.8123,11시,469.0
0,20181209.0,일,오정로(부천시계),B-26,유출,외발산사거리->오쇠삼거리,7499.0,37.54318,126.8123,12시,561.0
0,20181209.0,일,오정로(부천시계),B-26,유출,외발산사거리->오쇠삼거리,7499.0,37.54318,126.8123,13시,580.0
0,20181209.0,일,오정로(부천시계),B-26,유출,외발산사거리->오쇠삼거리,7499.0,37.54318,126.8123,14시,646.0
0,20181209.0,일,오정로(부천시계),B-26,유출,외발산사거리->오쇠삼거리,7499.0,37.54318,126.8123,15시,722.0
0,20181209.0,일,오정로(부천시계),B-26,유출,외발산사거리->오쇠삼거리,7499.0,37.54318,126.8123,16시,830.0
0,20181209.0,일,오정로(부천시계),B-26,유출,외발산사거리->오쇠삼거리,7499.0,37.54318,126.8123,17시,806.0
0,20181209.0,일,오정로(부천시계),B-26,유출,외발산사거리->오쇠삼거리,7499.0,37.54318,126.8123,18시,710.0
0,20181209.0,일,오정로(부천시계),B-26,유출,외발산사거리->오쇠삼거리,7499.0,37.54318,126.8123,19시,550.0
0,20181209.0,일,오정로(부천시계),B-26,유출,외발산사거리->오쇠삼거리,7499.0,37.54318,126.8123,20시,472.0
0,20181210.0,월,오정로(부천시계),B-26,유출,외발산사거리->오쇠삼거리,10827.0,37.54318,126.8123,8시,1009.0
0,20181210.0,월,오정로(부천시계),B-26,유출,외발산사거리->오쇠삼거리,10827.0,37.54318,126.8123,9시,685.0
0,20181210.0,월,오정로(부천시계),B-26,유출,외발산사거리->오쇠삼거리,10827.0,37.54318,126.8123,10시,626.0
0,20181210.0,월,오정로(부천시계),B-26,유출,외발산사거리->오쇠삼거리,10827.0,37.54318,126.8123,11시,671.0
0,20181210.0,월,오정로(부천시계),B-26,유출,외발산사거리->오쇠삼거리,10827.0,37.54318,126.8123,12시,685.0
0,20181210.0,월,오정로(부천시계),B-26,유출,외발산사거리->오쇠삼거리,10827.0,37.54318,126.8123,13시,671.0
0,20181210.0,월,오정로(부천시계),B-26,유출,외발산사거리->오쇠삼거리,10827.0,37.54318,126.8123,14시,730.0
0,20181210.0,월,오정로(부천시계),B-26,유출,외발산사거리->오쇠삼거리,10827.0,37.54318,126.8123,15시,833.0
0,20181210.0,월,오정로(부천시계),B-26,유출,외발산사거리->오쇠삼거리,10827.0,37.54318,126.8123,16시,958.0
0,20181210.0,월,오정로(부천시계),B-26,유출,외발산사거리->오쇠삼거리,10827.0,37.54318,126.8123,17시,1222.0
0,20181210.0,월,오정로(부천시계),B-26,유출,외발산사거리->오쇠삼거리,10827.0,37.54318,126.8123,18시,1239.0
0,20181210.0,월,오정로(부천시계),B-26,유출,외발산사거리->오쇠삼거리,10827.0,37.54318,126.8123,19시,900.0
0,20181210.0,월,오정로(부천시계),B-26,유출,외발산사거리->오쇠삼거리,10827.0,37.54318,126.8123,20시,598.0
0,20181211.0,화,오정로(부천시계),B-26,유출,외발산사거리->오쇠삼거리,10597.0,37.54318,126.8123,8시,1011.0
0,20181211.0,화,오정로(부천시계),B-26,유출,외발산사거리->오쇠삼거리,10597.0,37.54318,126.8123,9시,662.0
0,20181211.0,화,오정로(부천시계),B-26,유출,외발산사거리->오쇠삼거리,10597.0,37.54318,126.8123,10시,686.0
0,20181211.0,화,오정로(부천시계),B-26,유출,외발산사거리->오쇠삼거리,10597.0,37.54318,126.8123,11시,647.0
0,20181211.0,화,오정로(부천시계),B-26,유출,외발산사거리->오쇠삼거리,10597.0,37.54318,126.8123,12시,618.0
0,20181211.0,화,오정로(부천시계),B-26,유출,외발산사거리->오쇠삼거리,10597.0,37.54318,126.8123,13시,648.0
0,20181211.0,화,오정로(부천시계),B-26,유출,외발산사거리->오쇠삼거리,10597.0,37.54318,126.8123,14시,731.0
0,20181211.0,화,오정로(부천시계),B-26,유출,외발산사거리->오쇠삼거리,10597.0,37.54318,126.8123,15시,711.0
0,20181211.0,화,오정로(부천시계),B-26,유출,외발산사거리->오쇠삼거리,10597.0,37.54318,126.8123,16시,924.0
0,20181211.0,화,오정로(부천시계),B-26,유출,외발산사거리->오쇠삼거리,10597.0,37.54318,126.8123,17시,1209.0
0,20181211.0,화,오정로(부천시계),B-26,유출,외발산사거리->오쇠삼거리,10597.0,37.54318,126.8123,18시,1238.0
0,20181211.0,화,오정로(부천시계),B-26,유출,외발산사거리->오쇠삼거리,10597.0,37.54318,126.8123,19시,925.0
0,20181211.0,화,오정로(부천시계),B-26,유출,외발산사거리->오쇠삼거리,10597.0,37.54318,126.8123,20시,587.0
0,20181212.0,수,오정로(부천시계),B-26,유출,외발산사거리->오쇠삼거리,11008.0,37.54318,126.8123,8시,963.0
0,20181212.0,수,오정로(부천시계),B-26,유출,외발산사거리->오쇠삼거리,11008.0,37.54318,126.8123,9시,699.0
0,20181212.0,수,오정로(부천시계),B-26,유출,외발산사거리->오쇠삼거리,11008.0,37.54318,126.8123,10시,703.0
0,20181212.0,수,오정로(부천시계),B-26,유출,외발산사거리->오쇠삼거리,11008.0,37.54318,126.8123,11시,716.0
0,20181212.0,수,오정로(부천시계),B-26,유출,외발산사거리->오쇠삼거리,11008.0,37.54318,126.8123,12시,618.0
0,20181212.0,수,오정로(부천시계),B-26,유출,외발산사거리->오쇠삼거리,11008.0,37.54318,126.8123,13시,691.0
0,20181212.0,수,오정로(부천시계),B-26,유출,외발산사거리->오쇠삼거리,11008.0,37.54318,126.8123,14시,737.0
0,20181212.0,수,오정로(부천시계),B-26,유출,외발산사거리->오쇠삼거리,11008.0,37.54318,126.8123,15시,764.0
0,20181212.0,수,오정로(부천시계),B-26,유출,외발산사거리->오쇠삼거리,11008.0,37.54318,126.8123,16시,1003.0
0,20181212.0,수,오정로(부천시계),B-26,유출,외발산사거리->오쇠삼거리,11008.0,37.54318,126.8123,17시,1260.0
0,20181212.0,수,오정로(부천시계),B-26,유출,외발산사거리->오쇠삼거리,11008.0,37.54318,126.8123,18시,1268.0
0,20181212.0,수,오정로(부천시계),B-26,유출,외발산사거리->오쇠삼거리,11008.0,37.54318,126.8123,19시,980.0
0,20181212.0,수,오정로(부천시계),B-26,유출,외발산사거리->오쇠삼거리,11008.0,37.54318,126.8123,20시,606.0
0,20181213.0,목,오정로(부천시계),B-26,유출,외발산사거리->오쇠삼거리,9505.0,37.54318,126.8123,8시,949.0
0,20181213.0,목,오정로(부천시계),B-26,유출,외발산사거리->오쇠삼거리,9505.0,37.54318,126.8123,9시,630.0
0,20181213.0,목,오정로(부천시계),B-26,유출,외발산사거리->오쇠삼거리,9505.0,37.54318,126.8123,10시,549.0
0,20181213.0,목,오정로(부천시계),B-26,유출,외발산사거리->오쇠삼거리,9505.0,37.54318,126.8123,11시,535.0
0,20181213.0,목,오정로(부천시계),B-26,유출,외발산사거리->오쇠삼거리,9505.0,37.54318,126.8123,12시,585.0
0,20181213.0,목,오정로(부천시계),B-26,유출,외발산사거리->오쇠삼거리,9505.0,37.54318,126.8123,13시,581.0
0,20181213.0,목,오정로(부천시계),B-26,유출,외발산사거리->오쇠삼거리,9505.0,37.54318,126.8123,14시,664.0
0,20181213.0,목,오정로(부천시계),B-26,유출,외발산사거리->오쇠삼거리,9505.0,37.54318,126.8123,15시,655.0
0,20181213.0,목,오정로(부천시계),B-26,유출,외발산사거리->오쇠삼거리,9505.0,37.54318,126.8123,16시,833.0
0,20181213.0,목,오정로(부천시계),B-26,유출,외발산사거리->오쇠삼거리,9505.0,37.54318,126.8123,17시,1100.0
0,20181213.0,목,오정로(부천시계),B-26,유출,외발산사거리->오쇠삼거리,9505.0,37.54318,126.8123,18시,1118.0
0,20181213.0,목,오정로(부천시계),B-26,유출,외발산사거리->오쇠삼거리,9505.0,37.54318,126.8123,19시,755.0
0,20181213.0,목,오정로(부천시계),B-26,유출,외발산사거리->오쇠삼거리,9505.0,37.54318,126.8123,20시,551.0
0,20181214.0,금,오정로(부천시계),B-26,유출,외발산사거리->오쇠삼거리,11493.0,37.54318,126.8123,8시,925.0
0,20181214.0,금,오정로(부천시계),B-26,유출,외발산사거리->오쇠삼거리,11493.0,37.54318,126.8123,9시,732.0
0,20181214.0,금,오정로(부천시계),B-26,유출,외발산사거리->오쇠삼거리,11493.0,37.54318,126.8123,10시,712.0
0,20181214.0,금,오정로(부천시계),B-26,유출,외발산사거리->오쇠삼거리,11493.0,37.54318,126.8123,11시,752.0
0,20181214.0,금,오정로(부천시계),B-26,유출,외발산사거리->오쇠삼거리,11493.0,37.54318,126.8123,12시,693.0
0,20181214.0,금,오정로(부천시계),B-26,유출,외발산사거리->오쇠삼거리,11493.0,37.54318,126.8123,13시,673.0
0,20181214.0,금,오정로(부천시계),B-26,유출,외발산사거리->오쇠삼거리,11493.0,37.54318,126.8123,14시,781.0
0,20181214.0,금,오정로(부천시계),B-26,유출,외발산사거리->오쇠삼거리,11493.0,37.54318,126.8123,15시,889.0
0,20181214.0,금,오정로(부천시계),B-26,유출,외발산사거리->오쇠삼거리,11493.0,37.54318,126.8123,16시,1096.0
0,20181214.0,금,오정로(부천시계),B-26,유출,외발산사거리->오쇠삼거리,11493.0,37.54318,126.8123,17시,1175.0
0,20181214.0,금,오정로(부천시계),B-26,유출,외발산사거리->오쇠삼거리,11493.0,37.54318,126.8123,18시,1310.0
0,20181214.0,금,오정로(부천시계),B-26,유출,외발산사거리->오쇠삼거리,11493.0,37.54318,126.8123,19시,1033.0
0,20181214.0,금,오정로(부천시계),B-26,유출,외발산사거리->오쇠삼거리,11493.0,37.54318,126.8123,20시,722.0
0,20181218.0,화,오정로(부천시계),B-26,유출,외발산사거리->오쇠삼거리,10980.0,37.54318,126.8123,8시,948.0
0,20181218.0,화,오정로(부천시계),B-26,유출,외발산사거리->오쇠삼거리,10980.0,37.54318,126.8123,9시,685.0
0,20181218.0,화,오정로(부천시계),B-26,유출,외발산사거리->오쇠삼거리,10980.0,37.54318,126.8123,10시,698.0
0,20181218.0,화,오정로(부천시계),B-26,유출,외발산사거리->오쇠삼거리,10980.0,37.54318,126.8123,11시,683.0
0,20181218.0,화,오정로(부천시계),B-26,유출,외발산사거리->오쇠삼거리,10980.0,37.54318,126.8123,12시,741.0
0,20181218.0,화,오정로(부천시계),B-26,유출,외발산사거리->오쇠삼거리,10980.0,37.54318,126.8123,13시,708.0
0,20181218.0,화,오정로(부천시계),B-26,유출,외발산사거리->오쇠삼거리,10980.0,37.54318,126.8123,14시,747.0
0,20181218.0,화,오정로(부천시계),B-26,유출,외발산사거리->오쇠삼거리,10980.0,37.54318,126.8123,15시,829.0
0,20181218.0,화,오정로(부천시계),B-26,유출,외발산사거리->오쇠삼거리,10980.0,37.54318,126.8123,16시,971.0
0,20181218.0,화,오정로(부천시계),B-26,유출,외발산사거리->오쇠삼거리,10980.0,37.54318,126.8123,17시,1242.0
0,20181218.0,화,오정로(부천시계),B-26,유출,외발산사거리->오쇠삼거리,10980.0,37.54318,126.8123,18시,1232.0
0,20181218.0,화,오정로(부천시계),B-26,유출,외발산사거리->오쇠삼거리,10980.0,37.54318,126.8123,19시,888.0
0,20181218.0,화,오정로(부천시계),B-26,유출,외발산사거리->오쇠삼거리,10980.0,37.54318,126.8123,20시,608.0
0,20181219.0,수,오정로(부천시계),B-26,유출,외발산사거리->오쇠삼거리,11340.0,37.54318,126.8123,8시,936.0
0,20181219.0,수,오정로(부천시계),B-26,유출,외발산사거리->오쇠삼거리,11340.0,37.54318,126.8123,9시,735.0
0,20181219.0,수,오정로(부천시계),B-26,유출,외발산사거리->오쇠삼거리,11340.0,37.54318,126.8123,10시,703.0
0,20181219.0,수,오정로(부천시계),B-26,유출,외발산사거리->오쇠삼거리,11340.0,37.54318,126.8123,11시,722.0
0,20181219.0,수,오정로(부천시계),B-26,유출,외발산사거리->오쇠삼거리,11340.0,37.54318,126.8123,12시,628.0
0,20181219.0,수,오정로(부천시계),B-26,유출,외발산사거리->오쇠삼거리,11340.0,37.54318,126.8123,13시,680.0
0,20181219.0,수,오정로(부천시계),B-26,유출,외발산사거리->오쇠삼거리,11340.0,37.54318,126.8123,14시,759.0
0,20181219.0,수,오정로(부천시계),B-26,유출,외발산사거리->오쇠삼거리,11340.0,37.54318,126.8123,15시,818.0
0,20181219.0,수,오정로(부천시계),B-26,유출,외발산사거리->오쇠삼거리,11340.0,37.54318,126.8123,16시,1033.0
0,20181219.0,수,오정로(부천시계),B-26,유출,외발산사거리->오쇠삼거리,11340.0,37.54318,126.8123,17시,1309.0
0,20181219.0,수,오정로(부천시계),B-26,유출,외발산사거리->오쇠삼거리,11340.0,37.54318,126.8123,18시,1337.0
0,20181219.0,수,오정로(부천시계),B-26,유출,외발산사거리->오쇠삼거리,11340.0,37.54318,126.8123,19시,1037.0
0,20181219.0,수,오정로(부천시계),B-26,유출,외발산사거리->오쇠삼거리,11340.0,37.54318,126.8123,20시,643.0
0,20181220.0,목,오정로(부천시계),B-26,유출,외발산사거리->오쇠삼거리,10650.0,37.54318,126.8123,8시,909.0
0,20181220.0,목,오정로(부천시계),B-26,유출,외발산사거리->오쇠삼거리,10650.0,37.54318,126.8123,9시,694.0
0,20181220.0,목,오정로(부천시계),B-26,유출,외발산사거리->오쇠삼거리,10650.0,37.54318,126.8123,10시,644.0
0,20181220.0,목,오정로(부천시계),B-26,유출,외발산사거리->오쇠삼거리,10650.0,37.54318,126.8123,11시,677.0
0,20181220.0,목,오정로(부천시계),B-26,유출,외발산사거리->오쇠삼거리,10650.0,37.54318,126.8123,12시,625.0
0,20181220.0,목,오정로(부천시계),B-26,유출,외발산사거리->오쇠삼거리,10650.0,37.54318,126.8123,13시,645.0
0,20181220.0,목,오정로(부천시계),B-26,유출,외발산사거리->오쇠삼거리,10650.0,37.54318,126.8123,14시,750.0
0,20181220.0,목,오정로(부천시계),B-26,유출,외발산사거리->오쇠삼거리,10650.0,37.54318,126.8123,15시,796.0
0,20181220.0,목,오정로(부천시계),B-26,유출,외발산사거리->오쇠삼거리,10650.0,37.54318,126.8123,16시,1021.0
0,20181220.0,목,오정로(부천시계),B-26,유출,외발산사거리->오쇠삼거리,10650.0,37.54318,126.8123,17시,1248.0
0,20181220.0,목,오정로(부천시계),B-26,유출,외발산사거리->오쇠삼거리,10650.0,37.54318,126.8123,18시,1146.0
0,20181220.0,목,오정로(부천시계),B-26,유출,외발산사거리->오쇠삼거리,10650.0,37.54318,126.8123,19시,882.0
0,20181220.0,목,오정로(부천시계),B-26,유출,외발산사거리->오쇠삼거리,10650.0,37.54318,126.8123,20시,613.0
0,20181221.0,금,오정로(부천시계),B-26,유출,외발산사거리->오쇠삼거리,11756.0,37.54318,126.8123,8시,930.0
0,20181221.0,금,오정로(부천시계),B-26,유출,외발산사거리->오쇠삼거리,11756.0,37.54318,126.8123,9시,738.0
0,20181221.0,금,오정로(부천시계),B-26,유출,외발산사거리->오쇠삼거리,11756.0,37.54318,126.8123,10시,707.0
0,20181221.0,금,오정로(부천시계),B-26,유출,외발산사거리->오쇠삼거리,11756.0,37.54318,126.8123,11시,732.0
0,20181221.0,금,오정로(부천시계),B-26,유출,외발산사거리->오쇠삼거리,11756.0,37.54318,126.8123,12시,659.0
0,20181221.0,금,오정로(부천시계),B-26,유출,외발산사거리->오쇠삼거리,11756.0,37.54318,126.8123,13시,747.0
0,20181221.0,금,오정로(부천시계),B-26,유출,외발산사거리->오쇠삼거리,11756.0,37.54318,126.8123,14시,824.0
0,20181221.0,금,오정로(부천시계),B-26,유출,외발산사거리->오쇠삼거리,11756.0,37.54318,126.8123,15시,900.0
0,20181221.0,금,오정로(부천시계),B-26,유출,외발산사거리->오쇠삼거리,11756.0,37.54318,126.8123,16시,1143.0
0,20181221.0,금,오정로(부천시계),B-26,유출,외발산사거리->오쇠삼거리,11756.0,37.54318,126.8123,17시,1274.0
0,20181221.0,금,오정로(부천시계),B-26,유출,외발산사거리->오쇠삼거리,11756.0,37.54318,126.8123,18시,1345.0
0,20181221.0,금,오정로(부천시계),B-26,유출,외발산사거리->오쇠삼거리,11756.0,37.54318,126.8123,19시,1077.0
0,20181221.0,금,오정로(부천시계),B-26,유출,외발산사거리->오쇠삼거리,11756.0,37.54318,126.8123,20시,680.0
0,20181222.0,토,오정로(부천시계),B-26,유출,외발산사거리->오쇠삼거리,10347.0,37.54318,126.8123,8시,537.0
0,20181222.0,토,오정로(부천시계),B-26,유출,외발산사거리->오쇠삼거리,10347.0,37.54318,126.8123,9시,585.0
0,20181222.0,토,오정로(부천시계),B-26,유출,외발산사거리->오쇠삼거리,10347.0,37.54318,126.8123,10시,698.0
0,20181222.0,토,오정로(부천시계),B-26,유출,외발산사거리->오쇠삼거리,10347.0,37.54318,126.8123,11시,744.0
0,20181222.0,토,오정로(부천시계),B-26,유출,외발산사거리->오쇠삼거리,10347.0,37.54318,126.8123,12시,730.0
0,20181222.0,토,오정로(부천시계),B-26,유출,외발산사거리->오쇠삼거리,10347.0,37.54318,126.8123,13시,833.0
0,20181222.0,토,오정로(부천시계),B-26,유출,외발산사거리->오쇠삼거리,10347.0,37.54318,126.8123,14시,855.0
0,20181222.0,토,오정로(부천시계),B-26,유출,외발산사거리->오쇠삼거리,10347.0,37.54318,126.8123,15시,994.0
0,20181222.0,토,오정로(부천시계),B-26,유출,외발산사거리->오쇠삼거리,10347.0,37.54318,126.8123,16시,1046.0
0,20181222.0,토,오정로(부천시계),B-26,유출,외발산사거리->오쇠삼거리,10347.0,37.54318,126.8123,17시,1144.0
0,20181222.0,토,오정로(부천시계),B-26,유출,외발산사거리->오쇠삼거리,10347.0,37.54318,126.8123,18시,1053.0
0,20181222.0,토,오정로(부천시계),B-26,유출,외발산사거리->오쇠삼거리,10347.0,37.54318,126.8123,19시,649.0
0,20181222.0,토,오정로(부천시계),B-26,유출,외발산사거리->오쇠삼거리,10347.0,37.54318,126.8123,20시,479.0
0,20181223.0,일,오정로(부천시계),B-26,유출,외발산사거리->오쇠삼거리,7346.0,37.54318,126.8123,8시,288.0
0,20181223.0,일,오정로(부천시계),B-26,유출,외발산사거리->오쇠삼거리,7346.0,37.54318,126.8123,9시,410.0
0,20181223.0,일,오정로(부천시계),B-26,유출,외발산사거리->오쇠삼거리,7346.0,37.54318,126.8123,10시,464.0
0,20181223.0,일,오정로(부천시계),B-26,유출,외발산사거리->오쇠삼거리,7346.0,37.54318,126.8123,11시,455.0
0,20181223.0,일,오정로(부천시계),B-26,유출,외발산사거리->오쇠삼거리,7346.0,37.54318,126.8123,12시,522.0
0,20181223.0,일,오정로(부천시계),B-26,유출,외발산사거리->오쇠삼거리,7346.0,37.54318,126.8123,13시,571.0
0,20181223.0,일,오정로(부천시계),B-26,유출,외발산사거리->오쇠삼거리,7346.0,37.54318,126.8123,14시,633.0
0,20181223.0,일,오정로(부천시계),B-26,유출,외발산사거리->오쇠삼거리,7346.0,37.54318,126.8123,15시,677.0
0,20181223.0,일,오정로(부천시계),B-26,유출,외발산사거리->오쇠삼거리,7346.0,37.54318,126.8123,16시,852.0
0,20181223.0,일,오정로(부천시계),B-26,유출,외발산사거리->오쇠삼거리,7346.0,37.54318,126.8123,17시,827.0
0,20181223.0,일,오정로(부천시계),B-26,유출,외발산사거리->오쇠삼거리,7346.0,37.54318,126.8123,18시,680.0
0,20181223.0,일,오정로(부천시계),B-26,유출,외발산사거리->오쇠삼거리,7346.0,37.54318,126.8123,19시,515.0
0,20181223.0,일,오정로(부천시계),B-26,유출,외발산사거리->오쇠삼거리,7346.0,37.54318,126.8123,20시,452.0
0,20181224.0,월,오정로(부천시계),B-26,유출,외발산사거리->오쇠삼거리,11009.0,37.54318,126.8123,8시,821.0
0,20181224.0,월,오정로(부천시계),B-26,유출,외발산사거리->오쇠삼거리,11009.0,37.54318,126.8123,9시,631.0
0,20181224.0,월,오정로(부천시계),B-26,유출,외발산사거리->오쇠삼거리,11009.0,37.54318,126.8123,10시,641.0
0,20181224.0,월,오정로(부천시계),B-26,유출,외발산사거리->오쇠삼거리,11009.0,37.54318,126.8123,11시,642.0
0,20181224.0,월,오정로(부천시계),B-26,유출,외발산사거리->오쇠삼거리,11009.0,37.54318,126.8123,12시,669.0
0,20181224.0,월,오정로(부천시계),B-26,유출,외발산사거리->오쇠삼거리,11009.0,37.54318,126.8123,13시,696.0
0,20181224.0,월,오정로(부천시계),B-26,유출,외발산사거리->오쇠삼거리,11009.0,37.54318,126.8123,14시,796.0
0,20181224.0,월,오정로(부천시계),B-26,유출,외발산사거리->오쇠삼거리,11009.0,37.54318,126.8123,15시,865.0
0,20181224.0,월,오정로(부천시계),B-26,유출,외발산사거리->오쇠삼거리,11009.0,37.54318,126.8123,16시,1075.0
0,20181224.0,월,오정로(부천시계),B-26,유출,외발산사거리->오쇠삼거리,11009.0,37.54318,126.8123,17시,1223.0
0,20181224.0,월,오정로(부천시계),B-26,유출,외발산사거리->오쇠삼거리,11009.0,37.54318,126.8123,18시,1215.0
0,20181224.0,월,오정로(부천시계),B-26,유출,외발산사거리->오쇠삼거리,11009.0,37.54318,126.8123,19시,1056.0
0,20181224.0,월,오정로(부천시계),B-26,유출,외발산사거리->오쇠삼거리,11009.0,37.54318,126.8123,20시,679.0
0,20181225.0,화,오정로(부천시계),B-26,유출,외발산사거리->오쇠삼거리,7808.0,37.54318,126.8123,8시,381.0
0,20181225.0,화,오정로(부천시계),B-26,유출,외발산사거리->오쇠삼거리,7808.0,37.54318,126.8123,9시,410.0
0,20181225.0,화,오정로(부천시계),B-26,유출,외발산사거리->오쇠삼거리,7808.0,37.54318,126.8123,10시,471.0
0,20181225.0,화,오정로(부천시계),B-26,유출,외발산사거리->오쇠삼거리,7808.0,37.54318,126.8123,11시,478.0
0,20181225.0,화,오정로(부천시계),B-26,유출,외발산사거리->오쇠삼거리,7808.0,37.54318,126.8123,12시,518.0
0,20181225.0,화,오정로(부천시계),B-26,유출,외발산사거리->오쇠삼거리,7808.0,37.54318,126.8123,13시,614.0
0,20181225.0,화,오정로(부천시계),B-26,유출,외발산사거리->오쇠삼거리,7808.0,37.54318,126.8123,14시,679.0
0,20181225.0,화,오정로(부천시계),B-26,유출,외발산사거리->오쇠삼거리,7808.0,37.54318,126.8123,15시,785.0
0,20181225.0,화,오정로(부천시계),B-26,유출,외발산사거리->오쇠삼거리,7808.0,37.54318,126.8123,16시,922.0
0,20181225.0,화,오정로(부천시계),B-26,유출,외발산사거리->오쇠삼거리,7808.0,37.54318,126.8123,17시,900.0
0,20181225.0,화,오정로(부천시계),B-26,유출,외발산사거리->오쇠삼거리,7808.0,37.54318,126.8123,18시,687.0
0,20181225.0,화,오정로(부천시계),B-26,유출,외발산사거리->오쇠삼거리,7808.0,37.54318,126.8123,19시,493.0
0,20181225.0,화,오정로(부천시계),B-26,유출,외발산사거리->오쇠삼거리,7808.0,37.54318,126.8123,20시,470.0
0,20181226.0,수,오정로(부천시계),B-26,유출,외발산사거리->오쇠삼거리,11112.0,37.54318,126.8123,8시,926.0
0,20181226.0,수,오정로(부천시계),B-26,유출,외발산사거리->오쇠삼거리,11112.0,37.54318,126.8123,9시,741.0
0,20181226.0,수,오정로(부천시계),B-26,유출,외발산사거리->오쇠삼거리,11112.0,37.54318,126.8123,10시,671.0
0,20181226.0,수,오정로(부천시계),B-26,유출,외발산사거리->오쇠삼거리,11112.0,37.54318,126.8123,11시,683.0
0,20181226.0,수,오정로(부천시계),B-26,유출,외발산사거리->오쇠삼거리,11112.0,37.54318,126.8123,12시,693.0
0,20181226.0,수,오정로(부천시계),B-26,유출,외발산사거리->오쇠삼거리,11112.0,37.54318,126.8123,13시,704.0
0,20181226.0,수,오정로(부천시계),B-26,유출,외발산사거리->오쇠삼거리,11112.0,37.54318,126.8123,14시,773.0
0,20181226.0,수,오정로(부천시계),B-26,유출,외발산사거리->오쇠삼거리,11112.0,37.54318,126.8123,15시,813.0
0,20181226.0,수,오정로(부천시계),B-26,유출,외발산사거리->오쇠삼거리,11112.0,37.54318,126.8123,16시,1049.0
0,20181226.0,수,오정로(부천시계),B-26,유출,외발산사거리->오쇠삼거리,11112.0,37.54318,126.8123,17시,1285.0
0,20181226.0,수,오정로(부천시계),B-26,유출,외발산사거리->오쇠삼거리,11112.0,37.54318,126.8123,18시,1227.0
0,20181226.0,수,오정로(부천시계),B-26,유출,외발산사거리->오쇠삼거리,11112.0,37.54318,126.8123,19시,960.0
0,20181226.0,수,오정로(부천시계),B-26,유출,외발산사거리->오쇠삼거리,11112.0,37.54318,126.8123,20시,587.0
0,20181227.0,목,오정로(부천시계),B-26,유출,외발산사거리->오쇠삼거리,10790.0,37.54318,126.8123,8시,949.0
0,20181227.0,목,오정로(부천시계),B-26,유출,외발산사거리->오쇠삼거리,10790.0,37.54318,126.8123,9시,721.0
0,20181227.0,목,오정로(부천시계),B-26,유출,외발산사거리->오쇠삼거리,10790.0,37.54318,126.8123,10시,668.0
0,20181227.0,목,오정로(부천시계),B-26,유출,외발산사거리->오쇠삼거리,10790.0,37.54318,126.8123,11시,624.0
0,20181227.0,목,오정로(부천시계),B-26,유출,외발산사거리->오쇠삼거리,10790.0,37.54318,126.8123,12시,659.0
0,20181227.0,목,오정로(부천시계),B-26,유출,외발산사거리->오쇠삼거리,10790.0,37.54318,126.8123,13시,689.0
0,20181227.0,목,오정로(부천시계),B-26,유출,외발산사거리->오쇠삼거리,10790.0,37.54318,126.8123,14시,780.0
0,20181227.0,목,오정로(부천시계),B-26,유출,외발산사거리->오쇠삼거리,10790.0,37.54318,126.8123,15시,814.0
0,20181227.0,목,오정로(부천시계),B-26,유출,외발산사거리->오쇠삼거리,10790.0,37.54318,126.8123,16시,1001.0
0,20181227.0,목,오정로(부천시계),B-26,유출,외발산사거리->오쇠삼거리,10790.0,37.54318,126.8123,17시,1236.0
0,20181227.0,목,오정로(부천시계),B-26,유출,외발산사거리->오쇠삼거리,10790.0,37.54318,126.8123,18시,1224.0
0,20181227.0,목,오정로(부천시계),B-26,유출,외발산사거리->오쇠삼거리,10790.0,37.54318,126.8123,19시,836.0
0,20181227.0,목,오정로(부천시계),B-26,유출,외발산사거리->오쇠삼거리,10790.0,37.54318,126.8123,20시,589.0
0,20181228.0,금,오정로(부천시계),B-26,유출,외발산사거리->오쇠삼거리,11157.0,37.54318,126.8123,8시,926.0
0,20181228.0,금,오정로(부천시계),B-26,유출,외발산사거리->오쇠삼거리,11157.0,37.54318,126.8123,9시,585.0
0,20181228.0,금,오정로(부천시계),B-26,유출,외발산사거리->오쇠삼거리,11157.0,37.54318,126.8123,10시,699.0
0,20181228.0,금,오정로(부천시계),B-26,유출,외발산사거리->오쇠삼거리,11157.0,37.54318,126.8123,11시,758.0
0,20181228.0,금,오정로(부천시계),B-26,유출,외발산사거리->오쇠삼거리,11157.0,37.54318,126.8123,12시,661.0
0,20181228.0,금,오정로(부천시계),B-26,유출,외발산사거리->오쇠삼거리,11157.0,37.54318,126.8123,13시,734.0
0,20181228.0,금,오정로(부천시계),B-26,유출,외발산사거리->오쇠삼거리,11157.0,37.54318,126.8123,14시,760.0
0,20181228.0,금,오정로(부천시계),B-26,유출,외발산사거리->오쇠삼거리,11157.0,37.54318,126.8123,15시,898.0
0,20181228.0,금,오정로(부천시계),B-26,유출,외발산사거리->오쇠삼거리,11157.0,37.54318,126.8123,16시,1143.0
0,20181228.0,금,오정로(부천시계),B-26,유출,외발산사거리->오쇠삼거리,11157.0,37.54318,126.8123,17시,1237.0
0,20181228.0,금,오정로(부천시계),B-26,유출,외발산사거리->오쇠삼거리,11157.0,37.54318,126.8123,18시,1246.0
0,20181228.0,금,오정로(부천시계),B-26,유출,외발산사거리->오쇠삼거리,11157.0,37.54318,126.8123,19시,914.0
0,20181228.0,금,오정로(부천시계),B-26,유출,외발산사거리->오쇠삼거리,11157.0,37.54318,126.8123,20시,596.0
0,20181229.0,토,오정로(부천시계),B-26,유출,외발산사거리->오쇠삼거리,9348.0,37.54318,126.8123,8시,500.0
0,20181229.0,토,오정로(부천시계),B-26,유출,외발산사거리->오쇠삼거리,9348.0,37.54318,126.8123,9시,519.0
0,20181229.0,토,오정로(부천시계),B-26,유출,외발산사거리->오쇠삼거리,9348.0,37.54318,126.8123,10시,628.0
0,20181229.0,토,오정로(부천시계),B-26,유출,외발산사거리->오쇠삼거리,9348.0,37.54318,126.8123,11시,703.0
0,20181229.0,토,오정로(부천시계),B-26,유출,외발산사거리->오쇠삼거리,9348.0,37.54318,126.8123,12시,713.0
0,20181229.0,토,오정로(부천시계),B-26,유출,외발산사거리->오쇠삼거리,9348.0,37.54318,126.8123,13시,717.0
0,20181229.0,토,오정로(부천시계),B-26,유출,외발산사거리->오쇠삼거리,9348.0,37.54318,126.8123,14시,778.0
0,20181229.0,토,오정로(부천시계),B-26,유출,외발산사거리->오쇠삼거리,9348.0,37.54318,126.8123,15시,854.0
0,20181229.0,토,오정로(부천시계),B-26,유출,외발산사거리->오쇠삼거리,9348.0,37.54318,126.8123,16시,958.0
0,20181229.0,토,오정로(부천시계),B-26,유출,외발산사거리->오쇠삼거리,9348.0,37.54318,126.8123,17시,1082.0
0,20181229.0,토,오정로(부천시계),B-26,유출,외발산사거리->오쇠삼거리,9348.0,37.54318,126.8123,18시,888.0
0,20181229.0,토,오정로(부천시계),B-26,유출,외발산사거리->오쇠삼거리,9348.0,37.54318,126.8123,19시,548.0
0,20181229.0,토,오정로(부천시계),B-26,유출,외발산사거리->오쇠삼거리,9348.0,37.54318,126.8123,20시,460.0
0,20181230.0,일,오정로(부천시계),B-26,유출,외발산사거리->오쇠삼거리,7046.0,37.54318,126.8123,8시,300.0
0,20181230.0,일,오정로(부천시계),B-26,유출,외발산사거리->오쇠삼거리,7046.0,37.54318,126.8123,9시,374.0
0,20181230.0,일,오정로(부천시계),B-26,유출,외발산사거리->오쇠삼거리,7046.0,37.54318,126.8123,10시,461.0
0,20181230.0,일,오정로(부천시계),B-26,유출,외발산사거리->오쇠삼거리,7046.0,37.54318,126.8123,11시,464.0
0,20181230.0,일,오정로(부천시계),B-26,유출,외발산사거리->오쇠삼거리,7046.0,37.54318,126.8123,12시,521.0
0,20181230.0,일,오정로(부천시계),B-26,유출,외발산사거리->오쇠삼거리,7046.0,37.54318,126.8123,13시,640.0
0,20181230.0,일,오정로(부천시계),B-26,유출,외발산사거리->오쇠삼거리,7046.0,37.54318,126.8123,14시,614.0
0,20181230.0,일,오정로(부천시계),B-26,유출,외발산사거리->오쇠삼거리,7046.0,37.54318,126.8123,15시,668.0
0,20181230.0,일,오정로(부천시계),B-26,유출,외발산사거리->오쇠삼거리,7046.0,37.54318,126.8123,16시,739.0
0,20181230.0,일,오정로(부천시계),B-26,유출,외발산사거리->오쇠삼거리,7046.0,37.54318,126.8123,17시,759.0
0,20181230.0,일,오정로(부천시계),B-26,유출,외발산사거리->오쇠삼거리,7046.0,37.54318,126.8123,18시,634.0
0,20181230.0,일,오정로(부천시계),B-26,유출,외발산사거리->오쇠삼거리,7046.0,37.54318,126.8123,19시,483.0
0,20181230.0,일,오정로(부천시계),B-26,유출,외발산사거리->오쇠삼거리,7046.0,37.54318,126.8123,20시,389.0
0,20181231.0,월,오정로(부천시계),B-26,유출,외발산사거리->오쇠삼거리,10430.0,37.54318,126.8123,8시,771.0
0,20181231.0,월,오정로(부천시계),B-26,유출,외발산사거리->오쇠삼거리,10430.0,37.54318,126.8123,9시,616.0
0,20181231.0,월,오정로(부천시계),B-26,유출,외발산사거리->오쇠삼거리,10430.0,37.54318,126.8123,10시,640.0
0,20181231.0,월,오정로(부천시계),B-26,유출,외발산사거리->오쇠삼거리,10430.0,37.54318,126.8123,11시,672.0
0,20181231.0,월,오정로(부천시계),B-26,유출,외발산사거리->오쇠삼거리,10430.0,37.54318,126.8123,12시,656.0
0,20181231.0,월,오정로(부천시계),B-26,유출,외발산사거리->오쇠삼거리,10430.0,37.54318,126.8123,13시,683.0
0,20181231.0,월,오정로(부천시계),B-26,유출,외발산사거리->오쇠삼거리,10430.0,37.54318,126.8123,14시,814.0
0,20181231.0,월,오정로(부천시계),B-26,유출,외발산사거리->오쇠삼거리,10430.0,37.54318,126.8123,15시,896.0
0,20181231.0,월,오정로(부천시계),B-26,유출,외발산사거리->오쇠삼거리,10430.0,37.54318,126.8123,16시,1052.0
0,20181231.0,월,오정로(부천시계),B-26,유출,외발산사거리->오쇠삼거리,10430.0,37.54318,126.8123,17시,1156.0
0,20181231.0,월,오정로(부천시계),B-26,유출,외발산사거리->오쇠삼거리,10430.0,37.54318,126.8123,18시,1122.0
0,20181231.0,월,오정로(부천시계),B-26,유출,외발산사거리->오쇠삼거리,10430.0,37.54318,126.8123,19시,839.0
0,20181231.0,월,오정로(부천시계),B-26,유출,외발산사거리->오쇠삼거리,10430.0,37.54318,126.8123,20시,513.0
0,20190101.0,일,오정로(부천시계),B-26,유입,오쇠삼거리->외발산사거리,5436.0,37.54318,126.8123,8시,272.0
0,20190101.0,일,오정로(부천시계),B-26,유입,오쇠삼거리->외발산사거리,5436.0,37.54318,126.8123,9시,303.0
0,20190101.0,일,오정로(부천시계),B-26,유입,오쇠삼거리->외발산사거리,5436.0,37.54318,126.8123,10시,390.0
0,20190101.0,일,오정로(부천시계),B-26,유입,오쇠삼거리->외발산사거리,5436.0,37.54318,126.8123,11시,477.0
0,20190101.0,일,오정로(부천시계),B-26,유입,오쇠삼거리->외발산사거리,5436.0,37.54318,126.8123,12시,494.0
0,20190101.0,일,오정로(부천시계),B-26,유입,오쇠삼거리->외발산사거리,5436.0,37.54318,126.8123,13시,545.0
0,20190101.0,일,오정로(부천시계),B-26,유입,오쇠삼거리->외발산사거리,5436.0,37.54318,126.8123,14시,511.0
0,20190101.0,일,오정로(부천시계),B-26,유입,오쇠삼거리->외발산사거리,5436.0,37.54318,126.8123,15시,538.0
0,20190101.0,일,오정로(부천시계),B-26,유입,오쇠삼거리->외발산사거리,5436.0,37.54318,126.8123,16시,508.0
0,20190101.0,일,오정로(부천시계),B-26,유입,오쇠삼거리->외발산사거리,5436.0,37.54318,126.8123,17시,440.0
0,20190101.0,일,오정로(부천시계),B-26,유입,오쇠삼거리->외발산사거리,5436.0,37.54318,126.8123,18시,364.0
0,20190101.0,일,오정로(부천시계),B-26,유입,오쇠삼거리->외발산사거리,5436.0,37.54318,126.8123,19시,324.0
0,20190101.0,일,오정로(부천시계),B-26,유입,오쇠삼거리->외발산사거리,5436.0,37.54318,126.8123,20시,270.0
0,20190102.0,수,오정로(부천시계),B-26,유입,오쇠삼거리->외발산사거리,7304.0,37.54318,126.8123,8시,846.0
0,20190102.0,수,오정로(부천시계),B-26,유입,오쇠삼거리->외발산사거리,7304.0,37.54318,126.8123,9시,648.0
0,20190102.0,수,오정로(부천시계),B-26,유입,오쇠삼거리->외발산사거리,7304.0,37.54318,126.8123,10시,544.0
0,20190102.0,수,오정로(부천시계),B-26,유입,오쇠삼거리->외발산사거리,7304.0,37.54318,126.8123,11시,514.0
0,20190102.0,수,오정로(부천시계),B-26,유입,오쇠삼거리->외발산사거리,7304.0,37.54318,126.8123,12시,511.0
0,20190102.0,수,오정로(부천시계),B-26,유입,오쇠삼거리->외발산사거리,7304.0,37.54318,126.8123,13시,523.0
0,20190102.0,수,오정로(부천시계),B-26,유입,오쇠삼거리->외발산사거리,7304.0,37.54318,126.8123,14시,532.0
0,20190102.0,수,오정로(부천시계),B-26,유입,오쇠삼거리->외발산사거리,7304.0,37.54318,126.8123,15시,487.0
0,20190102.0,수,오정로(부천시계),B-26,유입,오쇠삼거리->외발산사거리,7304.0,37.54318,126.8123,16시,556.0
0,20190102.0,수,오정로(부천시계),B-26,유입,오쇠삼거리->외발산사거리,7304.0,37.54318,126.8123,17시,656.0
0,20190102.0,수,오정로(부천시계),B-26,유입,오쇠삼거리->외발산사거리,7304.0,37.54318,126.8123,18시,569.0
0,20190102.0,수,오정로(부천시계),B-26,유입,오쇠삼거리->외발산사거리,7304.0,37.54318,126.8123,19시,522.0
0,20190102.0,수,오정로(부천시계),B-26,유입,오쇠삼거리->외발산사거리,7304.0,37.54318,126.8123,20시,396.0
0,20190103.0,목,오정로(부천시계),B-26,유입,오쇠삼거리->외발산사거리,7447.0,37.54318,126.8123,8시,850.0
0,20190103.0,목,오정로(부천시계),B-26,유입,오쇠삼거리->외발산사거리,7447.0,37.54318,126.8123,9시,671.0
0,20190103.0,목,오정로(부천시계),B-26,유입,오쇠삼거리->외발산사거리,7447.0,37.54318,126.8123,10시,575.0
0,20190103.0,목,오정로(부천시계),B-26,유입,오쇠삼거리->외발산사거리,7447.0,37.54318,126.8123,11시,582.0
0,20190103.0,목,오정로(부천시계),B-26,유입,오쇠삼거리->외발산사거리,7447.0,37.54318,126.8123,12시,523.0
0,20190103.0,목,오정로(부천시계),B-26,유입,오쇠삼거리->외발산사거리,7447.0,37.54318,126.8123,13시,544.0
0,20190103.0,목,오정로(부천시계),B-26,유입,오쇠삼거리->외발산사거리,7447.0,37.54318,126.8123,14시,530.0
0,20190103.0,목,오정로(부천시계),B-26,유입,오쇠삼거리->외발산사거리,7447.0,37.54318,126.8123,15시,540.0
0,20190103.0,목,오정로(부천시계),B-26,유입,오쇠삼거리->외발산사거리,7447.0,37.54318,126.8123,16시,544.0
0,20190103.0,목,오정로(부천시계),B-26,유입,오쇠삼거리->외발산사거리,7447.0,37.54318,126.8123,17시,701.0
0,20190103.0,목,오정로(부천시계),B-26,유입,오쇠삼거리->외발산사거리,7447.0,37.54318,126.8123,18시,590.0
0,20190103.0,목,오정로(부천시계),B-26,유입,오쇠삼거리->외발산사거리,7447.0,37.54318,126.8123,19시,446.0
0,20190103.0,목,오정로(부천시계),B-26,유입,오쇠삼거리->외발산사거리,7447.0,37.54318,126.8123,20시,351.0
0,20190104.0,금,오정로(부천시계),B-26,유입,오쇠삼거리->외발산사거리,7628.0,37.54318,126.8123,8시,847.0
0,20190104.0,금,오정로(부천시계),B-26,유입,오쇠삼거리->외발산사거리,7628.0,37.54318,126.8123,9시,675.0
0,20190104.0,금,오정로(부천시계),B-26,유입,오쇠삼거리->외발산사거리,7628.0,37.54318,126.8123,10시,563.0
0,20190104.0,금,오정로(부천시계),B-26,유입,오쇠삼거리->외발산사거리,7628.0,37.54318,126.8123,11시,590.0
0,20190104.0,금,오정로(부천시계),B-26,유입,오쇠삼거리->외발산사거리,7628.0,37.54318,126.8123,12시,538.0
0,20190104.0,금,오정로(부천시계),B-26,유입,오쇠삼거리->외발산사거리,7628.0,37.54318,126.8123,13시,564.0
0,20190104.0,금,오정로(부천시계),B-26,유입,오쇠삼거리->외발산사거리,7628.0,37.54318,126.8123,14시,549.0
0,20190104.0,금,오정로(부천시계),B-26,유입,오쇠삼거리->외발산사거리,7628.0,37.54318,126.8123,15시,564.0
0,20190104.0,금,오정로(부천시계),B-26,유입,오쇠삼거리->외발산사거리,7628.0,37.54318,126.8123,16시,636.0
0,20190104.0,금,오정로(부천시계),B-26,유입,오쇠삼거리->외발산사거리,7628.0,37.54318,126.8123,17시,685.0
0,20190104.0,금,오정로(부천시계),B-26,유입,오쇠삼거리->외발산사거리,7628.0,37.54318,126.8123,18시,607.0
0,20190104.0,금,오정로(부천시계),B-26,유입,오쇠삼거리->외발산사거리,7628.0,37.54318,126.8123,19시,449.0
0,20190104.0,금,오정로(부천시계),B-26,유입,오쇠삼거리->외발산사거리,7628.0,37.54318,126.8123,20시,361.0
0,20190105.0,토,오정로(부천시계),B-26,유입,오쇠삼거리->외발산사거리,6963.0,37.54318,126.8123,8시,499.0
0,20190105.0,토,오정로(부천시계),B-26,유입,오쇠삼거리->외발산사거리,6963.0,37.54318,126.8123,9시,546.0
0,20190105.0,토,오정로(부천시계),B-26,유입,오쇠삼거리->외발산사거리,6963.0,37.54318,126.8123,10시,577.0
0,20190105.0,토,오정로(부천시계),B-26,유입,오쇠삼거리->외발산사거리,6963.0,37.54318,126.8123,11시,598.0
0,20190105.0,토,오정로(부천시계),B-26,유입,오쇠삼거리->외발산사거리,6963.0,37.54318,126.8123,12시,604.0
0,20190105.0,토,오정로(부천시계),B-26,유입,오쇠삼거리->외발산사거리,6963.0,37.54318,126.8123,13시,632.0
0,20190105.0,토,오정로(부천시계),B-26,유입,오쇠삼거리->외발산사거리,6963.0,37.54318,126.8123,14시,615.0
0,20190105.0,토,오정로(부천시계),B-26,유입,오쇠삼거리->외발산사거리,6963.0,37.54318,126.8123,15시,558.0
0,20190105.0,토,오정로(부천시계),B-26,유입,오쇠삼거리->외발산사거리,6963.0,37.54318,126.8123,16시,597.0
0,20190105.0,토,오정로(부천시계),B-26,유입,오쇠삼거리->외발산사거리,6963.0,37.54318,126.8123,17시,579.0
0,20190105.0,토,오정로(부천시계),B-26,유입,오쇠삼거리->외발산사거리,6963.0,37.54318,126.8123,18시,484.0
0,20190105.0,토,오정로(부천시계),B-26,유입,오쇠삼거리->외발산사거리,6963.0,37.54318,126.8123,19시,360.0
0,20190105.0,토,오정로(부천시계),B-26,유입,오쇠삼거리->외발산사거리,6963.0,37.54318,126.8123,20시,314.0
0,20190106.0,일,오정로(부천시계),B-26,유입,오쇠삼거리->외발산사거리,5698.0,37.54318,126.8123,8시,301.0
0,20190106.0,일,오정로(부천시계),B-26,유입,오쇠삼거리->외발산사거리,5698.0,37.54318,126.8123,9시,420.0
0,20190106.0,일,오정로(부천시계),B-26,유입,오쇠삼거리->외발산사거리,5698.0,37.54318,126.8123,10시,456.0
0,20190106.0,일,오정로(부천시계),B-26,유입,오쇠삼거리->외발산사거리,5698.0,37.54318,126.8123,11시,463.0
0,20190106.0,일,오정로(부천시계),B-26,유입,오쇠삼거리->외발산사거리,5698.0,37.54318,126.8123,12시,493.0
0,20190106.0,일,오정로(부천시계),B-26,유입,오쇠삼거리->외발산사거리,5698.0,37.54318,126.8123,13시,526.0
0,20190106.0,일,오정로(부천시계),B-26,유입,오쇠삼거리->외발산사거리,5698.0,37.54318,126.8123,14시,523.0
0,20190106.0,일,오정로(부천시계),B-26,유입,오쇠삼거리->외발산사거리,5698.0,37.54318,126.8123,15시,494.0
0,20190106.0,일,오정로(부천시계),B-26,유입,오쇠삼거리->외발산사거리,5698.0,37.54318,126.8123,16시,525.0
0,20190106.0,일,오정로(부천시계),B-26,유입,오쇠삼거리->외발산사거리,5698.0,37.54318,126.8123,17시,458.0
0,20190106.0,일,오정로(부천시계),B-26,유입,오쇠삼거리->외발산사거리,5698.0,37.54318,126.8123,18시,428.0
0,20190106.0,일,오정로(부천시계),B-26,유입,오쇠삼거리->외발산사거리,5698.0,37.54318,126.8123,19시,344.0
0,20190106.0,일,오정로(부천시계),B-26,유입,오쇠삼거리->외발산사거리,5698.0,37.54318,126.8123,20시,267.0
0,20190107.0,월,오정로(부천시계),B-26,유입,오쇠삼거리->외발산사거리,7551.0,37.54318,126.8123,8시,800.0
0,20190107.0,월,오정로(부천시계),B-26,유입,오쇠삼거리->외발산사거리,7551.0,37.54318,126.8123,9시,714.0
0,20190107.0,월,오정로(부천시계),B-26,유입,오쇠삼거리->외발산사거리,7551.0,37.54318,126.8123,10시,607.0
0,20190107.0,월,오정로(부천시계),B-26,유입,오쇠삼거리->외발산사거리,7551.0,37.54318,126.8123,11시,546.0
0,20190107.0,월,오정로(부천시계),B-26,유입,오쇠삼거리->외발산사거리,7551.0,37.54318,126.8123,12시,541.0
0,20190107.0,월,오정로(부천시계),B-26,유입,오쇠삼거리->외발산사거리,7551.0,37.54318,126.8123,13시,527.0
0,20190107.0,월,오정로(부천시계),B-26,유입,오쇠삼거리->외발산사거리,7551.0,37.54318,126.8123,14시,562.0
0,20190107.0,월,오정로(부천시계),B-26,유입,오쇠삼거리->외발산사거리,7551.0,37.54318,126.8123,15시,539.0
0,20190107.0,월,오정로(부천시계),B-26,유입,오쇠삼거리->외발산사거리,7551.0,37.54318,126.8123,16시,557.0
0,20190107.0,월,오정로(부천시계),B-26,유입,오쇠삼거리->외발산사거리,7551.0,37.54318,126.8123,17시,733.0
0,20190107.0,월,오정로(부천시계),B-26,유입,오쇠삼거리->외발산사거리,7551.0,37.54318,126.8123,18시,575.0
0,20190107.0,월,오정로(부천시계),B-26,유입,오쇠삼거리->외발산사거리,7551.0,37.54318,126.8123,19시,442.0
0,20190107.0,월,오정로(부천시계),B-26,유입,오쇠삼거리->외발산사거리,7551.0,37.54318,126.8123,20시,408.0
0,20190108.0,화,오정로(부천시계),B-26,유입,오쇠삼거리->외발산사거리,7513.0,37.54318,126.8123,8시,802.0
0,20190108.0,화,오정로(부천시계),B-26,유입,오쇠삼거리->외발산사거리,7513.0,37.54318,126.8123,9시,719.0
0,20190108.0,화,오정로(부천시계),B-26,유입,오쇠삼거리->외발산사거리,7513.0,37.54318,126.8123,10시,608.0
0,20190108.0,화,오정로(부천시계),B-26,유입,오쇠삼거리->외발산사거리,7513.0,37.54318,126.8123,11시,613.0
0,20190108.0,화,오정로(부천시계),B-26,유입,오쇠삼거리->외발산사거리,7513.0,37.54318,126.8123,12시,545.0
0,20190108.0,화,오정로(부천시계),B-26,유입,오쇠삼거리->외발산사거리,7513.0,37.54318,126.8123,13시,530.0
0,20190108.0,화,오정로(부천시계),B-26,유입,오쇠삼거리->외발산사거리,7513.0,37.54318,126.8123,14시,558.0
0,20190108.0,화,오정로(부천시계),B-26,유입,오쇠삼거리->외발산사거리,7513.0,37.54318,126.8123,15시,524.0
0,20190108.0,화,오정로(부천시계),B-26,유입,오쇠삼거리->외발산사거리,7513.0,37.54318,126.8123,16시,553.0
0,20190108.0,화,오정로(부천시계),B-26,유입,오쇠삼거리->외발산사거리,7513.0,37.54318,126.8123,17시,657.0
0,20190108.0,화,오정로(부천시계),B-26,유입,오쇠삼거리->외발산사거리,7513.0,37.54318,126.8123,18시,569.0
0,20190108.0,화,오정로(부천시계),B-26,유입,오쇠삼거리->외발산사거리,7513.0,37.54318,126.8123,19시,484.0
0,20190108.0,화,오정로(부천시계),B-26,유입,오쇠삼거리->외발산사거리,7513.0,37.54318,126.8123,20시,351.0
0,20190109.0,수,오정로(부천시계),B-26,유입,오쇠삼거리->외발산사거리,7379.0,37.54318,126.8123,8시,787.0
0,20190109.0,수,오정로(부천시계),B-26,유입,오쇠삼거리->외발산사거리,7379.0,37.54318,126.8123,9시,710.0
0,20190109.0,수,오정로(부천시계),B-26,유입,오쇠삼거리->외발산사거리,7379.0,37.54318,126.8123,10시,605.0
0,20190109.0,수,오정로(부천시계),B-26,유입,오쇠삼거리->외발산사거리,7379.0,37.54318,126.8123,11시,569.0
0,20190109.0,수,오정로(부천시계),B-26,유입,오쇠삼거리->외발산사거리,7379.0,37.54318,126.8123,12시,497.0
0,20190109.0,수,오정로(부천시계),B-26,유입,오쇠삼거리->외발산사거리,7379.0,37.54318,126.8123,13시,505.0
0,20190109.0,수,오정로(부천시계),B-26,유입,오쇠삼거리->외발산사거리,7379.0,37.54318,126.8123,14시,537.0
0,20190109.0,수,오정로(부천시계),B-26,유입,오쇠삼거리->외발산사거리,7379.0,37.54318,126.8123,15시,548.0
0,20190109.0,수,오정로(부천시계),B-26,유입,오쇠삼거리->외발산사거리,7379.0,37.54318,126.8123,16시,556.0
0,20190109.0,수,오정로(부천시계),B-26,유입,오쇠삼거리->외발산사거리,7379.0,37.54318,126.8123,17시,675.0
0,20190109.0,수,오정로(부천시계),B-26,유입,오쇠삼거리->외발산사거리,7379.0,37.54318,126.8123,18시,607.0
0,20190109.0,수,오정로(부천시계),B-26,유입,오쇠삼거리->외발산사거리,7379.0,37.54318,126.8123,19시,455.0
0,20190109.0,수,오정로(부천시계),B-26,유입,오쇠삼거리->외발산사거리,7379.0,37.54318,126.8123,20시,328.0
0,20190110.0,목,오정로(부천시계),B-26,유입,오쇠삼거리->외발산사거리,7351.0,37.54318,126.8123,8시,797.0
0,20190110.0,목,오정로(부천시계),B-26,유입,오쇠삼거리->외발산사거리,7351.0,37.54318,126.8123,9시,671.0
0,20190110.0,목,오정로(부천시계),B-26,유입,오쇠삼거리->외발산사거리,7351.0,37.54318,126.8123,10시,586.0
0,20190110.0,목,오정로(부천시계),B-26,유입,오쇠삼거리->외발산사거리,7351.0,37.54318,126.8123,11시,562.0
0,20190110.0,목,오정로(부천시계),B-26,유입,오쇠삼거리->외발산사거리,7351.0,37.54318,126.8123,12시,536.0
0,20190110.0,목,오정로(부천시계),B-26,유입,오쇠삼거리->외발산사거리,7351.0,37.54318,126.8123,13시,560.0
0,20190110.0,목,오정로(부천시계),B-26,유입,오쇠삼거리->외발산사거리,7351.0,37.54318,126.8123,14시,546.0
0,20190110.0,목,오정로(부천시계),B-26,유입,오쇠삼거리->외발산사거리,7351.0,37.54318,126.8123,15시,474.0
0,20190110.0,목,오정로(부천시계),B-26,유입,오쇠삼거리->외발산사거리,7351.0,37.54318,126.8123,16시,551.0
0,20190110.0,목,오정로(부천시계),B-26,유입,오쇠삼거리->외발산사거리,7351.0,37.54318,126.8123,17시,679.0
0,20190110.0,목,오정로(부천시계),B-26,유입,오쇠삼거리->외발산사거리,7351.0,37.54318,126.8123,18시,589.0
0,20190110.0,목,오정로(부천시계),B-26,유입,오쇠삼거리->외발산사거리,7351.0,37.54318,126.8123,19시,436.0
0,20190110.0,목,오정로(부천시계),B-26,유입,오쇠삼거리->외발산사거리,7351.0,37.54318,126.8123,20시,364.0
0,20190111.0,금,오정로(부천시계),B-26,유입,오쇠삼거리->외발산사거리,7587.0,37.54318,126.8123,8시,780.0
0,20190111.0,금,오정로(부천시계),B-26,유입,오쇠삼거리->외발산사거리,7587.0,37.54318,126.8123,9시,651.0
0,20190111.0,금,오정로(부천시계),B-26,유입,오쇠삼거리->외발산사거리,7587.0,37.54318,126.8123,10시,615.0
0,20190111.0,금,오정로(부천시계),B-26,유입,오쇠삼거리->외발산사거리,7587.0,37.54318,126.8123,11시,616.0
0,20190111.0,금,오정로(부천시계),B-26,유입,오쇠삼거리->외발산사거리,7587.0,37.54318,126.8123,12시,551.0
0,20190111.0,금,오정로(부천시계),B-26,유입,오쇠삼거리->외발산사거리,7587.0,37.54318,126.8123,13시,562.0
0,20190111.0,금,오정로(부천시계),B-26,유입,오쇠삼거리->외발산사거리,7587.0,37.54318,126.8123,14시,585.0
0,20190111.0,금,오정로(부천시계),B-26,유입,오쇠삼거리->외발산사거리,7587.0,37.54318,126.8123,15시,501.0
0,20190111.0,금,오정로(부천시계),B-26,유입,오쇠삼거리->외발산사거리,7587.0,37.54318,126.8123,16시,582.0
0,20190111.0,금,오정로(부천시계),B-26,유입,오쇠삼거리->외발산사거리,7587.0,37.54318,126.8123,17시,716.0
0,20190111.0,금,오정로(부천시계),B-26,유입,오쇠삼거리->외발산사거리,7587.0,37.54318,126.8123,18시,570.0
0,20190111.0,금,오정로(부천시계),B-26,유입,오쇠삼거리->외발산사거리,7587.0,37.54318,126.8123,19시,461.0
0,20190111.0,금,오정로(부천시계),B-26,유입,오쇠삼거리->외발산사거리,7587.0,37.54318,126.8123,20시,397.0
0,20190112.0,토,오정로(부천시계),B-26,유입,오쇠삼거리->외발산사거리,7154.0,37.54318,126.8123,8시,537.0
0,20190112.0,토,오정로(부천시계),B-26,유입,오쇠삼거리->외발산사거리,7154.0,37.54318,126.8123,9시,547.0
0,20190112.0,토,오정로(부천시계),B-26,유입,오쇠삼거리->외발산사거리,7154.0,37.54318,126.8123,10시,615.0
0,20190112.0,토,오정로(부천시계),B-26,유입,오쇠삼거리->외발산사거리,7154.0,37.54318,126.8123,11시,660.0
0,20190112.0,토,오정로(부천시계),B-26,유입,오쇠삼거리->외발산사거리,7154.0,37.54318,126.8123,12시,668.0
0,20190112.0,토,오정로(부천시계),B-26,유입,오쇠삼거리->외발산사거리,7154.0,37.54318,126.8123,13시,576.0
0,20190112.0,토,오정로(부천시계),B-26,유입,오쇠삼거리->외발산사거리,7154.0,37.54318,126.8123,14시,614.0
0,20190112.0,토,오정로(부천시계),B-26,유입,오쇠삼거리->외발산사거리,7154.0,37.54318,126.8123,15시,594.0
0,20190112.0,토,오정로(부천시계),B-26,유입,오쇠삼거리->외발산사거리,7154.0,37.54318,126.8123,16시,585.0
0,20190112.0,토,오정로(부천시계),B-26,유입,오쇠삼거리->외발산사거리,7154.0,37.54318,126.8123,17시,588.0
0,20190112.0,토,오정로(부천시계),B-26,유입,오쇠삼거리->외발산사거리,7154.0,37.54318,126.8123,18시,532.0
0,20190112.0,토,오정로(부천시계),B-26,유입,오쇠삼거리->외발산사거리,7154.0,37.54318,126.8123,19시,352.0
0,20190112.0,토,오정로(부천시계),B-26,유입,오쇠삼거리->외발산사거리,7154.0,37.54318,126.8123,20시,286.0
0,20190113.0,일,오정로(부천시계),B-26,유입,오쇠삼거리->외발산사거리,5636.0,37.54318,126.8123,8시,322.0
0,20190113.0,일,오정로(부천시계),B-26,유입,오쇠삼거리->외발산사거리,5636.0,37.54318,126.8123,9시,380.0
0,20190113.0,일,오정로(부천시계),B-26,유입,오쇠삼거리->외발산사거리,5636.0,37.54318,126.8123,10시,454.0
0,20190113.0,일,오정로(부천시계),B-26,유입,오쇠삼거리->외발산사거리,5636.0,37.54318,126.8123,11시,462.0
0,20190113.0,일,오정로(부천시계),B-26,유입,오쇠삼거리->외발산사거리,5636.0,37.54318,126.8123,12시,462.0
0,20190113.0,일,오정로(부천시계),B-26,유입,오쇠삼거리->외발산사거리,5636.0,37.54318,126.8123,13시,548.0
0,20190113.0,일,오정로(부천시계),B-26,유입,오쇠삼거리->외발산사거리,5636.0,37.54318,126.8123,14시,522.0
0,20190113.0,일,오정로(부천시계),B-26,유입,오쇠삼거리->외발산사거리,5636.0,37.54318,126.8123,15시,541.0
0,20190113.0,일,오정로(부천시계),B-26,유입,오쇠삼거리->외발산사거리,5636.0,37.54318,126.8123,16시,476.0
0,20190113.0,일,오정로(부천시계),B-26,유입,오쇠삼거리->외발산사거리,5636.0,37.54318,126.8123,17시,461.0
0,20190113.0,일,오정로(부천시계),B-26,유입,오쇠삼거리->외발산사거리,5636.0,37.54318,126.8123,18시,375.0
0,20190113.0,일,오정로(부천시계),B-26,유입,오쇠삼거리->외발산사거리,5636.0,37.54318,126.8123,19시,332.0
0,20190113.0,일,오정로(부천시계),B-26,유입,오쇠삼거리->외발산사거리,5636.0,37.54318,126.8123,20시,301.0
0,20190114.0,월,오정로(부천시계),B-26,유입,오쇠삼거리->외발산사거리,7488.0,37.54318,126.8123,8시,797.0
0,20190114.0,월,오정로(부천시계),B-26,유입,오쇠삼거리->외발산사거리,7488.0,37.54318,126.8123,9시,694.0
0,20190114.0,월,오정로(부천시계),B-26,유입,오쇠삼거리->외발산사거리,7488.0,37.54318,126.8123,10시,630.0
0,20190114.0,월,오정로(부천시계),B-26,유입,오쇠삼거리->외발산사거리,7488.0,37.54318,126.8123,11시,605.0
0,20190114.0,월,오정로(부천시계),B-26,유입,오쇠삼거리->외발산사거리,7488.0,37.54318,126.8123,12시,507.0
0,20190114.0,월,오정로(부천시계),B-26,유입,오쇠삼거리->외발산사거리,7488.0,37.54318,126.8123,13시,527.0
0,20190114.0,월,오정로(부천시계),B-26,유입,오쇠삼거리->외발산사거리,7488.0,37.54318,126.8123,14시,521.0
0,20190114.0,월,오정로(부천시계),B-26,유입,오쇠삼거리->외발산사거리,7488.0,37.54318,126.8123,15시,520.0
0,20190114.0,월,오정로(부천시계),B-26,유입,오쇠삼거리->외발산사거리,7488.0,37.54318,126.8123,16시,586.0
0,20190114.0,월,오정로(부천시계),B-26,유입,오쇠삼거리->외발산사거리,7488.0,37.54318,126.8123,17시,683.0
0,20190114.0,월,오정로(부천시계),B-26,유입,오쇠삼거리->외발산사거리,7488.0,37.54318,126.8123,18시,574.0
0,20190114.0,월,오정로(부천시계),B-26,유입,오쇠삼거리->외발산사거리,7488.0,37.54318,126.8123,19시,493.0
0,20190114.0,월,오정로(부천시계),B-26,유입,오쇠삼거리->외발산사거리,7488.0,37.54318,126.8123,20시,351.0
0,20190115.0,화,오정로(부천시계),B-26,유입,오쇠삼거리->외발산사거리,7453.0,37.54318,126.8123,8시,797.0
0,20190115.0,화,오정로(부천시계),B-26,유입,오쇠삼거리->외발산사거리,7453.0,37.54318,126.8123,9시,711.0
0,20190115.0,화,오정로(부천시계),B-26,유입,오쇠삼거리->외발산사거리,7453.0,37.54318,126.8123,10시,629.0
0,20190115.0,화,오정로(부천시계),B-26,유입,오쇠삼거리->외발산사거리,7453.0,37.54318,126.8123,11시,569.0
0,20190115.0,화,오정로(부천시계),B-26,유입,오쇠삼거리->외발산사거리,7453.0,37.54318,126.8123,12시,564.0
0,20190115.0,화,오정로(부천시계),B-26,유입,오쇠삼거리->외발산사거리,7453.0,37.54318,126.8123,13시,508.0
0,20190115.0,화,오정로(부천시계),B-26,유입,오쇠삼거리->외발산사거리,7453.0,37.54318,126.8123,14시,509.0
0,20190115.0,화,오정로(부천시계),B-26,유입,오쇠삼거리->외발산사거리,7453.0,37.54318,126.8123,15시,549.0
0,20190115.0,화,오정로(부천시계),B-26,유입,오쇠삼거리->외발산사거리,7453.0,37.54318,126.8123,16시,526.0
0,20190115.0,화,오정로(부천시계),B-26,유입,오쇠삼거리->외발산사거리,7453.0,37.54318,126.8123,17시,671.0
0,20190115.0,화,오정로(부천시계),B-26,유입,오쇠삼거리->외발산사거리,7453.0,37.54318,126.8123,18시,590.0
0,20190115.0,화,오정로(부천시계),B-26,유입,오쇠삼거리->외발산사거리,7453.0,37.54318,126.8123,19시,467.0
0,20190115.0,화,오정로(부천시계),B-26,유입,오쇠삼거리->외발산사거리,7453.0,37.54318,126.8123,20시,363.0
0,20190116.0,수,오정로(부천시계),B-26,유입,오쇠삼거리->외발산사거리,7507.0,37.54318,126.8123,8시,830.0
0,20190116.0,수,오정로(부천시계),B-26,유입,오쇠삼거리->외발산사거리,7507.0,37.54318,126.8123,9시,697.0
0,20190116.0,수,오정로(부천시계),B-26,유입,오쇠삼거리->외발산사거리,7507.0,37.54318,126.8123,10시,599.0
0,20190116.0,수,오정로(부천시계),B-26,유입,오쇠삼거리->외발산사거리,7507.0,37.54318,126.8123,11시,624.0
0,20190116.0,수,오정로(부천시계),B-26,유입,오쇠삼거리->외발산사거리,7507.0,37.54318,126.8123,12시,489.0
0,20190116.0,수,오정로(부천시계),B-26,유입,오쇠삼거리->외발산사거리,7507.0,37.54318,126.8123,13시,507.0
0,20190116.0,수,오정로(부천시계),B-26,유입,오쇠삼거리->외발산사거리,7507.0,37.54318,126.8123,14시,551.0
0,20190116.0,수,오정로(부천시계),B-26,유입,오쇠삼거리->외발산사거리,7507.0,37.54318,126.8123,15시,543.0
0,20190116.0,수,오정로(부천시계),B-26,유입,오쇠삼거리->외발산사거리,7507.0,37.54318,126.8123,16시,538.0
0,20190116.0,수,오정로(부천시계),B-26,유입,오쇠삼거리->외발산사거리,7507.0,37.54318,126.8123,17시,684.0
0,20190116.0,수,오정로(부천시계),B-26,유입,오쇠삼거리->외발산사거리,7507.0,37.54318,126.8123,18시,603.0
0,20190116.0,수,오정로(부천시계),B-26,유입,오쇠삼거리->외발산사거리,7507.0,37.54318,126.8123,19시,462.0
0,20190116.0,수,오정로(부천시계),B-26,유입,오쇠삼거리->외발산사거리,7507.0,37.54318,126.8123,20시,380.0
0,20190117.0,목,오정로(부천시계),B-26,유입,오쇠삼거리->외발산사거리,7706.0,37.54318,126.8123,8시,791.0
0,20190117.0,목,오정로(부천시계),B-26,유입,오쇠삼거리->외발산사거리,7706.0,37.54318,126.8123,9시,739.0
0,20190117.0,목,오정로(부천시계),B-26,유입,오쇠삼거리->외발산사거리,7706.0,37.54318,126.8123,10시,629.0
0,20190117.0,목,오정로(부천시계),B-26,유입,오쇠삼거리->외발산사거리,7706.0,37.54318,126.8123,11시,658.0
0,20190117.0,목,오정로(부천시계),B-26,유입,오쇠삼거리->외발산사거리,7706.0,37.54318,126.8123,12시,544.0
0,20190117.0,목,오정로(부천시계),B-26,유입,오쇠삼거리->외발산사거리,7706.0,37.54318,126.8123,13시,584.0
0,20190117.0,목,오정로(부천시계),B-26,유입,오쇠삼거리->외발산사거리,7706.0,37.54318,126.8123,14시,586.0
0,20190117.0,목,오정로(부천시계),B-26,유입,오쇠삼거리->외발산사거리,7706.0,37.54318,126.8123,15시,525.0
0,20190117.0,목,오정로(부천시계),B-26,유입,오쇠삼거리->외발산사거리,7706.0,37.54318,126.8123,16시,570.0
0,20190117.0,목,오정로(부천시계),B-26,유입,오쇠삼거리->외발산사거리,7706.0,37.54318,126.8123,17시,680.0
0,20190117.0,목,오정로(부천시계),B-26,유입,오쇠삼거리->외발산사거리,7706.0,37.54318,126.8123,18시,588.0
0,20190117.0,목,오정로(부천시계),B-26,유입,오쇠삼거리->외발산사거리,7706.0,37.54318,126.8123,19시,433.0
0,20190117.0,목,오정로(부천시계),B-26,유입,오쇠삼거리->외발산사거리,7706.0,37.54318,126.8123,20시,379.0
0,20190118.0,금,오정로(부천시계),B-26,유입,오쇠삼거리->외발산사거리,7791.0,37.54318,126.8123,8시,788.0
0,20190118.0,금,오정로(부천시계),B-26,유입,오쇠삼거리->외발산사거리,7791.0,37.54318,126.8123,9시,683.0
0,20190118.0,금,오정로(부천시계),B-26,유입,오쇠삼거리->외발산사거리,7791.0,37.54318,126.8123,10시,610.0
0,20190118.0,금,오정로(부천시계),B-26,유입,오쇠삼거리->외발산사거리,7791.0,37.54318,126.8123,11시,616.0
0,20190118.0,금,오정로(부천시계),B-26,유입,오쇠삼거리->외발산사거리,7791.0,37.54318,126.8123,12시,558.0
0,20190118.0,금,오정로(부천시계),B-26,유입,오쇠삼거리->외발산사거리,7791.0,37.54318,126.8123,13시,605.0
0,20190118.0,금,오정로(부천시계),B-26,유입,오쇠삼거리->외발산사거리,7791.0,37.54318,126.8123,14시,566.0
0,20190118.0,금,오정로(부천시계),B-26,유입,오쇠삼거리->외발산사거리,7791.0,37.54318,126.8123,15시,554.0
0,20190118.0,금,오정로(부천시계),B-26,유입,오쇠삼거리->외발산사거리,7791.0,37.54318,126.8123,16시,603.0
0,20190118.0,금,오정로(부천시계),B-26,유입,오쇠삼거리->외발산사거리,7791.0,37.54318,126.8123,17시,708.0
0,20190118.0,금,오정로(부천시계),B-26,유입,오쇠삼거리->외발산사거리,7791.0,37.54318,126.8123,18시,580.0
0,20190118.0,금,오정로(부천시계),B-26,유입,오쇠삼거리->외발산사거리,7791.0,37.54318,126.8123,19시,507.0
0,20190118.0,금,오정로(부천시계),B-26,유입,오쇠삼거리->외발산사거리,7791.0,37.54318,126.8123,20시,413.0
0,20190119.0,토,오정로(부천시계),B-26,유입,오쇠삼거리->외발산사거리,6863.0,37.54318,126.8123,8시,509.0
0,20190119.0,토,오정로(부천시계),B-26,유입,오쇠삼거리->외발산사거리,6863.0,37.54318,126.8123,9시,581.0
0,20190119.0,토,오정로(부천시계),B-26,유입,오쇠삼거리->외발산사거리,6863.0,37.54318,126.8123,10시,603.0
0,20190119.0,토,오정로(부천시계),B-26,유입,오쇠삼거리->외발산사거리,6863.0,37.54318,126.8123,11시,601.0
0,20190119.0,토,오정로(부천시계),B-26,유입,오쇠삼거리->외발산사거리,6863.0,37.54318,126.8123,12시,582.0
0,20190119.0,토,오정로(부천시계),B-26,유입,오쇠삼거리->외발산사거리,6863.0,37.54318,126.8123,13시,593.0
0,20190119.0,토,오정로(부천시계),B-26,유입,오쇠삼거리->외발산사거리,6863.0,37.54318,126.8123,14시,576.0
0,20190119.0,토,오정로(부천시계),B-26,유입,오쇠삼거리->외발산사거리,6863.0,37.54318,126.8123,15시,563.0
0,20190119.0,토,오정로(부천시계),B-26,유입,오쇠삼거리->외발산사거리,6863.0,37.54318,126.8123,16시,519.0
0,20190119.0,토,오정로(부천시계),B-26,유입,오쇠삼거리->외발산사거리,6863.0,37.54318,126.8123,17시,579.0
0,20190119.0,토,오정로(부천시계),B-26,유입,오쇠삼거리->외발산사거리,6863.0,37.54318,126.8123,18시,474.0
0,20190119.0,토,오정로(부천시계),B-26,유입,오쇠삼거리->외발산사거리,6863.0,37.54318,126.8123,19시,363.0
0,20190119.0,토,오정로(부천시계),B-26,유입,오쇠삼거리->외발산사거리,6863.0,37.54318,126.8123,20시,320.0
0,20190120.0,일,오정로(부천시계),B-26,유입,오쇠삼거리->외발산사거리,5686.0,37.54318,126.8123,8시,332.0
0,20190120.0,일,오정로(부천시계),B-26,유입,오쇠삼거리->외발산사거리,5686.0,37.54318,126.8123,9시,395.0
0,20190120.0,일,오정로(부천시계),B-26,유입,오쇠삼거리->외발산사거리,5686.0,37.54318,126.8123,10시,426.0
0,20190120.0,일,오정로(부천시계),B-26,유입,오쇠삼거리->외발산사거리,5686.0,37.54318,126.8123,11시,467.0
0,20190120.0,일,오정로(부천시계),B-26,유입,오쇠삼거리->외발산사거리,5686.0,37.54318,126.8123,12시,452.0
0,20190120.0,일,오정로(부천시계),B-26,유입,오쇠삼거리->외발산사거리,5686.0,37.54318,126.8123,13시,502.0
0,20190120.0,일,오정로(부천시계),B-26,유입,오쇠삼거리->외발산사거리,5686.0,37.54318,126.8123,14시,554.0
0,20190120.0,일,오정로(부천시계),B-26,유입,오쇠삼거리->외발산사거리,5686.0,37.54318,126.8123,15시,516.0
0,20190120.0,일,오정로(부천시계),B-26,유입,오쇠삼거리->외발산사거리,5686.0,37.54318,126.8123,16시,486.0
0,20190120.0,일,오정로(부천시계),B-26,유입,오쇠삼거리->외발산사거리,5686.0,37.54318,126.8123,17시,483.0
0,20190120.0,일,오정로(부천시계),B-26,유입,오쇠삼거리->외발산사거리,5686.0,37.54318,126.8123,18시,410.0
0,20190120.0,일,오정로(부천시계),B-26,유입,오쇠삼거리->외발산사거리,5686.0,37.54318,126.8123,19시,366.0
0,20190120.0,일,오정로(부천시계),B-26,유입,오쇠삼거리->외발산사거리,5686.0,37.54318,126.8123,20시,297.0
0,20190121.0,월,오정로(부천시계),B-26,유입,오쇠삼거리->외발산사거리,7493.0,37.54318,126.8123,8시,804.0
0,20190121.0,월,오정로(부천시계),B-26,유입,오쇠삼거리->외발산사거리,7493.0,37.54318,126.8123,9시,714.0
0,20190121.0,월,오정로(부천시계),B-26,유입,오쇠삼거리->외발산사거리,7493.0,37.54318,126.8123,10시,586.0
0,20190121.0,월,오정로(부천시계),B-26,유입,오쇠삼거리->외발산사거리,7493.0,37.54318,126.8123,11시,596.0
0,20190121.0,월,오정로(부천시계),B-26,유입,오쇠삼거리->외발산사거리,7493.0,37.54318,126.8123,12시,577.0
0,20190121.0,월,오정로(부천시계),B-26,유입,오쇠삼거리->외발산사거리,7493.0,37.54318,126.8123,13시,524.0
0,20190121.0,월,오정로(부천시계),B-26,유입,오쇠삼거리->외발산사거리,7493.0,37.54318,126.8123,14시,569.0
0,20190121.0,월,오정로(부천시계),B-26,유입,오쇠삼거리->외발산사거리,7493.0,37.54318,126.8123,15시,504.0
0,20190121.0,월,오정로(부천시계),B-26,유입,오쇠삼거리->외발산사거리,7493.0,37.54318,126.8123,16시,530.0
0,20190121.0,월,오정로(부천시계),B-26,유입,오쇠삼거리->외발산사거리,7493.0,37.54318,126.8123,17시,703.0
0,20190121.0,월,오정로(부천시계),B-26,유입,오쇠삼거리->외발산사거리,7493.0,37.54318,126.8123,18시,565.0
0,20190121.0,월,오정로(부천시계),B-26,유입,오쇠삼거리->외발산사거리,7493.0,37.54318,126.8123,19시,470.0
0,20190121.0,월,오정로(부천시계),B-26,유입,오쇠삼거리->외발산사거리,7493.0,37.54318,126.8123,20시,351.0
0,20190122.0,화,오정로(부천시계),B-26,유입,오쇠삼거리->외발산사거리,7473.0,37.54318,126.8123,8시,767.0
0,20190122.0,화,오정로(부천시계),B-26,유입,오쇠삼거리->외발산사거리,7473.0,37.54318,126.8123,9시,711.0
0,20190122.0,화,오정로(부천시계),B-26,유입,오쇠삼거리->외발산사거리,7473.0,37.54318,126.8123,10시,598.0
0,20190122.0,화,오정로(부천시계),B-26,유입,오쇠삼거리->외발산사거리,7473.0,37.54318,126.8123,11시,608.0
0,20190122.0,화,오정로(부천시계),B-26,유입,오쇠삼거리->외발산사거리,7473.0,37.54318,126.8123,12시,545.0
0,20190122.0,화,오정로(부천시계),B-26,유입,오쇠삼거리->외발산사거리,7473.0,37.54318,126.8123,13시,554.0
0,20190122.0,화,오정로(부천시계),B-26,유입,오쇠삼거리->외발산사거리,7473.0,37.54318,126.8123,14시,553.0
0,20190122.0,화,오정로(부천시계),B-26,유입,오쇠삼거리->외발산사거리,7473.0,37.54318,126.8123,15시,556.0
0,20190122.0,화,오정로(부천시계),B-26,유입,오쇠삼거리->외발산사거리,7473.0,37.54318,126.8123,16시,557.0
0,20190122.0,화,오정로(부천시계),B-26,유입,오쇠삼거리->외발산사거리,7473.0,37.54318,126.8123,17시,674.0
0,20190122.0,화,오정로(부천시계),B-26,유입,오쇠삼거리->외발산사거리,7473.0,37.54318,126.8123,18시,518.0
0,20190122.0,화,오정로(부천시계),B-26,유입,오쇠삼거리->외발산사거리,7473.0,37.54318,126.8123,19시,473.0
0,20190122.0,화,오정로(부천시계),B-26,유입,오쇠삼거리->외발산사거리,7473.0,37.54318,126.8123,20시,359.0
0,20190123.0,수,오정로(부천시계),B-26,유입,오쇠삼거리->외발산사거리,7596.0,37.54318,126.8123,8시,790.0
0,20190123.0,수,오정로(부천시계),B-26,유입,오쇠삼거리->외발산사거리,7596.0,37.54318,126.8123,9시,678.0
0,20190123.0,수,오정로(부천시계),B-26,유입,오쇠삼거리->외발산사거리,7596.0,37.54318,126.8123,10시,575.0
0,20190123.0,수,오정로(부천시계),B-26,유입,오쇠삼거리->외발산사거리,7596.0,37.54318,126.8123,11시,628.0
0,20190123.0,수,오정로(부천시계),B-26,유입,오쇠삼거리->외발산사거리,7596.0,37.54318,126.8123,12시,521.0
0,20190123.0,수,오정로(부천시계),B-26,유입,오쇠삼거리->외발산사거리,7596.0,37.54318,126.8123,13시,612.0
0,20190123.0,수,오정로(부천시계),B-26,유입,오쇠삼거리->외발산사거리,7596.0,37.54318,126.8123,14시,563.0
0,20190123.0,수,오정로(부천시계),B-26,유입,오쇠삼거리->외발산사거리,7596.0,37.54318,126.8123,15시,522.0
0,20190123.0,수,오정로(부천시계),B-26,유입,오쇠삼거리->외발산사거리,7596.0,37.54318,126.8123,16시,547.0
0,20190123.0,수,오정로(부천시계),B-26,유입,오쇠삼거리->외발산사거리,7596.0,37.54318,126.8123,17시,682.0
0,20190123.0,수,오정로(부천시계),B-26,유입,오쇠삼거리->외발산사거리,7596.0,37.54318,126.8123,18시,568.0
0,20190123.0,수,오정로(부천시계),B-26,유입,오쇠삼거리->외발산사거리,7596.0,37.54318,126.8123,19시,507.0
0,20190123.0,수,오정로(부천시계),B-26,유입,오쇠삼거리->외발산사거리,7596.0,37.54318,126.8123,20시,403.0
0,20190124.0,목,오정로(부천시계),B-26,유입,오쇠삼거리->외발산사거리,7490.0,37.54318,126.8123,8시,885.0
0,20190124.0,목,오정로(부천시계),B-26,유입,오쇠삼거리->외발산사거리,7490.0,37.54318,126.8123,9시,642.0
0,20190124.0,목,오정로(부천시계),B-26,유입,오쇠삼거리->외발산사거리,7490.0,37.54318,126.8123,10시,573.0
0,20190124.0,목,오정로(부천시계),B-26,유입,오쇠삼거리->외발산사거리,7490.0,37.54318,126.8123,11시,624.0
0,20190124.0,목,오정로(부천시계),B-26,유입,오쇠삼거리->외발산사거리,7490.0,37.54318,126.8123,12시,570.0
0,20190124.0,목,오정로(부천시계),B-26,유입,오쇠삼거리->외발산사거리,7490.0,37.54318,126.8123,13시,491.0
0,20190124.0,목,오정로(부천시계),B-26,유입,오쇠삼거리->외발산사거리,7490.0,37.54318,126.8123,14시,512.0
0,20190124.0,목,오정로(부천시계),B-26,유입,오쇠삼거리->외발산사거리,7490.0,37.54318,126.8123,15시,554.0
0,20190124.0,목,오정로(부천시계),B-26,유입,오쇠삼거리->외발산사거리,7490.0,37.54318,126.8123,16시,550.0
0,20190124.0,목,오정로(부천시계),B-26,유입,오쇠삼거리->외발산사거리,7490.0,37.54318,126.8123,17시,650.0
0,20190124.0,목,오정로(부천시계),B-26,유입,오쇠삼거리->외발산사거리,7490.0,37.54318,126.8123,18시,587.0
0,20190124.0,목,오정로(부천시계),B-26,유입,오쇠삼거리->외발산사거리,7490.0,37.54318,126.8123,19시,457.0
0,20190124.0,목,오정로(부천시계),B-26,유입,오쇠삼거리->외발산사거리,7490.0,37.54318,126.8123,20시,395.0
0,20190125.0,금,오정로(부천시계),B-26,유입,오쇠삼거리->외발산사거리,7798.0,37.54318,126.8123,8시,796.0
0,20190125.0,금,오정로(부천시계),B-26,유입,오쇠삼거리->외발산사거리,7798.0,37.54318,126.8123,9시,720.0
0,20190125.0,금,오정로(부천시계),B-26,유입,오쇠삼거리->외발산사거리,7798.0,37.54318,126.8123,10시,627.0
0,20190125.0,금,오정로(부천시계),B-26,유입,오쇠삼거리->외발산사거리,7798.0,37.54318,126.8123,11시,640.0
0,20190125.0,금,오정로(부천시계),B-26,유입,오쇠삼거리->외발산사거리,7798.0,37.54318,126.8123,12시,537.0
0,20190125.0,금,오정로(부천시계),B-26,유입,오쇠삼거리->외발산사거리,7798.0,37.54318,126.8123,13시,587.0
0,20190125.0,금,오정로(부천시계),B-26,유입,오쇠삼거리->외발산사거리,7798.0,37.54318,126.8123,14시,547.0
0,20190125.0,금,오정로(부천시계),B-26,유입,오쇠삼거리->외발산사거리,7798.0,37.54318,126.8123,15시,530.0
0,20190125.0,금,오정로(부천시계),B-26,유입,오쇠삼거리->외발산사거리,7798.0,37.54318,126.8123,16시,591.0
0,20190125.0,금,오정로(부천시계),B-26,유입,오쇠삼거리->외발산사거리,7798.0,37.54318,126.8123,17시,742.0
0,20190125.0,금,오정로(부천시계),B-26,유입,오쇠삼거리->외발산사거리,7798.0,37.54318,126.8123,18시,590.0
0,20190125.0,금,오정로(부천시계),B-26,유입,오쇠삼거리->외발산사거리,7798.0,37.54318,126.8123,19시,493.0
0,20190125.0,금,오정로(부천시계),B-26,유입,오쇠삼거리->외발산사거리,7798.0,37.54318,126.8123,20시,398.0
0,20190126.0,토,오정로(부천시계),B-26,유입,오쇠삼거리->외발산사거리,7550.0,37.54318,126.8123,8시,575.0
0,20190126.0,토,오정로(부천시계),B-26,유입,오쇠삼거리->외발산사거리,7550.0,37.54318,126.8123,9시,607.0
0,20190126.0,토,오정로(부천시계),B-26,유입,오쇠삼거리->외발산사거리,7550.0,37.54318,126.8123,10시,596.0
0,20190126.0,토,오정로(부천시계),B-26,유입,오쇠삼거리->외발산사거리,7550.0,37.54318,126.8123,11시,643.0
0,20190126.0,토,오정로(부천시계),B-26,유입,오쇠삼거리->외발산사거리,7550.0,37.54318,126.8123,12시,652.0
0,20190126.0,토,오정로(부천시계),B-26,유입,오쇠삼거리->외발산사거리,7550.0,37.54318,126.8123,13시,696.0
0,20190126.0,토,오정로(부천시계),B-26,유입,오쇠삼거리->외발산사거리,7550.0,37.54318,126.8123,14시,590.0
0,20190126.0,토,오정로(부천시계),B-26,유입,오쇠삼거리->외발산사거리,7550.0,37.54318,126.8123,15시,626.0
0,20190126.0,토,오정로(부천시계),B-26,유입,오쇠삼거리->외발산사거리,7550.0,37.54318,126.8123,16시,676.0
0,20190126.0,토,오정로(부천시계),B-26,유입,오쇠삼거리->외발산사거리,7550.0,37.54318,126.8123,17시,631.0
0,20190126.0,토,오정로(부천시계),B-26,유입,오쇠삼거리->외발산사거리,7550.0,37.54318,126.8123,18시,549.0
0,20190126.0,토,오정로(부천시계),B-26,유입,오쇠삼거리->외발산사거리,7550.0,37.54318,126.8123,19시,382.0
0,20190126.0,토,오정로(부천시계),B-26,유입,오쇠삼거리->외발산사거리,7550.0,37.54318,126.8123,20시,327.0
0,20190127.0,일,오정로(부천시계),B-26,유입,오쇠삼거리->외발산사거리,5816.0,37.54318,126.8123,8시,354.0
0,20190127.0,일,오정로(부천시계),B-26,유입,오쇠삼거리->외발산사거리,5816.0,37.54318,126.8123,9시,390.0
0,20190127.0,일,오정로(부천시계),B-26,유입,오쇠삼거리->외발산사거리,5816.0,37.54318,126.8123,10시,449.0
0,20190127.0,일,오정로(부천시계),B-26,유입,오쇠삼거리->외발산사거리,5816.0,37.54318,126.8123,11시,466.0
0,20190127.0,일,오정로(부천시계),B-26,유입,오쇠삼거리->외발산사거리,5816.0,37.54318,126.8123,12시,513.0
0,20190127.0,일,오정로(부천시계),B-26,유입,오쇠삼거리->외발산사거리,5816.0,37.54318,126.8123,13시,532.0
0,20190127.0,일,오정로(부천시계),B-26,유입,오쇠삼거리->외발산사거리,5816.0,37.54318,126.8123,14시,592.0
0,20190127.0,일,오정로(부천시계),B-26,유입,오쇠삼거리->외발산사거리,5816.0,37.54318,126.8123,15시,494.0
0,20190127.0,일,오정로(부천시계),B-26,유입,오쇠삼거리->외발산사거리,5816.0,37.54318,126.8123,16시,455.0
0,20190127.0,일,오정로(부천시계),B-26,유입,오쇠삼거리->외발산사거리,5816.0,37.54318,126.8123,17시,514.0
0,20190127.0,일,오정로(부천시계),B-26,유입,오쇠삼거리->외발산사거리,5816.0,37.54318,126.8123,18시,432.0
0,20190127.0,일,오정로(부천시계),B-26,유입,오쇠삼거리->외발산사거리,5816.0,37.54318,126.8123,19시,330.0
0,20190127.0,일,오정로(부천시계),B-26,유입,오쇠삼거리->외발산사거리,5816.0,37.54318,126.8123,20시,295.0
0,20190128.0,월,오정로(부천시계),B-26,유입,오쇠삼거리->외발산사거리,7634.0,37.54318,126.8123,8시,832.0
0,20190128.0,월,오정로(부천시계),B-26,유입,오쇠삼거리->외발산사거리,7634.0,37.54318,126.8123,9시,716.0
0,20190128.0,월,오정로(부천시계),B-26,유입,오쇠삼거리->외발산사거리,7634.0,37.54318,126.8123,10시,624.0
0,20190128.0,월,오정로(부천시계),B-26,유입,오쇠삼거리->외발산사거리,7634.0,37.54318,126.8123,11시,636.0
0,20190128.0,월,오정로(부천시계),B-26,유입,오쇠삼거리->외발산사거리,7634.0,37.54318,126.8123,12시,556.0
0,20190128.0,월,오정로(부천시계),B-26,유입,오쇠삼거리->외발산사거리,7634.0,37.54318,126.8123,13시,533.0
0,20190128.0,월,오정로(부천시계),B-26,유입,오쇠삼거리->외발산사거리,7634.0,37.54318,126.8123,14시,520.0
0,20190128.0,월,오정로(부천시계),B-26,유입,오쇠삼거리->외발산사거리,7634.0,37.54318,126.8123,15시,512.0
0,20190128.0,월,오정로(부천시계),B-26,유입,오쇠삼거리->외발산사거리,7634.0,37.54318,126.8123,16시,570.0
0,20190128.0,월,오정로(부천시계),B-26,유입,오쇠삼거리->외발산사거리,7634.0,37.54318,126.8123,17시,673.0
0,20190128.0,월,오정로(부천시계),B-26,유입,오쇠삼거리->외발산사거리,7634.0,37.54318,126.8123,18시,610.0
0,20190128.0,월,오정로(부천시계),B-26,유입,오쇠삼거리->외발산사거리,7634.0,37.54318,126.8123,19시,486.0
0,20190128.0,월,오정로(부천시계),B-26,유입,오쇠삼거리->외발산사거리,7634.0,37.54318,126.8123,20시,366.0
0,20190129.0,화,오정로(부천시계),B-26,유입,오쇠삼거리->외발산사거리,7824.0,37.54318,126.8123,8시,797.0
0,20190129.0,화,오정로(부천시계),B-26,유입,오쇠삼거리->외발산사거리,7824.0,37.54318,126.8123,9시,758.0
0,20190129.0,화,오정로(부천시계),B-26,유입,오쇠삼거리->외발산사거리,7824.0,37.54318,126.8123,10시,686.0
0,20190129.0,화,오정로(부천시계),B-26,유입,오쇠삼거리->외발산사거리,7824.0,37.54318,126.8123,11시,592.0
0,20190129.0,화,오정로(부천시계),B-26,유입,오쇠삼거리->외발산사거리,7824.0,37.54318,126.8123,12시,573.0
0,20190129.0,화,오정로(부천시계),B-26,유입,오쇠삼거리->외발산사거리,7824.0,37.54318,126.8123,13시,580.0
0,20190129.0,화,오정로(부천시계),B-26,유입,오쇠삼거리->외발산사거리,7824.0,37.54318,126.8123,14시,573.0
0,20190129.0,화,오정로(부천시계),B-26,유입,오쇠삼거리->외발산사거리,7824.0,37.54318,126.8123,15시,547.0
0,20190129.0,화,오정로(부천시계),B-26,유입,오쇠삼거리->외발산사거리,7824.0,37.54318,126.8123,16시,570.0
0,20190129.0,화,오정로(부천시계),B-26,유입,오쇠삼거리->외발산사거리,7824.0,37.54318,126.8123,17시,690.0
0,20190129.0,화,오정로(부천시계),B-26,유입,오쇠삼거리->외발산사거리,7824.0,37.54318,126.8123,18시,564.0
0,20190129.0,화,오정로(부천시계),B-26,유입,오쇠삼거리->외발산사거리,7824.0,37.54318,126.8123,19시,495.0
0,20190129.0,화,오정로(부천시계),B-26,유입,오쇠삼거리->외발산사거리,7824.0,37.54318,126.8123,20시,399.0
0,20190130.0,수,오정로(부천시계),B-26,유입,오쇠삼거리->외발산사거리,7995.0,37.54318,126.8123,8시,854.0
0,20190130.0,수,오정로(부천시계),B-26,유입,오쇠삼거리->외발산사거리,7995.0,37.54318,126.8123,9시,724.0
0,20190130.0,수,오정로(부천시계),B-26,유입,오쇠삼거리->외발산사거리,7995.0,37.54318,126.8123,10시,647.0
0,20190130.0,수,오정로(부천시계),B-26,유입,오쇠삼거리->외발산사거리,7995.0,37.54318,126.8123,11시,652.0
0,20190130.0,수,오정로(부천시계),B-26,유입,오쇠삼거리->외발산사거리,7995.0,37.54318,126.8123,12시,553.0
0,20190130.0,수,오정로(부천시계),B-26,유입,오쇠삼거리->외발산사거리,7995.0,37.54318,126.8123,13시,573.0
0,20190130.0,수,오정로(부천시계),B-26,유입,오쇠삼거리->외발산사거리,7995.0,37.54318,126.8123,14시,605.0
0,20190130.0,수,오정로(부천시계),B-26,유입,오쇠삼거리->외발산사거리,7995.0,37.54318,126.8123,15시,566.0
0,20190130.0,수,오정로(부천시계),B-26,유입,오쇠삼거리->외발산사거리,7995.0,37.54318,126.8123,16시,605.0
0,20190130.0,수,오정로(부천시계),B-26,유입,오쇠삼거리->외발산사거리,7995.0,37.54318,126.8123,17시,716.0
0,20190130.0,수,오정로(부천시계),B-26,유입,오쇠삼거리->외발산사거리,7995.0,37.54318,126.8123,18시,576.0
0,20190130.0,수,오정로(부천시계),B-26,유입,오쇠삼거리->외발산사거리,7995.0,37.54318,126.8123,19시,511.0
0,20190130.0,수,오정로(부천시계),B-26,유입,오쇠삼거리->외발산사거리,7995.0,37.54318,126.8123,20시,413.0
0,20190131.0,목,오정로(부천시계),B-26,유입,오쇠삼거리->외발산사거리,8076.0,37.54318,126.8123,8시,860.0
0,20190131.0,목,오정로(부천시계),B-26,유입,오쇠삼거리->외발산사거리,8076.0,37.54318,126.8123,9시,690.0
0,20190131.0,목,오정로(부천시계),B-26,유입,오쇠삼거리->외발산사거리,8076.0,37.54318,126.8123,10시,637.0
0,20190131.0,목,오정로(부천시계),B-26,유입,오쇠삼거리->외발산사거리,8076.0,37.54318,126.8123,11시,677.0
0,20190131.0,목,오정로(부천시계),B-26,유입,오쇠삼거리->외발산사거리,8076.0,37.54318,126.8123,12시,553.0
0,20190131.0,목,오정로(부천시계),B-26,유입,오쇠삼거리->외발산사거리,8076.0,37.54318,126.8123,13시,621.0
0,20190131.0,목,오정로(부천시계),B-26,유입,오쇠삼거리->외발산사거리,8076.0,37.54318,126.8123,14시,590.0
0,20190131.0,목,오정로(부천시계),B-26,유입,오쇠삼거리->외발산사거리,8076.0,37.54318,126.8123,15시,620.0
0,20190131.0,목,오정로(부천시계),B-26,유입,오쇠삼거리->외발산사거리,8076.0,37.54318,126.8123,16시,584.0
0,20190131.0,목,오정로(부천시계),B-26,유입,오쇠삼거리->외발산사거리,8076.0,37.54318,126.8123,17시,696.0
0,20190131.0,목,오정로(부천시계),B-26,유입,오쇠삼거리->외발산사거리,8076.0,37.54318,126.8123,18시,614.0
0,20190131.0,목,오정로(부천시계),B-26,유입,오쇠삼거리->외발산사거리,8076.0,37.54318,126.8123,19시,508.0
0,20190131.0,목,오정로(부천시계),B-26,유입,오쇠삼거리->외발산사거리,8076.0,37.54318,126.8123,20시,426.0
0,20190101.0,일,오정로(부천시계),B-26,유출,외발산사거리->오쇠삼거리,6856.0,37.54318,126.8123,8시,288.0
0,20190101.0,일,오정로(부천시계),B-26,유출,외발산사거리->오쇠삼거리,6856.0,37.54318,126.8123,9시,338.0
0,20190101.0,일,오정로(부천시계),B-26,유출,외발산사거리->오쇠삼거리,6856.0,37.54318,126.8123,10시,359.0
0,20190101.0,일,오정로(부천시계),B-26,유출,외발산사거리->오쇠삼거리,6856.0,37.54318,126.8123,11시,476.0
0,20190101.0,일,오정로(부천시계),B-26,유출,외발산사거리->오쇠삼거리,6856.0,37.54318,126.8123,12시,531.0
0,20190101.0,일,오정로(부천시계),B-26,유출,외발산사거리->오쇠삼거리,6856.0,37.54318,126.8123,13시,578.0
0,20190101.0,일,오정로(부천시계),B-26,유출,외발산사거리->오쇠삼거리,6856.0,37.54318,126.8123,14시,636.0
0,20190101.0,일,오정로(부천시계),B-26,유출,외발산사거리->오쇠삼거리,6856.0,37.54318,126.8123,15시,636.0
0,20190101.0,일,오정로(부천시계),B-26,유출,외발산사거리->오쇠삼거리,6856.0,37.54318,126.8123,16시,720.0
0,20190101.0,일,오정로(부천시계),B-26,유출,외발산사거리->오쇠삼거리,6856.0,37.54318,126.8123,17시,736.0
0,20190101.0,일,오정로(부천시계),B-26,유출,외발산사거리->오쇠삼거리,6856.0,37.54318,126.8123,18시,651.0
0,20190101.0,일,오정로(부천시계),B-26,유출,외발산사거리->오쇠삼거리,6856.0,37.54318,126.8123,19시,459.0
0,20190101.0,일,오정로(부천시계),B-26,유출,외발산사거리->오쇠삼거리,6856.0,37.54318,126.8123,20시,448.0
0,20190102.0,수,오정로(부천시계),B-26,유출,외발산사거리->오쇠삼거리,10097.0,37.54318,126.8123,8시,916.0
0,20190102.0,수,오정로(부천시계),B-26,유출,외발산사거리->오쇠삼거리,10097.0,37.54318,126.8123,9시,628.0
0,20190102.0,수,오정로(부천시계),B-26,유출,외발산사거리->오쇠삼거리,10097.0,37.54318,126.8123,10시,620.0
0,20190102.0,수,오정로(부천시계),B-26,유출,외발산사거리->오쇠삼거리,10097.0,37.54318,126.8123,11시,603.0
0,20190102.0,수,오정로(부천시계),B-26,유출,외발산사거리->오쇠삼거리,10097.0,37.54318,126.8123,12시,587.0
0,20190102.0,수,오정로(부천시계),B-26,유출,외발산사거리->오쇠삼거리,10097.0,37.54318,126.8123,13시,609.0
0,20190102.0,수,오정로(부천시계),B-26,유출,외발산사거리->오쇠삼거리,10097.0,37.54318,126.8123,14시,673.0
0,20190102.0,수,오정로(부천시계),B-26,유출,외발산사거리->오쇠삼거리,10097.0,37.54318,126.8123,15시,746.0
0,20190102.0,수,오정로(부천시계),B-26,유출,외발산사거리->오쇠삼거리,10097.0,37.54318,126.8123,16시,874.0
0,20190102.0,수,오정로(부천시계),B-26,유출,외발산사거리->오쇠삼거리,10097.0,37.54318,126.8123,17시,1185.0
0,20190102.0,수,오정로(부천시계),B-26,유출,외발산사거리->오쇠삼거리,10097.0,37.54318,126.8123,18시,1204.0
0,20190102.0,수,오정로(부천시계),B-26,유출,외발산사거리->오쇠삼거리,10097.0,37.54318,126.8123,19시,913.0
0,20190102.0,수,오정로(부천시계),B-26,유출,외발산사거리->오쇠삼거리,10097.0,37.54318,126.8123,20시,539.0
0,20190103.0,목,오정로(부천시계),B-26,유출,외발산사거리->오쇠삼거리,10678.0,37.54318,126.8123,8시,967.0
0,20190103.0,목,오정로(부천시계),B-26,유출,외발산사거리->오쇠삼거리,10678.0,37.54318,126.8123,9시,665.0
0,20190103.0,목,오정로(부천시계),B-26,유출,외발산사거리->오쇠삼거리,10678.0,37.54318,126.8123,10시,667.0
0,20190103.0,목,오정로(부천시계),B-26,유출,외발산사거리->오쇠삼거리,10678.0,37.54318,126.8123,11시,642.0
0,20190103.0,목,오정로(부천시계),B-26,유출,외발산사거리->오쇠삼거리,10678.0,37.54318,126.8123,12시,614.0
0,20190103.0,목,오정로(부천시계),B-26,유출,외발산사거리->오쇠삼거리,10678.0,37.54318,126.8123,13시,679.0
0,20190103.0,목,오정로(부천시계),B-26,유출,외발산사거리->오쇠삼거리,10678.0,37.54318,126.8123,14시,772.0
0,20190103.0,목,오정로(부천시계),B-26,유출,외발산사거리->오쇠삼거리,10678.0,37.54318,126.8123,15시,815.0
0,20190103.0,목,오정로(부천시계),B-26,유출,외발산사거리->오쇠삼거리,10678.0,37.54318,126.8123,16시,939.0
0,20190103.0,목,오정로(부천시계),B-26,유출,외발산사거리->오쇠삼거리,10678.0,37.54318,126.8123,17시,1184.0
0,20190103.0,목,오정로(부천시계),B-26,유출,외발산사거리->오쇠삼거리,10678.0,37.54318,126.8123,18시,1271.0
0,20190103.0,목,오정로(부천시계),B-26,유출,외발산사거리->오쇠삼거리,10678.0,37.54318,126.8123,19시,916.0
0,20190103.0,목,오정로(부천시계),B-26,유출,외발산사거리->오쇠삼거리,10678.0,37.54318,126.8123,20시,547.0
0,20190104.0,금,오정로(부천시계),B-26,유출,외발산사거리->오쇠삼거리,11103.0,37.54318,126.8123,8시,944.0
0,20190104.0,금,오정로(부천시계),B-26,유출,외발산사거리->오쇠삼거리,11103.0,37.54318,126.8123,9시,688.0
0,20190104.0,금,오정로(부천시계),B-26,유출,외발산사거리->오쇠삼거리,11103.0,37.54318,126.8123,10시,696.0
0,20190104.0,금,오정로(부천시계),B-26,유출,외발산사거리->오쇠삼거리,11103.0,37.54318,126.8123,11시,665.0
0,20190104.0,금,오정로(부천시계),B-26,유출,외발산사거리->오쇠삼거리,11103.0,37.54318,126.8123,12시,615.0
0,20190104.0,금,오정로(부천시계),B-26,유출,외발산사거리->오쇠삼거리,11103.0,37.54318,126.8123,13시,716.0
0,20190104.0,금,오정로(부천시계),B-26,유출,외발산사거리->오쇠삼거리,11103.0,37.54318,126.8123,14시,743.0
0,20190104.0,금,오정로(부천시계),B-26,유출,외발산사거리->오쇠삼거리,11103.0,37.54318,126.8123,15시,801.0
0,20190104.0,금,오정로(부천시계),B-26,유출,외발산사거리->오쇠삼거리,11103.0,37.54318,126.8123,16시,1060.0
0,20190104.0,금,오정로(부천시계),B-26,유출,외발산사거리->오쇠삼거리,11103.0,37.54318,126.8123,17시,1265.0
0,20190104.0,금,오정로(부천시계),B-26,유출,외발산사거리->오쇠삼거리,11103.0,37.54318,126.8123,18시,1304.0
0,20190104.0,금,오정로(부천시계),B-26,유출,외발산사거리->오쇠삼거리,11103.0,37.54318,126.8123,19시,966.0
0,20190104.0,금,오정로(부천시계),B-26,유출,외발산사거리->오쇠삼거리,11103.0,37.54318,126.8123,20시,640.0
0,20190105.0,토,오정로(부천시계),B-26,유출,외발산사거리->오쇠삼거리,9150.0,37.54318,126.8123,8시,502.0
0,20190105.0,토,오정로(부천시계),B-26,유출,외발산사거리->오쇠삼거리,9150.0,37.54318,126.8123,9시,527.0
0,20190105.0,토,오정로(부천시계),B-26,유출,외발산사거리->오쇠삼거리,9150.0,37.54318,126.8123,10시,637.0
0,20190105.0,토,오정로(부천시계),B-26,유출,외발산사거리->오쇠삼거리,9150.0,37.54318,126.8123,11시,633.0
0,20190105.0,토,오정로(부천시계),B-26,유출,외발산사거리->오쇠삼거리,9150.0,37.54318,126.8123,12시,639.0
0,20190105.0,토,오정로(부천시계),B-26,유출,외발산사거리->오쇠삼거리,9150.0,37.54318,126.8123,13시,730.0
0,20190105.0,토,오정로(부천시계),B-26,유출,외발산사거리->오쇠삼거리,9150.0,37.54318,126.8123,14시,818.0
0,20190105.0,토,오정로(부천시계),B-26,유출,외발산사거리->오쇠삼거리,9150.0,37.54318,126.8123,15시,664.0
0,20190105.0,토,오정로(부천시계),B-26,유출,외발산사거리->오쇠삼거리,9150.0,37.54318,126.8123,16시,1027.0
0,20190105.0,토,오정로(부천시계),B-26,유출,외발산사거리->오쇠삼거리,9150.0,37.54318,126.8123,17시,1070.0
0,20190105.0,토,오정로(부천시계),B-26,유출,외발산사거리->오쇠삼거리,9150.0,37.54318,126.8123,18시,893.0
0,20190105.0,토,오정로(부천시계),B-26,유출,외발산사거리->오쇠삼거리,9150.0,37.54318,126.8123,19시,526.0
0,20190105.0,토,오정로(부천시계),B-26,유출,외발산사거리->오쇠삼거리,9150.0,37.54318,126.8123,20시,484.0
0,20190106.0,일,오정로(부천시계),B-26,유출,외발산사거리->오쇠삼거리,6976.0,37.54318,126.8123,8시,311.0
0,20190106.0,일,오정로(부천시계),B-26,유출,외발산사거리->오쇠삼거리,6976.0,37.54318,126.8123,9시,336.0
0,20190106.0,일,오정로(부천시계),B-26,유출,외발산사거리->오쇠삼거리,6976.0,37.54318,126.8123,10시,451.0
0,20190106.0,일,오정로(부천시계),B-26,유출,외발산사거리->오쇠삼거리,6976.0,37.54318,126.8123,11시,475.0
0,20190106.0,일,오정로(부천시계),B-26,유출,외발산사거리->오쇠삼거리,6976.0,37.54318,126.8123,12시,475.0
0,20190106.0,일,오정로(부천시계),B-26,유출,외발산사거리->오쇠삼거리,6976.0,37.54318,126.8123,13시,641.0
0,20190106.0,일,오정로(부천시계),B-26,유출,외발산사거리->오쇠삼거리,6976.0,37.54318,126.8123,14시,624.0
0,20190106.0,일,오정로(부천시계),B-26,유출,외발산사거리->오쇠삼거리,6976.0,37.54318,126.8123,15시,659.0
0,20190106.0,일,오정로(부천시계),B-26,유출,외발산사거리->오쇠삼거리,6976.0,37.54318,126.8123,16시,726.0
0,20190106.0,일,오정로(부천시계),B-26,유출,외발산사거리->오쇠삼거리,6976.0,37.54318,126.8123,17시,738.0
0,20190106.0,일,오정로(부천시계),B-26,유출,외발산사거리->오쇠삼거리,6976.0,37.54318,126.8123,18시,621.0
0,20190106.0,일,오정로(부천시계),B-26,유출,외발산사거리->오쇠삼거리,6976.0,37.54318,126.8123,19시,481.0
0,20190106.0,일,오정로(부천시계),B-26,유출,외발산사거리->오쇠삼거리,6976.0,37.54318,126.8123,20시,438.0
0,20190107.0,월,오정로(부천시계),B-26,유출,외발산사거리->오쇠삼거리,10417.0,37.54318,126.8123,8시,971.0
0,20190107.0,월,오정로(부천시계),B-26,유출,외발산사거리->오쇠삼거리,10417.0,37.54318,126.8123,9시,658.0
0,20190107.0,월,오정로(부천시계),B-26,유출,외발산사거리->오쇠삼거리,10417.0,37.54318,126.8123,10시,622.0
0,20190107.0,월,오정로(부천시계),B-26,유출,외발산사거리->오쇠삼거리,10417.0,37.54318,126.8123,11시,653.0
0,20190107.0,월,오정로(부천시계),B-26,유출,외발산사거리->오쇠삼거리,10417.0,37.54318,126.8123,12시,593.0
0,20190107.0,월,오정로(부천시계),B-26,유출,외발산사거리->오쇠삼거리,10417.0,37.54318,126.8123,13시,649.0
0,20190107.0,월,오정로(부천시계),B-26,유출,외발산사거리->오쇠삼거리,10417.0,37.54318,126.8123,14시,724.0
0,20190107.0,월,오정로(부천시계),B-26,유출,외발산사거리->오쇠삼거리,10417.0,37.54318,126.8123,15시,761.0
0,20190107.0,월,오정로(부천시계),B-26,유출,외발산사거리->오쇠삼거리,10417.0,37.54318,126.8123,16시,920.0
0,20190107.0,월,오정로(부천시계),B-26,유출,외발산사거리->오쇠삼거리,10417.0,37.54318,126.8123,17시,1189.0
0,20190107.0,월,오정로(부천시계),B-26,유출,외발산사거리->오쇠삼거리,10417.0,37.54318,126.8123,18시,1228.0
0,20190107.0,월,오정로(부천시계),B-26,유출,외발산사거리->오쇠삼거리,10417.0,37.54318,126.8123,19시,870.0
0,20190107.0,월,오정로(부천시계),B-26,유출,외발산사거리->오쇠삼거리,10417.0,37.54318,126.8123,20시,579.0
0,20190108.0,화,오정로(부천시계),B-26,유출,외발산사거리->오쇠삼거리,10567.0,37.54318,126.8123,8시,930.0
0,20190108.0,화,오정로(부천시계),B-26,유출,외발산사거리->오쇠삼거리,10567.0,37.54318,126.8123,9시,705.0
0,20190108.0,화,오정로(부천시계),B-26,유출,외발산사거리->오쇠삼거리,10567.0,37.54318,126.8123,10시,697.0
0,20190108.0,화,오정로(부천시계),B-26,유출,외발산사거리->오쇠삼거리,10567.0,37.54318,126.8123,11시,659.0
0,20190108.0,화,오정로(부천시계),B-26,유출,외발산사거리->오쇠삼거리,10567.0,37.54318,126.8123,12시,613.0
0,20190108.0,화,오정로(부천시계),B-26,유출,외발산사거리->오쇠삼거리,10567.0,37.54318,126.8123,13시,663.0
0,20190108.0,화,오정로(부천시계),B-26,유출,외발산사거리->오쇠삼거리,10567.0,37.54318,126.8123,14시,746.0
0,20190108.0,화,오정로(부천시계),B-26,유출,외발산사거리->오쇠삼거리,10567.0,37.54318,126.8123,15시,810.0
0,20190108.0,화,오정로(부천시계),B-26,유출,외발산사거리->오쇠삼거리,10567.0,37.54318,126.8123,16시,903.0
0,20190108.0,화,오정로(부천시계),B-26,유출,외발산사거리->오쇠삼거리,10567.0,37.54318,126.8123,17시,1170.0
0,20190108.0,화,오정로(부천시계),B-26,유출,외발산사거리->오쇠삼거리,10567.0,37.54318,126.8123,18시,1227.0
0,20190108.0,화,오정로(부천시계),B-26,유출,외발산사거리->오쇠삼거리,10567.0,37.54318,126.8123,19시,862.0
0,20190108.0,화,오정로(부천시계),B-26,유출,외발산사거리->오쇠삼거리,10567.0,37.54318,126.8123,20시,582.0
0,20190109.0,수,오정로(부천시계),B-26,유출,외발산사거리->오쇠삼거리,10521.0,37.54318,126.8123,8시,936.0
0,20190109.0,수,오정로(부천시계),B-26,유출,외발산사거리->오쇠삼거리,10521.0,37.54318,126.8123,9시,652.0
0,20190109.0,수,오정로(부천시계),B-26,유출,외발산사거리->오쇠삼거리,10521.0,37.54318,126.8123,10시,665.0
0,20190109.0,수,오정로(부천시계),B-26,유출,외발산사거리->오쇠삼거리,10521.0,37.54318,126.8123,11시,713.0
0,20190109.0,수,오정로(부천시계),B-26,유출,외발산사거리->오쇠삼거리,10521.0,37.54318,126.8123,12시,639.0
0,20190109.0,수,오정로(부천시계),B-26,유출,외발산사거리->오쇠삼거리,10521.0,37.54318,126.8123,13시,643.0
0,20190109.0,수,오정로(부천시계),B-26,유출,외발산사거리->오쇠삼거리,10521.0,37.54318,126.8123,14시,729.0
0,20190109.0,수,오정로(부천시계),B-26,유출,외발산사거리->오쇠삼거리,10521.0,37.54318,126.8123,15시,804.0
0,20190109.0,수,오정로(부천시계),B-26,유출,외발산사거리->오쇠삼거리,10521.0,37.54318,126.8123,16시,924.0
0,20190109.0,수,오정로(부천시계),B-26,유출,외발산사거리->오쇠삼거리,10521.0,37.54318,126.8123,17시,1179.0
0,20190109.0,수,오정로(부천시계),B-26,유출,외발산사거리->오쇠삼거리,10521.0,37.54318,126.8123,18시,1235.0
0,20190109.0,수,오정로(부천시계),B-26,유출,외발산사거리->오쇠삼거리,10521.0,37.54318,126.8123,19시,876.0
0,20190109.0,수,오정로(부천시계),B-26,유출,외발산사거리->오쇠삼거리,10521.0,37.54318,126.8123,20시,526.0
0,20190110.0,목,오정로(부천시계),B-26,유출,외발산사거리->오쇠삼거리,10490.0,37.54318,126.8123,8시,929.0
0,20190110.0,목,오정로(부천시계),B-26,유출,외발산사거리->오쇠삼거리,10490.0,37.54318,126.8123,9시,652.0
0,20190110.0,목,오정로(부천시계),B-26,유출,외발산사거리->오쇠삼거리,10490.0,37.54318,126.8123,10시,599.0
0,20190110.0,목,오정로(부천시계),B-26,유출,외발산사거리->오쇠삼거리,10490.0,37.54318,126.8123,11시,673.0
0,20190110.0,목,오정로(부천시계),B-26,유출,외발산사거리->오쇠삼거리,10490.0,37.54318,126.8123,12시,655.0
0,20190110.0,목,오정로(부천시계),B-26,유출,외발산사거리->오쇠삼거리,10490.0,37.54318,126.8123,13시,695.0
0,20190110.0,목,오정로(부천시계),B-26,유출,외발산사거리->오쇠삼거리,10490.0,37.54318,126.8123,14시,728.0
0,20190110.0,목,오정로(부천시계),B-26,유출,외발산사거리->오쇠삼거리,10490.0,37.54318,126.8123,15시,759.0
0,20190110.0,목,오정로(부천시계),B-26,유출,외발산사거리->오쇠삼거리,10490.0,37.54318,126.8123,16시,931.0
0,20190110.0,목,오정로(부천시계),B-26,유출,외발산사거리->오쇠삼거리,10490.0,37.54318,126.8123,17시,1209.0
0,20190110.0,목,오정로(부천시계),B-26,유출,외발산사거리->오쇠삼거리,10490.0,37.54318,126.8123,18시,1220.0
0,20190110.0,목,오정로(부천시계),B-26,유출,외발산사거리->오쇠삼거리,10490.0,37.54318,126.8123,19시,864.0
0,20190110.0,목,오정로(부천시계),B-26,유출,외발산사거리->오쇠삼거리,10490.0,37.54318,126.8123,20시,576.0
0,20190111.0,금,오정로(부천시계),B-26,유출,외발산사거리->오쇠삼거리,11158.0,37.54318,126.8123,8시,909.0
0,20190111.0,금,오정로(부천시계),B-26,유출,외발산사거리->오쇠삼거리,11158.0,37.54318,126.8123,9시,661.0
0,20190111.0,금,오정로(부천시계),B-26,유출,외발산사거리->오쇠삼거리,11158.0,37.54318,126.8123,10시,687.0
0,20190111.0,금,오정로(부천시계),B-26,유출,외발산사거리->오쇠삼거리,11158.0,37.54318,126.8123,11시,727.0
0,20190111.0,금,오정로(부천시계),B-26,유출,외발산사거리->오쇠삼거리,11158.0,37.54318,126.8123,12시,605.0
0,20190111.0,금,오정로(부천시계),B-26,유출,외발산사거리->오쇠삼거리,11158.0,37.54318,126.8123,13시,687.0
0,20190111.0,금,오정로(부천시계),B-26,유출,외발산사거리->오쇠삼거리,11158.0,37.54318,126.8123,14시,769.0
0,20190111.0,금,오정로(부천시계),B-26,유출,외발산사거리->오쇠삼거리,11158.0,37.54318,126.8123,15시,887.0
0,20190111.0,금,오정로(부천시계),B-26,유출,외발산사거리->오쇠삼거리,11158.0,37.54318,126.8123,16시,990.0
0,20190111.0,금,오정로(부천시계),B-26,유출,외발산사거리->오쇠삼거리,11158.0,37.54318,126.8123,17시,1225.0
0,20190111.0,금,오정로(부천시계),B-26,유출,외발산사거리->오쇠삼거리,11158.0,37.54318,126.8123,18시,1338.0
0,20190111.0,금,오정로(부천시계),B-26,유출,외발산사거리->오쇠삼거리,11158.0,37.54318,126.8123,19시,1073.0
0,20190111.0,금,오정로(부천시계),B-26,유출,외발산사거리->오쇠삼거리,11158.0,37.54318,126.8123,20시,600.0
0,20190112.0,토,오정로(부천시계),B-26,유출,외발산사거리->오쇠삼거리,9700.0,37.54318,126.8123,8시,509.0
0,20190112.0,토,오정로(부천시계),B-26,유출,외발산사거리->오쇠삼거리,9700.0,37.54318,126.8123,9시,581.0
0,20190112.0,토,오정로(부천시계),B-26,유출,외발산사거리->오쇠삼거리,9700.0,37.54318,126.8123,10시,665.0
0,20190112.0,토,오정로(부천시계),B-26,유출,외발산사거리->오쇠삼거리,9700.0,37.54318,126.8123,11시,696.0
0,20190112.0,토,오정로(부천시계),B-26,유출,외발산사거리->오쇠삼거리,9700.0,37.54318,126.8123,12시,740.0
0,20190112.0,토,오정로(부천시계),B-26,유출,외발산사거리->오쇠삼거리,9700.0,37.54318,126.8123,13시,716.0
0,20190112.0,토,오정로(부천시계),B-26,유출,외발산사거리->오쇠삼거리,9700.0,37.54318,126.8123,14시,811.0
0,20190112.0,토,오정로(부천시계),B-26,유출,외발산사거리->오쇠삼거리,9700.0,37.54318,126.8123,15시,824.0
0,20190112.0,토,오정로(부천시계),B-26,유출,외발산사거리->오쇠삼거리,9700.0,37.54318,126.8123,16시,1063.0
0,20190112.0,토,오정로(부천시계),B-26,유출,외발산사거리->오쇠삼거리,9700.0,37.54318,126.8123,17시,1095.0
0,20190112.0,토,오정로(부천시계),B-26,유출,외발산사거리->오쇠삼거리,9700.0,37.54318,126.8123,18시,920.0
0,20190112.0,토,오정로(부천시계),B-26,유출,외발산사거리->오쇠삼거리,9700.0,37.54318,126.8123,19시,606.0
0,20190112.0,토,오정로(부천시계),B-26,유출,외발산사거리->오쇠삼거리,9700.0,37.54318,126.8123,20시,474.0
0,20190113.0,일,오정로(부천시계),B-26,유출,외발산사거리->오쇠삼거리,7203.0,37.54318,126.8123,8시,317.0
0,20190113.0,일,오정로(부천시계),B-26,유출,외발산사거리->오쇠삼거리,7203.0,37.54318,126.8123,9시,362.0
0,20190113.0,일,오정로(부천시계),B-26,유출,외발산사거리->오쇠삼거리,7203.0,37.54318,126.8123,10시,439.0
0,20190113.0,일,오정로(부천시계),B-26,유출,외발산사거리->오쇠삼거리,7203.0,37.54318,126.8123,11시,476.0
0,20190113.0,일,오정로(부천시계),B-26,유출,외발산사거리->오쇠삼거리,7203.0,37.54318,126.8123,12시,471.0
0,20190113.0,일,오정로(부천시계),B-26,유출,외발산사거리->오쇠삼거리,7203.0,37.54318,126.8123,13시,603.0
0,20190113.0,일,오정로(부천시계),B-26,유출,외발산사거리->오쇠삼거리,7203.0,37.54318,126.8123,14시,588.0
0,20190113.0,일,오정로(부천시계),B-26,유출,외발산사거리->오쇠삼거리,7203.0,37.54318,126.8123,15시,729.0
0,20190113.0,일,오정로(부천시계),B-26,유출,외발산사거리->오쇠삼거리,7203.0,37.54318,126.8123,16시,815.0
0,20190113.0,일,오정로(부천시계),B-26,유출,외발산사거리->오쇠삼거리,7203.0,37.54318,126.8123,17시,770.0
0,20190113.0,일,오정로(부천시계),B-26,유출,외발산사거리->오쇠삼거리,7203.0,37.54318,126.8123,18시,645.0
0,20190113.0,일,오정로(부천시계),B-26,유출,외발산사거리->오쇠삼거리,7203.0,37.54318,126.8123,19시,499.0
0,20190113.0,일,오정로(부천시계),B-26,유출,외발산사거리->오쇠삼거리,7203.0,37.54318,126.8123,20시,489.0
0,20190114.0,월,오정로(부천시계),B-26,유출,외발산사거리->오쇠삼거리,10448.0,37.54318,126.8123,8시,907.0
0,20190114.0,월,오정로(부천시계),B-26,유출,외발산사거리->오쇠삼거리,10448.0,37.54318,126.8123,9시,674.0
0,20190114.0,월,오정로(부천시계),B-26,유출,외발산사거리->오쇠삼거리,10448.0,37.54318,126.8123,10시,732.0
0,20190114.0,월,오정로(부천시계),B-26,유출,외발산사거리->오쇠삼거리,10448.0,37.54318,126.8123,11시,633.0
0,20190114.0,월,오정로(부천시계),B-26,유출,외발산사거리->오쇠삼거리,10448.0,37.54318,126.8123,12시,611.0
0,20190114.0,월,오정로(부천시계),B-26,유출,외발산사거리->오쇠삼거리,10448.0,37.54318,126.8123,13시,617.0
0,20190114.0,월,오정로(부천시계),B-26,유출,외발산사거리->오쇠삼거리,10448.0,37.54318,126.8123,14시,716.0
0,20190114.0,월,오정로(부천시계),B-26,유출,외발산사거리->오쇠삼거리,10448.0,37.54318,126.8123,15시,825.0
0,20190114.0,월,오정로(부천시계),B-26,유출,외발산사거리->오쇠삼거리,10448.0,37.54318,126.8123,16시,911.0
0,20190114.0,월,오정로(부천시계),B-26,유출,외발산사거리->오쇠삼거리,10448.0,37.54318,126.8123,17시,1171.0
0,20190114.0,월,오정로(부천시계),B-26,유출,외발산사거리->오쇠삼거리,10448.0,37.54318,126.8123,18시,1238.0
0,20190114.0,월,오정로(부천시계),B-26,유출,외발산사거리->오쇠삼거리,10448.0,37.54318,126.8123,19시,873.0
0,20190114.0,월,오정로(부천시계),B-26,유출,외발산사거리->오쇠삼거리,10448.0,37.54318,126.8123,20시,540.0
0,20190115.0,화,오정로(부천시계),B-26,유출,외발산사거리->오쇠삼거리,10458.0,37.54318,126.8123,8시,934.0
0,20190115.0,화,오정로(부천시계),B-26,유출,외발산사거리->오쇠삼거리,10458.0,37.54318,126.8123,9시,654.0
0,20190115.0,화,오정로(부천시계),B-26,유출,외발산사거리->오쇠삼거리,10458.0,37.54318,126.8123,10시,694.0
0,20190115.0,화,오정로(부천시계),B-26,유출,외발산사거리->오쇠삼거리,10458.0,37.54318,126.8123,11시,679.0
0,20190115.0,화,오정로(부천시계),B-26,유출,외발산사거리->오쇠삼거리,10458.0,37.54318,126.8123,12시,654.0
0,20190115.0,화,오정로(부천시계),B-26,유출,외발산사거리->오쇠삼거리,10458.0,37.54318,126.8123,13시,657.0
0,20190115.0,화,오정로(부천시계),B-26,유출,외발산사거리->오쇠삼거리,10458.0,37.54318,126.8123,14시,691.0
0,20190115.0,화,오정로(부천시계),B-26,유출,외발산사거리->오쇠삼거리,10458.0,37.54318,126.8123,15시,761.0
0,20190115.0,화,오정로(부천시계),B-26,유출,외발산사거리->오쇠삼거리,10458.0,37.54318,126.8123,16시,848.0
0,20190115.0,화,오정로(부천시계),B-26,유출,외발산사거리->오쇠삼거리,10458.0,37.54318,126.8123,17시,1199.0
0,20190115.0,화,오정로(부천시계),B-26,유출,외발산사거리->오쇠삼거리,10458.0,37.54318,126.8123,18시,1236.0
0,20190115.0,화,오정로(부천시계),B-26,유출,외발산사거리->오쇠삼거리,10458.0,37.54318,126.8123,19시,915.0
0,20190115.0,화,오정로(부천시계),B-26,유출,외발산사거리->오쇠삼거리,10458.0,37.54318,126.8123,20시,536.0
0,20190116.0,수,오정로(부천시계),B-26,유출,외발산사거리->오쇠삼거리,10740.0,37.54318,126.8123,8시,957.0
0,20190116.0,수,오정로(부천시계),B-26,유출,외발산사거리->오쇠삼거리,10740.0,37.54318,126.8123,9시,639.0
0,20190116.0,수,오정로(부천시계),B-26,유출,외발산사거리->오쇠삼거리,10740.0,37.54318,126.8123,10시,692.0
0,20190116.0,수,오정로(부천시계),B-26,유출,외발산사거리->오쇠삼거리,10740.0,37.54318,126.8123,11시,668.0
0,20190116.0,수,오정로(부천시계),B-26,유출,외발산사거리->오쇠삼거리,10740.0,37.54318,126.8123,12시,605.0
0,20190116.0,수,오정로(부천시계),B-26,유출,외발산사거리->오쇠삼거리,10740.0,37.54318,126.8123,13시,681.0
0,20190116.0,수,오정로(부천시계),B-26,유출,외발산사거리->오쇠삼거리,10740.0,37.54318,126.8123,14시,684.0
0,20190116.0,수,오정로(부천시계),B-26,유출,외발산사거리->오쇠삼거리,10740.0,37.54318,126.8123,15시,772.0
0,20190116.0,수,오정로(부천시계),B-26,유출,외발산사거리->오쇠삼거리,10740.0,37.54318,126.8123,16시,961.0
0,20190116.0,수,오정로(부천시계),B-26,유출,외발산사거리->오쇠삼거리,10740.0,37.54318,126.8123,17시,1239.0
0,20190116.0,수,오정로(부천시계),B-26,유출,외발산사거리->오쇠삼거리,10740.0,37.54318,126.8123,18시,1304.0
0,20190116.0,수,오정로(부천시계),B-26,유출,외발산사거리->오쇠삼거리,10740.0,37.54318,126.8123,19시,964.0
0,20190116.0,수,오정로(부천시계),B-26,유출,외발산사거리->오쇠삼거리,10740.0,37.54318,126.8123,20시,574.0
0,20190117.0,목,오정로(부천시계),B-26,유출,외발산사거리->오쇠삼거리,10630.0,37.54318,126.8123,8시,939.0
0,20190117.0,목,오정로(부천시계),B-26,유출,외발산사거리->오쇠삼거리,10630.0,37.54318,126.8123,9시,632.0
0,20190117.0,목,오정로(부천시계),B-26,유출,외발산사거리->오쇠삼거리,10630.0,37.54318,126.8123,10시,644.0
0,20190117.0,목,오정로(부천시계),B-26,유출,외발산사거리->오쇠삼거리,10630.0,37.54318,126.8123,11시,720.0
0,20190117.0,목,오정로(부천시계),B-26,유출,외발산사거리->오쇠삼거리,10630.0,37.54318,126.8123,12시,636.0
0,20190117.0,목,오정로(부천시계),B-26,유출,외발산사거리->오쇠삼거리,10630.0,37.54318,126.8123,13시,724.0
0,20190117.0,목,오정로(부천시계),B-26,유출,외발산사거리->오쇠삼거리,10630.0,37.54318,126.8123,14시,718.0
0,20190117.0,목,오정로(부천시계),B-26,유출,외발산사거리->오쇠삼거리,10630.0,37.54318,126.8123,15시,779.0
0,20190117.0,목,오정로(부천시계),B-26,유출,외발산사거리->오쇠삼거리,10630.0,37.54318,126.8123,16시,976.0
0,20190117.0,목,오정로(부천시계),B-26,유출,외발산사거리->오쇠삼거리,10630.0,37.54318,126.8123,17시,1169.0
0,20190117.0,목,오정로(부천시계),B-26,유출,외발산사거리->오쇠삼거리,10630.0,37.54318,126.8123,18시,1271.0
0,20190117.0,목,오정로(부천시계),B-26,유출,외발산사거리->오쇠삼거리,10630.0,37.54318,126.8123,19시,863.0
0,20190117.0,목,오정로(부천시계),B-26,유출,외발산사거리->오쇠삼거리,10630.0,37.54318,126.8123,20시,559.0
0,20190118.0,금,오정로(부천시계),B-26,유출,외발산사거리->오쇠삼거리,11274.0,37.54318,126.8123,8시,952.0
0,20190118.0,금,오정로(부천시계),B-26,유출,외발산사거리->오쇠삼거리,11274.0,37.54318,126.8123,9시,661.0
0,20190118.0,금,오정로(부천시계),B-26,유출,외발산사거리->오쇠삼거리,11274.0,37.54318,126.8123,10시,720.0
0,20190118.0,금,오정로(부천시계),B-26,유출,외발산사거리->오쇠삼거리,11274.0,37.54318,126.8123,11시,712.0
0,20190118.0,금,오정로(부천시계),B-26,유출,외발산사거리->오쇠삼거리,11274.0,37.54318,126.8123,12시,685.0
0,20190118.0,금,오정로(부천시계),B-26,유출,외발산사거리->오쇠삼거리,11274.0,37.54318,126.8123,13시,699.0
0,20190118.0,금,오정로(부천시계),B-26,유출,외발산사거리->오쇠삼거리,11274.0,37.54318,126.8123,14시,789.0
0,20190118.0,금,오정로(부천시계),B-26,유출,외발산사거리->오쇠삼거리,11274.0,37.54318,126.8123,15시,809.0
0,20190118.0,금,오정로(부천시계),B-26,유출,외발산사거리->오쇠삼거리,11274.0,37.54318,126.8123,16시,1063.0
0,20190118.0,금,오정로(부천시계),B-26,유출,외발산사거리->오쇠삼거리,11274.0,37.54318,126.8123,17시,1296.0
0,20190118.0,금,오정로(부천시계),B-26,유출,외발산사거리->오쇠삼거리,11274.0,37.54318,126.8123,18시,1257.0
0,20190118.0,금,오정로(부천시계),B-26,유출,외발산사거리->오쇠삼거리,11274.0,37.54318,126.8123,19시,1044.0
0,20190118.0,금,오정로(부천시계),B-26,유출,외발산사거리->오쇠삼거리,11274.0,37.54318,126.8123,20시,587.0
0,20190119.0,토,오정로(부천시계),B-26,유출,외발산사거리->오쇠삼거리,9491.0,37.54318,126.8123,8시,511.0
0,20190119.0,토,오정로(부천시계),B-26,유출,외발산사거리->오쇠삼거리,9491.0,37.54318,126.8123,9시,584.0
0,20190119.0,토,오정로(부천시계),B-26,유출,외발산사거리->오쇠삼거리,9491.0,37.54318,126.8123,10시,625.0
0,20190119.0,토,오정로(부천시계),B-26,유출,외발산사거리->오쇠삼거리,9491.0,37.54318,126.8123,11시,663.0
0,20190119.0,토,오정로(부천시계),B-26,유출,외발산사거리->오쇠삼거리,9491.0,37.54318,126.8123,12시,649.0
0,20190119.0,토,오정로(부천시계),B-26,유출,외발산사거리->오쇠삼거리,9491.0,37.54318,126.8123,13시,713.0
0,20190119.0,토,오정로(부천시계),B-26,유출,외발산사거리->오쇠삼거리,9491.0,37.54318,126.8123,14시,746.0
0,20190119.0,토,오정로(부천시계),B-26,유출,외발산사거리->오쇠삼거리,9491.0,37.54318,126.8123,15시,868.0
0,20190119.0,토,오정로(부천시계),B-26,유출,외발산사거리->오쇠삼거리,9491.0,37.54318,126.8123,16시,991.0
0,20190119.0,토,오정로(부천시계),B-26,유출,외발산사거리->오쇠삼거리,9491.0,37.54318,126.8123,17시,1146.0
0,20190119.0,토,오정로(부천시계),B-26,유출,외발산사거리->오쇠삼거리,9491.0,37.54318,126.8123,18시,995.0
0,20190119.0,토,오정로(부천시계),B-26,유출,외발산사거리->오쇠삼거리,9491.0,37.54318,126.8123,19시,585.0
0,20190119.0,토,오정로(부천시계),B-26,유출,외발산사거리->오쇠삼거리,9491.0,37.54318,126.8123,20시,415.0
0,20190120.0,일,오정로(부천시계),B-26,유출,외발산사거리->오쇠삼거리,7329.0,37.54318,126.8123,8시,340.0
0,20190120.0,일,오정로(부천시계),B-26,유출,외발산사거리->오쇠삼거리,7329.0,37.54318,126.8123,9시,354.0
0,20190120.0,일,오정로(부천시계),B-26,유출,외발산사거리->오쇠삼거리,7329.0,37.54318,126.8123,10시,434.0
0,20190120.0,일,오정로(부천시계),B-26,유출,외발산사거리->오쇠삼거리,7329.0,37.54318,126.8123,11시,477.0
0,20190120.0,일,오정로(부천시계),B-26,유출,외발산사거리->오쇠삼거리,7329.0,37.54318,126.8123,12시,548.0
0,20190120.0,일,오정로(부천시계),B-26,유출,외발산사거리->오쇠삼거리,7329.0,37.54318,126.8123,13시,619.0
0,20190120.0,일,오정로(부천시계),B-26,유출,외발산사거리->오쇠삼거리,7329.0,37.54318,126.8123,14시,611.0
0,20190120.0,일,오정로(부천시계),B-26,유출,외발산사거리->오쇠삼거리,7329.0,37.54318,126.8123,15시,730.0
0,20190120.0,일,오정로(부천시계),B-26,유출,외발산사거리->오쇠삼거리,7329.0,37.54318,126.8123,16시,808.0
0,20190120.0,일,오정로(부천시계),B-26,유출,외발산사거리->오쇠삼거리,7329.0,37.54318,126.8123,17시,823.0
0,20190120.0,일,오정로(부천시계),B-26,유출,외발산사거리->오쇠삼거리,7329.0,37.54318,126.8123,18시,634.0
0,20190120.0,일,오정로(부천시계),B-26,유출,외발산사거리->오쇠삼거리,7329.0,37.54318,126.8123,19시,518.0
0,20190120.0,일,오정로(부천시계),B-26,유출,외발산사거리->오쇠삼거리,7329.0,37.54318,126.8123,20시,433.0
0,20190121.0,월,오정로(부천시계),B-26,유출,외발산사거리->오쇠삼거리,10278.0,37.54318,126.8123,8시,882.0
0,20190121.0,월,오정로(부천시계),B-26,유출,외발산사거리->오쇠삼거리,10278.0,37.54318,126.8123,9시,682.0
0,20190121.0,월,오정로(부천시계),B-26,유출,외발산사거리->오쇠삼거리,10278.0,37.54318,126.8123,10시,601.0
0,20190121.0,월,오정로(부천시계),B-26,유출,외발산사거리->오쇠삼거리,10278.0,37.54318,126.8123,11시,686.0
0,20190121.0,월,오정로(부천시계),B-26,유출,외발산사거리->오쇠삼거리,10278.0,37.54318,126.8123,12시,646.0
0,20190121.0,월,오정로(부천시계),B-26,유출,외발산사거리->오쇠삼거리,10278.0,37.54318,126.8123,13시,664.0
0,20190121.0,월,오정로(부천시계),B-26,유출,외발산사거리->오쇠삼거리,10278.0,37.54318,126.8123,14시,727.0
0,20190121.0,월,오정로(부천시계),B-26,유출,외발산사거리->오쇠삼거리,10278.0,37.54318,126.8123,15시,720.0
0,20190121.0,월,오정로(부천시계),B-26,유출,외발산사거리->오쇠삼거리,10278.0,37.54318,126.8123,16시,859.0
0,20190121.0,월,오정로(부천시계),B-26,유출,외발산사거리->오쇠삼거리,10278.0,37.54318,126.8123,17시,1187.0
0,20190121.0,월,오정로(부천시계),B-26,유출,외발산사거리->오쇠삼거리,10278.0,37.54318,126.8123,18시,1202.0
0,20190121.0,월,오정로(부천시계),B-26,유출,외발산사거리->오쇠삼거리,10278.0,37.54318,126.8123,19시,835.0
0,20190121.0,월,오정로(부천시계),B-26,유출,외발산사거리->오쇠삼거리,10278.0,37.54318,126.8123,20시,587.0
0,20190122.0,화,오정로(부천시계),B-26,유출,외발산사거리->오쇠삼거리,10784.0,37.54318,126.8123,8시,947.0
0,20190122.0,화,오정로(부천시계),B-26,유출,외발산사거리->오쇠삼거리,10784.0,37.54318,126.8123,9시,639.0
0,20190122.0,화,오정로(부천시계),B-26,유출,외발산사거리->오쇠삼거리,10784.0,37.54318,126.8123,10시,665.0
0,20190122.0,화,오정로(부천시계),B-26,유출,외발산사거리->오쇠삼거리,10784.0,37.54318,126.8123,11시,701.0
0,20190122.0,화,오정로(부천시계),B-26,유출,외발산사거리->오쇠삼거리,10784.0,37.54318,126.8123,12시,642.0
0,20190122.0,화,오정로(부천시계),B-26,유출,외발산사거리->오쇠삼거리,10784.0,37.54318,126.8123,13시,675.0
0,20190122.0,화,오정로(부천시계),B-26,유출,외발산사거리->오쇠삼거리,10784.0,37.54318,126.8123,14시,717.0
0,20190122.0,화,오정로(부천시계),B-26,유출,외발산사거리->오쇠삼거리,10784.0,37.54318,126.8123,15시,814.0
0,20190122.0,화,오정로(부천시계),B-26,유출,외발산사거리->오쇠삼거리,10784.0,37.54318,126.8123,16시,935.0
0,20190122.0,화,오정로(부천시계),B-26,유출,외발산사거리->오쇠삼거리,10784.0,37.54318,126.8123,17시,1313.0
0,20190122.0,화,오정로(부천시계),B-26,유출,외발산사거리->오쇠삼거리,10784.0,37.54318,126.8123,18시,1266.0
0,20190122.0,화,오정로(부천시계),B-26,유출,외발산사거리->오쇠삼거리,10784.0,37.54318,126.8123,19시,929.0
0,20190122.0,화,오정로(부천시계),B-26,유출,외발산사거리->오쇠삼거리,10784.0,37.54318,126.8123,20시,541.0
0,20190123.0,수,오정로(부천시계),B-26,유출,외발산사거리->오쇠삼거리,10711.0,37.54318,126.8123,8시,877.0
0,20190123.0,수,오정로(부천시계),B-26,유출,외발산사거리->오쇠삼거리,10711.0,37.54318,126.8123,9시,662.0
0,20190123.0,수,오정로(부천시계),B-26,유출,외발산사거리->오쇠삼거리,10711.0,37.54318,126.8123,10시,715.0
0,20190123.0,수,오정로(부천시계),B-26,유출,외발산사거리->오쇠삼거리,10711.0,37.54318,126.8123,11시,718.0
0,20190123.0,수,오정로(부천시계),B-26,유출,외발산사거리->오쇠삼거리,10711.0,37.54318,126.8123,12시,645.0
0,20190123.0,수,오정로(부천시계),B-26,유출,외발산사거리->오쇠삼거리,10711.0,37.54318,126.8123,13시,623.0
0,20190123.0,수,오정로(부천시계),B-26,유출,외발산사거리->오쇠삼거리,10711.0,37.54318,126.8123,14시,715.0
0,20190123.0,수,오정로(부천시계),B-26,유출,외발산사거리->오쇠삼거리,10711.0,37.54318,126.8123,15시,828.0
0,20190123.0,수,오정로(부천시계),B-26,유출,외발산사거리->오쇠삼거리,10711.0,37.54318,126.8123,16시,904.0
0,20190123.0,수,오정로(부천시계),B-26,유출,외발산사거리->오쇠삼거리,10711.0,37.54318,126.8123,17시,1218.0
0,20190123.0,수,오정로(부천시계),B-26,유출,외발산사거리->오쇠삼거리,10711.0,37.54318,126.8123,18시,1275.0
0,20190123.0,수,오정로(부천시계),B-26,유출,외발산사거리->오쇠삼거리,10711.0,37.54318,126.8123,19시,944.0
0,20190123.0,수,오정로(부천시계),B-26,유출,외발산사거리->오쇠삼거리,10711.0,37.54318,126.8123,20시,587.0
0,20190124.0,목,오정로(부천시계),B-26,유출,외발산사거리->오쇠삼거리,10641.0,37.54318,126.8123,8시,906.0
0,20190124.0,목,오정로(부천시계),B-26,유출,외발산사거리->오쇠삼거리,10641.0,37.54318,126.8123,9시,698.0
0,20190124.0,목,오정로(부천시계),B-26,유출,외발산사거리->오쇠삼거리,10641.0,37.54318,126.8123,10시,703.0
0,20190124.0,목,오정로(부천시계),B-26,유출,외발산사거리->오쇠삼거리,10641.0,37.54318,126.8123,11시,695.0
0,20190124.0,목,오정로(부천시계),B-26,유출,외발산사거리->오쇠삼거리,10641.0,37.54318,126.8123,12시,630.0
0,20190124.0,목,오정로(부천시계),B-26,유출,외발산사거리->오쇠삼거리,10641.0,37.54318,126.8123,13시,703.0
0,20190124.0,목,오정로(부천시계),B-26,유출,외발산사거리->오쇠삼거리,10641.0,37.54318,126.8123,14시,685.0
0,20190124.0,목,오정로(부천시계),B-26,유출,외발산사거리->오쇠삼거리,10641.0,37.54318,126.8123,15시,775.0
0,20190124.0,목,오정로(부천시계),B-26,유출,외발산사거리->오쇠삼거리,10641.0,37.54318,126.8123,16시,858.0
0,20190124.0,목,오정로(부천시계),B-26,유출,외발산사거리->오쇠삼거리,10641.0,37.54318,126.8123,17시,1219.0
0,20190124.0,목,오정로(부천시계),B-26,유출,외발산사거리->오쇠삼거리,10641.0,37.54318,126.8123,18시,1242.0
0,20190124.0,목,오정로(부천시계),B-26,유출,외발산사거리->오쇠삼거리,10641.0,37.54318,126.8123,19시,922.0
0,20190124.0,목,오정로(부천시계),B-26,유출,외발산사거리->오쇠삼거리,10641.0,37.54318,126.8123,20시,605.0
0,20190125.0,금,오정로(부천시계),B-26,유출,외발산사거리->오쇠삼거리,11403.0,37.54318,126.8123,8시,902.0
0,20190125.0,금,오정로(부천시계),B-26,유출,외발산사거리->오쇠삼거리,11403.0,37.54318,126.8123,9시,674.0
0,20190125.0,금,오정로(부천시계),B-26,유출,외발산사거리->오쇠삼거리,11403.0,37.54318,126.8123,10시,737.0
0,20190125.0,금,오정로(부천시계),B-26,유출,외발산사거리->오쇠삼거리,11403.0,37.54318,126.8123,11시,710.0
0,20190125.0,금,오정로(부천시계),B-26,유출,외발산사거리->오쇠삼거리,11403.0,37.54318,126.8123,12시,715.0
0,20190125.0,금,오정로(부천시계),B-26,유출,외발산사거리->오쇠삼거리,11403.0,37.54318,126.8123,13시,686.0
0,20190125.0,금,오정로(부천시계),B-26,유출,외발산사거리->오쇠삼거리,11403.0,37.54318,126.8123,14시,772.0
0,20190125.0,금,오정로(부천시계),B-26,유출,외발산사거리->오쇠삼거리,11403.0,37.54318,126.8123,15시,839.0
0,20190125.0,금,오정로(부천시계),B-26,유출,외발산사거리->오쇠삼거리,11403.0,37.54318,126.8123,16시,1024.0
0,20190125.0,금,오정로(부천시계),B-26,유출,외발산사거리->오쇠삼거리,11403.0,37.54318,126.8123,17시,1270.0
0,20190125.0,금,오정로(부천시계),B-26,유출,외발산사거리->오쇠삼거리,11403.0,37.54318,126.8123,18시,1286.0
0,20190125.0,금,오정로(부천시계),B-26,유출,외발산사거리->오쇠삼거리,11403.0,37.54318,126.8123,19시,1138.0
0,20190125.0,금,오정로(부천시계),B-26,유출,외발산사거리->오쇠삼거리,11403.0,37.54318,126.8123,20시,650.0
0,20190126.0,토,오정로(부천시계),B-26,유출,외발산사거리->오쇠삼거리,10081.0,37.54318,126.8123,8시,519.0
0,20190126.0,토,오정로(부천시계),B-26,유출,외발산사거리->오쇠삼거리,10081.0,37.54318,126.8123,9시,588.0
0,20190126.0,토,오정로(부천시계),B-26,유출,외발산사거리->오쇠삼거리,10081.0,37.54318,126.8123,10시,670.0
0,20190126.0,토,오정로(부천시계),B-26,유출,외발산사거리->오쇠삼거리,10081.0,37.54318,126.8123,11시,692.0
0,20190126.0,토,오정로(부천시계),B-26,유출,외발산사거리->오쇠삼거리,10081.0,37.54318,126.8123,12시,724.0
0,20190126.0,토,오정로(부천시계),B-26,유출,외발산사거리->오쇠삼거리,10081.0,37.54318,126.8123,13시,751.0
0,20190126.0,토,오정로(부천시계),B-26,유출,외발산사거리->오쇠삼거리,10081.0,37.54318,126.8123,14시,858.0
0,20190126.0,토,오정로(부천시계),B-26,유출,외발산사거리->오쇠삼거리,10081.0,37.54318,126.8123,15시,928.0
0,20190126.0,토,오정로(부천시계),B-26,유출,외발산사거리->오쇠삼거리,10081.0,37.54318,126.8123,16시,1007.0
0,20190126.0,토,오정로(부천시계),B-26,유출,외발산사거리->오쇠삼거리,10081.0,37.54318,126.8123,17시,1127.0
0,20190126.0,토,오정로(부천시계),B-26,유출,외발산사거리->오쇠삼거리,10081.0,37.54318,126.8123,18시,1019.0
0,20190126.0,토,오정로(부천시계),B-26,유출,외발산사거리->오쇠삼거리,10081.0,37.54318,126.8123,19시,694.0
0,20190126.0,토,오정로(부천시계),B-26,유출,외발산사거리->오쇠삼거리,10081.0,37.54318,126.8123,20시,504.0
0,20190127.0,일,오정로(부천시계),B-26,유출,외발산사거리->오쇠삼거리,7426.0,37.54318,126.8123,8시,330.0
0,20190127.0,일,오정로(부천시계),B-26,유출,외발산사거리->오쇠삼거리,7426.0,37.54318,126.8123,9시,375.0
0,20190127.0,일,오정로(부천시계),B-26,유출,외발산사거리->오쇠삼거리,7426.0,37.54318,126.8123,10시,449.0
0,20190127.0,일,오정로(부천시계),B-26,유출,외발산사거리->오쇠삼거리,7426.0,37.54318,126.8123,11시,459.0
0,20190127.0,일,오정로(부천시계),B-26,유출,외발산사거리->오쇠삼거리,7426.0,37.54318,126.8123,12시,507.0
0,20190127.0,일,오정로(부천시계),B-26,유출,외발산사거리->오쇠삼거리,7426.0,37.54318,126.8123,13시,588.0
0,20190127.0,일,오정로(부천시계),B-26,유출,외발산사거리->오쇠삼거리,7426.0,37.54318,126.8123,14시,615.0
0,20190127.0,일,오정로(부천시계),B-26,유출,외발산사거리->오쇠삼거리,7426.0,37.54318,126.8123,15시,762.0
0,20190127.0,일,오정로(부천시계),B-26,유출,외발산사거리->오쇠삼거리,7426.0,37.54318,126.8123,16시,868.0
0,20190127.0,일,오정로(부천시계),B-26,유출,외발산사거리->오쇠삼거리,7426.0,37.54318,126.8123,17시,832.0
0,20190127.0,일,오정로(부천시계),B-26,유출,외발산사거리->오쇠삼거리,7426.0,37.54318,126.8123,18시,699.0
0,20190127.0,일,오정로(부천시계),B-26,유출,외발산사거리->오쇠삼거리,7426.0,37.54318,126.8123,19시,489.0
0,20190127.0,일,오정로(부천시계),B-26,유출,외발산사거리->오쇠삼거리,7426.0,37.54318,126.8123,20시,453.0
0,20190128.0,월,오정로(부천시계),B-26,유출,외발산사거리->오쇠삼거리,10658.0,37.54318,126.8123,8시,905.0
0,20190128.0,월,오정로(부천시계),B-26,유출,외발산사거리->오쇠삼거리,10658.0,37.54318,126.8123,9시,641.0
0,20190128.0,월,오정로(부천시계),B-26,유출,외발산사거리->오쇠삼거리,10658.0,37.54318,126.8123,10시,654.0
0,20190128.0,월,오정로(부천시계),B-26,유출,외발산사거리->오쇠삼거리,10658.0,37.54318,126.8123,11시,675.0
0,20190128.0,월,오정로(부천시계),B-26,유출,외발산사거리->오쇠삼거리,10658.0,37.54318,126.8123,12시,665.0
0,20190128.0,월,오정로(부천시계),B-26,유출,외발산사거리->오쇠삼거리,10658.0,37.54318,126.8123,13시,676.0
0,20190128.0,월,오정로(부천시계),B-26,유출,외발산사거리->오쇠삼거리,10658.0,37.54318,126.8123,14시,726.0
0,20190128.0,월,오정로(부천시계),B-26,유출,외발산사거리->오쇠삼거리,10658.0,37.54318,126.8123,15시,808.0
0,20190128.0,월,오정로(부천시계),B-26,유출,외발산사거리->오쇠삼거리,10658.0,37.54318,126.8123,16시,964.0
0,20190128.0,월,오정로(부천시계),B-26,유출,외발산사거리->오쇠삼거리,10658.0,37.54318,126.8123,17시,1184.0
0,20190128.0,월,오정로(부천시계),B-26,유출,외발산사거리->오쇠삼거리,10658.0,37.54318,126.8123,18시,1252.0
0,20190128.0,월,오정로(부천시계),B-26,유출,외발산사거리->오쇠삼거리,10658.0,37.54318,126.8123,19시,947.0
0,20190128.0,월,오정로(부천시계),B-26,유출,외발산사거리->오쇠삼거리,10658.0,37.54318,126.8123,20시,561.0
0,20190129.0,화,오정로(부천시계),B-26,유출,외발산사거리->오쇠삼거리,11257.0,37.54318,126.8123,8시,912.0
0,20190129.0,화,오정로(부천시계),B-26,유출,외발산사거리->오쇠삼거리,11257.0,37.54318,126.8123,9시,715.0
0,20190129.0,화,오정로(부천시계),B-26,유출,외발산사거리->오쇠삼거리,11257.0,37.54318,126.8123,10시,724.0
0,20190129.0,화,오정로(부천시계),B-26,유출,외발산사거리->오쇠삼거리,11257.0,37.54318,126.8123,11시,743.0
0,20190129.0,화,오정로(부천시계),B-26,유출,외발산사거리->오쇠삼거리,11257.0,37.54318,126.8123,12시,632.0
0,20190129.0,화,오정로(부천시계),B-26,유출,외발산사거리->오쇠삼거리,11257.0,37.54318,126.8123,13시,694.0
0,20190129.0,화,오정로(부천시계),B-26,유출,외발산사거리->오쇠삼거리,11257.0,37.54318,126.8123,14시,768.0
0,20190129.0,화,오정로(부천시계),B-26,유출,외발산사거리->오쇠삼거리,11257.0,37.54318,126.8123,15시,860.0
0,20190129.0,화,오정로(부천시계),B-26,유출,외발산사거리->오쇠삼거리,11257.0,37.54318,126.8123,16시,1031.0
0,20190129.0,화,오정로(부천시계),B-26,유출,외발산사거리->오쇠삼거리,11257.0,37.54318,126.8123,17시,1310.0
0,20190129.0,화,오정로(부천시계),B-26,유출,외발산사거리->오쇠삼거리,11257.0,37.54318,126.8123,18시,1353.0
0,20190129.0,화,오정로(부천시계),B-26,유출,외발산사거리->오쇠삼거리,11257.0,37.54318,126.8123,19시,957.0
0,20190129.0,화,오정로(부천시계),B-26,유출,외발산사거리->오쇠삼거리,11257.0,37.54318,126.8123,20시,558.0
0,20190130.0,수,오정로(부천시계),B-26,유출,외발산사거리->오쇠삼거리,11494.0,37.54318,126.8123,8시,917.0
0,20190130.0,수,오정로(부천시계),B-26,유출,외발산사거리->오쇠삼거리,11494.0,37.54318,126.8123,9시,713.0
0,20190130.0,수,오정로(부천시계),B-26,유출,외발산사거리->오쇠삼거리,11494.0,37.54318,126.8123,10시,774.0
0,20190130.0,수,오정로(부천시계),B-26,유출,외발산사거리->오쇠삼거리,11494.0,37.54318,126.8123,11시,786.0
0,20190130.0,수,오정로(부천시계),B-26,유출,외발산사거리->오쇠삼거리,11494.0,37.54318,126.8123,12시,691.0
0,20190130.0,수,오정로(부천시계),B-26,유출,외발산사거리->오쇠삼거리,11494.0,37.54318,126.8123,13시,763.0
0,20190130.0,수,오정로(부천시계),B-26,유출,외발산사거리->오쇠삼거리,11494.0,37.54318,126.8123,14시,743.0
0,20190130.0,수,오정로(부천시계),B-26,유출,외발산사거리->오쇠삼거리,11494.0,37.54318,126.8123,15시,866.0
0,20190130.0,수,오정로(부천시계),B-26,유출,외발산사거리->오쇠삼거리,11494.0,37.54318,126.8123,16시,987.0
0,20190130.0,수,오정로(부천시계),B-26,유출,외발산사거리->오쇠삼거리,11494.0,37.54318,126.8123,17시,1275.0
0,20190130.0,수,오정로(부천시계),B-26,유출,외발산사거리->오쇠삼거리,11494.0,37.54318,126.8123,18시,1310.0
0,20190130.0,수,오정로(부천시계),B-26,유출,외발산사거리->오쇠삼거리,11494.0,37.54318,126.8123,19시,1047.0
0,20190130.0,수,오정로(부천시계),B-26,유출,외발산사거리->오쇠삼거리,11494.0,37.54318,126.8123,20시,622.0
0,20190131.0,목,오정로(부천시계),B-26,유출,외발산사거리->오쇠삼거리,11625.0,37.54318,126.8123,8시,866.0
0,20190131.0,목,오정로(부천시계),B-26,유출,외발산사거리->오쇠삼거리,11625.0,37.54318,126.8123,9시,759.0
0,20190131.0,목,오정로(부천시계),B-26,유출,외발산사거리->오쇠삼거리,11625.0,37.54318,126.8123,10시,744.0
0,20190131.0,목,오정로(부천시계),B-26,유출,외발산사거리->오쇠삼거리,11625.0,37.54318,126.8123,11시,727.0
0,20190131.0,목,오정로(부천시계),B-26,유출,외발산사거리->오쇠삼거리,11625.0,37.54318,126.8123,12시,695.0
0,20190131.0,목,오정로(부천시계),B-26,유출,외발산사거리->오쇠삼거리,11625.0,37.54318,126.8123,13시,769.0
0,20190131.0,목,오정로(부천시계),B-26,유출,외발산사거리->오쇠삼거리,11625.0,37.54318,126.8123,14시,807.0
0,20190131.0,목,오정로(부천시계),B-26,유출,외발산사거리->오쇠삼거리,11625.0,37.54318,126.8123,15시,934.0
0,20190131.0,목,오정로(부천시계),B-26,유출,외발산사거리->오쇠삼거리,11625.0,37.54318,126.8123,16시,1114.0
0,20190131.0,목,오정로(부천시계),B-26,유출,외발산사거리->오쇠삼거리,11625.0,37.54318,126.8123,17시,1342.0
0,20190131.0,목,오정로(부천시계),B-26,유출,외발산사거리->오쇠삼거리,11625.0,37.54318,126.8123,18시,1231.0
0,20190131.0,목,오정로(부천시계),B-26,유출,외발산사거리->오쇠삼거리,11625.0,37.54318,126.8123,19시,1038.0
0,20190131.0,목,오정로(부천시계),B-26,유출,외발산사거리->오쇠삼거리,11625.0,37.54318,126.8123,20시,599.0
0,20190201.0,금,오정로(부천시계),B-26,유입,오쇠삼거리->외발산사거리,8092.0,37.54318,126.8123,8시,861.0
0,20190201.0,금,오정로(부천시계),B-26,유입,오쇠삼거리->외발산사거리,8092.0,37.54318,126.8123,9시,695.0
0,20190201.0,금,오정로(부천시계),B-26,유입,오쇠삼거리->외발산사거리,8092.0,37.54318,126.8123,10시,640.0
0,20190201.0,금,오정로(부천시계),B-26,유입,오쇠삼거리->외발산사거리,8092.0,37.54318,126.8123,11시,651.0
0,20190201.0,금,오정로(부천시계),B-26,유입,오쇠삼거리->외발산사거리,8092.0,37.54318,126.8123,12시,644.0
0,20190201.0,금,오정로(부천시계),B-26,유입,오쇠삼거리->외발산사거리,8092.0,37.54318,126.8123,13시,574.0
0,20190201.0,금,오정로(부천시계),B-26,유입,오쇠삼거리->외발산사거리,8092.0,37.54318,126.8123,14시,627.0
0,20190201.0,금,오정로(부천시계),B-26,유입,오쇠삼거리->외발산사거리,8092.0,37.54318,126.8123,15시,580.0
0,20190201.0,금,오정로(부천시계),B-26,유입,오쇠삼거리->외발산사거리,8092.0,37.54318,126.8123,16시,631.0
0,20190201.0,금,오정로(부천시계),B-26,유입,오쇠삼거리->외발산사거리,8092.0,37.54318,126.8123,17시,765.0
0,20190201.0,금,오정로(부천시계),B-26,유입,오쇠삼거리->외발산사거리,8092.0,37.54318,126.8123,18시,567.0
0,20190201.0,금,오정로(부천시계),B-26,유입,오쇠삼거리->외발산사거리,8092.0,37.54318,126.8123,19시,461.0
0,20190201.0,금,오정로(부천시계),B-26,유입,오쇠삼거리->외발산사거리,8092.0,37.54318,126.8123,20시,396.0
0,20190202.0,토,오정로(부천시계),B-26,유입,오쇠삼거리->외발산사거리,7019.0,37.54318,126.8123,8시,441.0
0,20190202.0,토,오정로(부천시계),B-26,유입,오쇠삼거리->외발산사거리,7019.0,37.54318,126.8123,9시,587.0
0,20190202.0,토,오정로(부천시계),B-26,유입,오쇠삼거리->외발산사거리,7019.0,37.54318,126.8123,10시,594.0
0,20190202.0,토,오정로(부천시계),B-26,유입,오쇠삼거리->외발산사거리,7019.0,37.54318,126.8123,11시,586.0
0,20190202.0,토,오정로(부천시계),B-26,유입,오쇠삼거리->외발산사거리,7019.0,37.54318,126.8123,12시,605.0
0,20190202.0,토,오정로(부천시계),B-26,유입,오쇠삼거리->외발산사거리,7019.0,37.54318,126.8123,13시,632.0
0,20190202.0,토,오정로(부천시계),B-26,유입,오쇠삼거리->외발산사거리,7019.0,37.54318,126.8123,14시,628.0
0,20190202.0,토,오정로(부천시계),B-26,유입,오쇠삼거리->외발산사거리,7019.0,37.54318,126.8123,15시,596.0
0,20190202.0,토,오정로(부천시계),B-26,유입,오쇠삼거리->외발산사거리,7019.0,37.54318,126.8123,16시,598.0
0,20190202.0,토,오정로(부천시계),B-26,유입,오쇠삼거리->외발산사거리,7019.0,37.54318,126.8123,17시,606.0
0,20190202.0,토,오정로(부천시계),B-26,유입,오쇠삼거리->외발산사거리,7019.0,37.54318,126.8123,18시,475.0
0,20190202.0,토,오정로(부천시계),B-26,유입,오쇠삼거리->외발산사거리,7019.0,37.54318,126.8123,19시,350.0
0,20190202.0,토,오정로(부천시계),B-26,유입,오쇠삼거리->외발산사거리,7019.0,37.54318,126.8123,20시,321.0
0,20190203.0,일,오정로(부천시계),B-26,유입,오쇠삼거리->외발산사거리,5752.0,37.54318,126.8123,8시,322.0
0,20190203.0,일,오정로(부천시계),B-26,유입,오쇠삼거리->외발산사거리,5752.0,37.54318,126.8123,9시,384.0
0,20190203.0,일,오정로(부천시계),B-26,유입,오쇠삼거리->외발산사거리,5752.0,37.54318,126.8123,10시,471.0
0,20190203.0,일,오정로(부천시계),B-26,유입,오쇠삼거리->외발산사거리,5752.0,37.54318,126.8123,11시,470.0
0,20190203.0,일,오정로(부천시계),B-26,유입,오쇠삼거리->외발산사거리,5752.0,37.54318,126.8123,12시,499.0
0,20190203.0,일,오정로(부천시계),B-26,유입,오쇠삼거리->외발산사거리,5752.0,37.54318,126.8123,13시,569.0
0,20190203.0,일,오정로(부천시계),B-26,유입,오쇠삼거리->외발산사거리,5752.0,37.54318,126.8123,14시,502.0
0,20190203.0,일,오정로(부천시계),B-26,유입,오쇠삼거리->외발산사거리,5752.0,37.54318,126.8123,15시,535.0
0,20190203.0,일,오정로(부천시계),B-26,유입,오쇠삼거리->외발산사거리,5752.0,37.54318,126.8123,16시,514.0
0,20190203.0,일,오정로(부천시계),B-26,유입,오쇠삼거리->외발산사거리,5752.0,37.54318,126.8123,17시,494.0
0,20190203.0,일,오정로(부천시계),B-26,유입,오쇠삼거리->외발산사거리,5752.0,37.54318,126.8123,18시,405.0
0,20190203.0,일,오정로(부천시계),B-26,유입,오쇠삼거리->외발산사거리,5752.0,37.54318,126.8123,19시,302.0
0,20190203.0,일,오정로(부천시계),B-26,유입,오쇠삼거리->외발산사거리,5752.0,37.54318,126.8123,20시,285.0
0,20190204.0,월,오정로(부천시계),B-26,유입,오쇠삼거리->외발산사거리,5846.0,37.54318,126.8123,8시,310.0
0,20190204.0,월,오정로(부천시계),B-26,유입,오쇠삼거리->외발산사거리,5846.0,37.54318,126.8123,9시,363.0
0,20190204.0,월,오정로(부천시계),B-26,유입,오쇠삼거리->외발산사거리,5846.0,37.54318,126.8123,10시,488.0
0,20190204.0,월,오정로(부천시계),B-26,유입,오쇠삼거리->외발산사거리,5846.0,37.54318,126.8123,11시,596.0
0,20190204.0,월,오정로(부천시계),B-26,유입,오쇠삼거리->외발산사거리,5846.0,37.54318,126.8123,12시,573.0
0,20190204.0,월,오정로(부천시계),B-26,유입,오쇠삼거리->외발산사거리,5846.0,37.54318,126.8123,13시,581.0
0,20190204.0,월,오정로(부천시계),B-26,유입,오쇠삼거리->외발산사거리,5846.0,37.54318,126.8123,14시,544.0
0,20190204.0,월,오정로(부천시계),B-26,유입,오쇠삼거리->외발산사거리,5846.0,37.54318,126.8123,15시,484.0
0,20190204.0,월,오정로(부천시계),B-26,유입,오쇠삼거리->외발산사거리,5846.0,37.54318,126.8123,16시,522.0
0,20190204.0,월,오정로(부천시계),B-26,유입,오쇠삼거리->외발산사거리,5846.0,37.54318,126.8123,17시,470.0
0,20190204.0,월,오정로(부천시계),B-26,유입,오쇠삼거리->외발산사거리,5846.0,37.54318,126.8123,18시,337.0
0,20190204.0,월,오정로(부천시계),B-26,유입,오쇠삼거리->외발산사거리,5846.0,37.54318,126.8123,19시,312.0
0,20190204.0,월,오정로(부천시계),B-26,유입,오쇠삼거리->외발산사거리,5846.0,37.54318,126.8123,20시,266.0
0,20190205.0,화,오정로(부천시계),B-26,유입,오쇠삼거리->외발산사거리,7727.0,37.54318,126.8123,8시,445.0
0,20190205.0,화,오정로(부천시계),B-26,유입,오쇠삼거리->외발산사거리,7727.0,37.54318,126.8123,9시,419.0
0,20190205.0,화,오정로(부천시계),B-26,유입,오쇠삼거리->외발산사거리,7727.0,37.54318,126.8123,10시,556.0
0,20190205.0,화,오정로(부천시계),B-26,유입,오쇠삼거리->외발산사거리,7727.0,37.54318,126.8123,11시,908.0
0,20190205.0,화,오정로(부천시계),B-26,유입,오쇠삼거리->외발산사거리,7727.0,37.54318,126.8123,12시,817.0
0,20190205.0,화,오정로(부천시계),B-26,유입,오쇠삼거리->외발산사거리,7727.0,37.54318,126.8123,13시,736.0
0,20190205.0,화,오정로(부천시계),B-26,유입,오쇠삼거리->외발산사거리,7727.0,37.54318,126.8123,14시,780.0
0,20190205.0,화,오정로(부천시계),B-26,유입,오쇠삼거리->외발산사거리,7727.0,37.54318,126.8123,15시,670.0
0,20190205.0,화,오정로(부천시계),B-26,유입,오쇠삼거리->외발산사거리,7727.0,37.54318,126.8123,16시,658.0
0,20190205.0,화,오정로(부천시계),B-26,유입,오쇠삼거리->외발산사거리,7727.0,37.54318,126.8123,17시,589.0
0,20190205.0,화,오정로(부천시계),B-26,유입,오쇠삼거리->외발산사거리,7727.0,37.54318,126.8123,18시,469.0
0,20190205.0,화,오정로(부천시계),B-26,유입,오쇠삼거리->외발산사거리,7727.0,37.54318,126.8123,19시,322.0
0,20190205.0,화,오정로(부천시계),B-26,유입,오쇠삼거리->외발산사거리,7727.0,37.54318,126.8123,20시,358.0
0,20190206.0,수,오정로(부천시계),B-26,유입,오쇠삼거리->외발산사거리,5795.0,37.54318,126.8123,8시,257.0
0,20190206.0,수,오정로(부천시계),B-26,유입,오쇠삼거리->외발산사거리,5795.0,37.54318,126.8123,9시,331.0
0,20190206.0,수,오정로(부천시계),B-26,유입,오쇠삼거리->외발산사거리,5795.0,37.54318,126.8123,10시,463.0
0,20190206.0,수,오정로(부천시계),B-26,유입,오쇠삼거리->외발산사거리,5795.0,37.54318,126.8123,11시,514.0
0,20190206.0,수,오정로(부천시계),B-26,유입,오쇠삼거리->외발산사거리,5795.0,37.54318,126.8123,12시,591.0
0,20190206.0,수,오정로(부천시계),B-26,유입,오쇠삼거리->외발산사거리,5795.0,37.54318,126.8123,13시,582.0
0,20190206.0,수,오정로(부천시계),B-26,유입,오쇠삼거리->외발산사거리,5795.0,37.54318,126.8123,14시,560.0
0,20190206.0,수,오정로(부천시계),B-26,유입,오쇠삼거리->외발산사거리,5795.0,37.54318,126.8123,15시,507.0
0,20190206.0,수,오정로(부천시계),B-26,유입,오쇠삼거리->외발산사거리,5795.0,37.54318,126.8123,16시,501.0
0,20190206.0,수,오정로(부천시계),B-26,유입,오쇠삼거리->외발산사거리,5795.0,37.54318,126.8123,17시,444.0
0,20190206.0,수,오정로(부천시계),B-26,유입,오쇠삼거리->외발산사거리,5795.0,37.54318,126.8123,18시,411.0
0,20190206.0,수,오정로(부천시계),B-26,유입,오쇠삼거리->외발산사거리,5795.0,37.54318,126.8123,19시,366.0
0,20190206.0,수,오정로(부천시계),B-26,유입,오쇠삼거리->외발산사거리,5795.0,37.54318,126.8123,20시,268.0
0,20190207.0,수,오정로(부천시계),B-26,유입,오쇠삼거리->외발산사거리,7199.0,37.54318,126.8123,8시,745.0
0,20190207.0,수,오정로(부천시계),B-26,유입,오쇠삼거리->외발산사거리,7199.0,37.54318,126.8123,9시,629.0
0,20190207.0,수,오정로(부천시계),B-26,유입,오쇠삼거리->외발산사거리,7199.0,37.54318,126.8123,10시,561.0
0,20190207.0,수,오정로(부천시계),B-26,유입,오쇠삼거리->외발산사거리,7199.0,37.54318,126.8123,11시,557.0
0,20190207.0,수,오정로(부천시계),B-26,유입,오쇠삼거리->외발산사거리,7199.0,37.54318,126.8123,12시,506.0
0,20190207.0,수,오정로(부천시계),B-26,유입,오쇠삼거리->외발산사거리,7199.0,37.54318,126.8123,13시,541.0
0,20190207.0,수,오정로(부천시계),B-26,유입,오쇠삼거리->외발산사거리,7199.0,37.54318,126.8123,14시,554.0
0,20190207.0,수,오정로(부천시계),B-26,유입,오쇠삼거리->외발산사거리,7199.0,37.54318,126.8123,15시,479.0
0,20190207.0,수,오정로(부천시계),B-26,유입,오쇠삼거리->외발산사거리,7199.0,37.54318,126.8123,16시,547.0
0,20190207.0,수,오정로(부천시계),B-26,유입,오쇠삼거리->외발산사거리,7199.0,37.54318,126.8123,17시,689.0
0,20190207.0,수,오정로(부천시계),B-26,유입,오쇠삼거리->외발산사거리,7199.0,37.54318,126.8123,18시,596.0
0,20190207.0,수,오정로(부천시계),B-26,유입,오쇠삼거리->외발산사거리,7199.0,37.54318,126.8123,19시,446.0
0,20190207.0,수,오정로(부천시계),B-26,유입,오쇠삼거리->외발산사거리,7199.0,37.54318,126.8123,20시,349.0
0,20190208.0,금,오정로(부천시계),B-26,유입,오쇠삼거리->외발산사거리,7438.0,37.54318,126.8123,8시,796.0
0,20190208.0,금,오정로(부천시계),B-26,유입,오쇠삼거리->외발산사거리,7438.0,37.54318,126.8123,9시,664.0
0,20190208.0,금,오정로(부천시계),B-26,유입,오쇠삼거리->외발산사거리,7438.0,37.54318,126.8123,10시,586.0
0,20190208.0,금,오정로(부천시계),B-26,유입,오쇠삼거리->외발산사거리,7438.0,37.54318,126.8123,11시,592.0
0,20190208.0,금,오정로(부천시계),B-26,유입,오쇠삼거리->외발산사거리,7438.0,37.54318,126.8123,12시,521.0
0,20190208.0,금,오정로(부천시계),B-26,유입,오쇠삼거리->외발산사거리,7438.0,37.54318,126.8123,13시,535.0
0,20190208.0,금,오정로(부천시계),B-26,유입,오쇠삼거리->외발산사거리,7438.0,37.54318,126.8123,14시,543.0
0,20190208.0,금,오정로(부천시계),B-26,유입,오쇠삼거리->외발산사거리,7438.0,37.54318,126.8123,15시,522.0
0,20190208.0,금,오정로(부천시계),B-26,유입,오쇠삼거리->외발산사거리,7438.0,37.54318,126.8123,16시,566.0
0,20190208.0,금,오정로(부천시계),B-26,유입,오쇠삼거리->외발산사거리,7438.0,37.54318,126.8123,17시,728.0
0,20190208.0,금,오정로(부천시계),B-26,유입,오쇠삼거리->외발산사거리,7438.0,37.54318,126.8123,18시,568.0
0,20190208.0,금,오정로(부천시계),B-26,유입,오쇠삼거리->외발산사거리,7438.0,37.54318,126.8123,19시,451.0
0,20190208.0,금,오정로(부천시계),B-26,유입,오쇠삼거리->외발산사거리,7438.0,37.54318,126.8123,20시,366.0
0,20190209.0,토,오정로(부천시계),B-26,유입,오쇠삼거리->외발산사거리,6693.0,37.54318,126.8123,8시,509.0
0,20190209.0,토,오정로(부천시계),B-26,유입,오쇠삼거리->외발산사거리,6693.0,37.54318,126.8123,9시,610.0
0,20190209.0,토,오정로(부천시계),B-26,유입,오쇠삼거리->외발산사거리,6693.0,37.54318,126.8123,10시,548.0
0,20190209.0,토,오정로(부천시계),B-26,유입,오쇠삼거리->외발산사거리,6693.0,37.54318,126.8123,11시,553.0
0,20190209.0,토,오정로(부천시계),B-26,유입,오쇠삼거리->외발산사거리,6693.0,37.54318,126.8123,12시,592.0
0,20190209.0,토,오정로(부천시계),B-26,유입,오쇠삼거리->외발산사거리,6693.0,37.54318,126.8123,13시,586.0
0,20190209.0,토,오정로(부천시계),B-26,유입,오쇠삼거리->외발산사거리,6693.0,37.54318,126.8123,14시,581.0
0,20190209.0,토,오정로(부천시계),B-26,유입,오쇠삼거리->외발산사거리,6693.0,37.54318,126.8123,15시,513.0
0,20190209.0,토,오정로(부천시계),B-26,유입,오쇠삼거리->외발산사거리,6693.0,37.54318,126.8123,16시,552.0
0,20190209.0,토,오정로(부천시계),B-26,유입,오쇠삼거리->외발산사거리,6693.0,37.54318,126.8123,17시,551.0
0,20190209.0,토,오정로(부천시계),B-26,유입,오쇠삼거리->외발산사거리,6693.0,37.54318,126.8123,18시,455.0
0,20190209.0,토,오정로(부천시계),B-26,유입,오쇠삼거리->외발산사거리,6693.0,37.54318,126.8123,19시,344.0
0,20190209.0,토,오정로(부천시계),B-26,유입,오쇠삼거리->외발산사거리,6693.0,37.54318,126.8123,20시,299.0
0,20190210.0,일,오정로(부천시계),B-26,유입,오쇠삼거리->외발산사거리,5467.0,37.54318,126.8123,8시,304.0
0,20190210.0,일,오정로(부천시계),B-26,유입,오쇠삼거리->외발산사거리,5467.0,37.54318,126.8123,9시,384.0
0,20190210.0,일,오정로(부천시계),B-26,유입,오쇠삼거리->외발산사거리,5467.0,37.54318,126.8123,10시,427.0
0,20190210.0,일,오정로(부천시계),B-26,유입,오쇠삼거리->외발산사거리,5467.0,37.54318,126.8123,11시,479.0
0,20190210.0,일,오정로(부천시계),B-26,유입,오쇠삼거리->외발산사거리,5467.0,37.54318,126.8123,12시,474.0
0,20190210.0,일,오정로(부천시계),B-26,유입,오쇠삼거리->외발산사거리,5467.0,37.54318,126.8123,13시,516.0
0,20190210.0,일,오정로(부천시계),B-26,유입,오쇠삼거리->외발산사거리,5467.0,37.54318,126.8123,14시,496.0
0,20190210.0,일,오정로(부천시계),B-26,유입,오쇠삼거리->외발산사거리,5467.0,37.54318,126.8123,15시,483.0
0,20190210.0,일,오정로(부천시계),B-26,유입,오쇠삼거리->외발산사거리,5467.0,37.54318,126.8123,16시,465.0
0,20190210.0,일,오정로(부천시계),B-26,유입,오쇠삼거리->외발산사거리,5467.0,37.54318,126.8123,17시,472.0
0,20190210.0,일,오정로(부천시계),B-26,유입,오쇠삼거리->외발산사거리,5467.0,37.54318,126.8123,18시,369.0
0,20190210.0,일,오정로(부천시계),B-26,유입,오쇠삼거리->외발산사거리,5467.0,37.54318,126.8123,19시,318.0
0,20190210.0,일,오정로(부천시계),B-26,유입,오쇠삼거리->외발산사거리,5467.0,37.54318,126.8123,20시,280.0
0,20190211.0,월,오정로(부천시계),B-26,유입,오쇠삼거리->외발산사거리,7548.0,37.54318,126.8123,8시,849.0
0,20190211.0,월,오정로(부천시계),B-26,유입,오쇠삼거리->외발산사거리,7548.0,37.54318,126.8123,9시,642.0
0,20190211.0,월,오정로(부천시계),B-26,유입,오쇠삼거리->외발산사거리,7548.0,37.54318,126.8123,10시,623.0
0,20190211.0,월,오정로(부천시계),B-26,유입,오쇠삼거리->외발산사거리,7548.0,37.54318,126.8123,11시,565.0
0,20190211.0,월,오정로(부천시계),B-26,유입,오쇠삼거리->외발산사거리,7548.0,37.54318,126.8123,12시,522.0
0,20190211.0,월,오정로(부천시계),B-26,유입,오쇠삼거리->외발산사거리,7548.0,37.54318,126.8123,13시,535.0
0,20190211.0,월,오정로(부천시계),B-26,유입,오쇠삼거리->외발산사거리,7548.0,37.54318,126.8123,14시,550.0
0,20190211.0,월,오정로(부천시계),B-26,유입,오쇠삼거리->외발산사거리,7548.0,37.54318,126.8123,15시,565.0
0,20190211.0,월,오정로(부천시계),B-26,유입,오쇠삼거리->외발산사거리,7548.0,37.54318,126.8123,16시,602.0
0,20190211.0,월,오정로(부천시계),B-26,유입,오쇠삼거리->외발산사거리,7548.0,37.54318,126.8123,17시,668.0
0,20190211.0,월,오정로(부천시계),B-26,유입,오쇠삼거리->외발산사거리,7548.0,37.54318,126.8123,18시,610.0
0,20190211.0,월,오정로(부천시계),B-26,유입,오쇠삼거리->외발산사거리,7548.0,37.54318,126.8123,19시,456.0
0,20190211.0,월,오정로(부천시계),B-26,유입,오쇠삼거리->외발산사거리,7548.0,37.54318,126.8123,20시,361.0
0,20190213.0,수,오정로(부천시계),B-26,유입,오쇠삼거리->외발산사거리,7797.0,37.54318,126.8123,8시,875.0
0,20190213.0,수,오정로(부천시계),B-26,유입,오쇠삼거리->외발산사거리,7797.0,37.54318,126.8123,9시,715.0
0,20190213.0,수,오정로(부천시계),B-26,유입,오쇠삼거리->외발산사거리,7797.0,37.54318,126.8123,10시,592.0
0,20190213.0,수,오정로(부천시계),B-26,유입,오쇠삼거리->외발산사거리,7797.0,37.54318,126.8123,11시,629.0
0,20190213.0,수,오정로(부천시계),B-26,유입,오쇠삼거리->외발산사거리,7797.0,37.54318,126.8123,12시,536.0
0,20190213.0,수,오정로(부천시계),B-26,유입,오쇠삼거리->외발산사거리,7797.0,37.54318,126.8123,13시,540.0
0,20190213.0,수,오정로(부천시계),B-26,유입,오쇠삼거리->외발산사거리,7797.0,37.54318,126.8123,14시,564.0
0,20190213.0,수,오정로(부천시계),B-26,유입,오쇠삼거리->외발산사거리,7797.0,37.54318,126.8123,15시,531.0
0,20190213.0,수,오정로(부천시계),B-26,유입,오쇠삼거리->외발산사거리,7797.0,37.54318,126.8123,16시,577.0
0,20190213.0,수,오정로(부천시계),B-26,유입,오쇠삼거리->외발산사거리,7797.0,37.54318,126.8123,17시,754.0
0,20190213.0,수,오정로(부천시계),B-26,유입,오쇠삼거리->외발산사거리,7797.0,37.54318,126.8123,18시,562.0
0,20190213.0,수,오정로(부천시계),B-26,유입,오쇠삼거리->외발산사거리,7797.0,37.54318,126.8123,19시,550.0
0,20190213.0,수,오정로(부천시계),B-26,유입,오쇠삼거리->외발산사거리,7797.0,37.54318,126.8123,20시,372.0
0,20190214.0,목,오정로(부천시계),B-26,유입,오쇠삼거리->외발산사거리,7650.0,37.54318,126.8123,8시,861.0
0,20190214.0,목,오정로(부천시계),B-26,유입,오쇠삼거리->외발산사거리,7650.0,37.54318,126.8123,9시,699.0
0,20190214.0,목,오정로(부천시계),B-26,유입,오쇠삼거리->외발산사거리,7650.0,37.54318,126.8123,10시,617.0
0,20190214.0,목,오정로(부천시계),B-26,유입,오쇠삼거리->외발산사거리,7650.0,37.54318,126.8123,11시,610.0
0,20190214.0,목,오정로(부천시계),B-26,유입,오쇠삼거리->외발산사거리,7650.0,37.54318,126.8123,12시,568.0
0,20190214.0,목,오정로(부천시계),B-26,유입,오쇠삼거리->외발산사거리,7650.0,37.54318,126.8123,13시,541.0
0,20190214.0,목,오정로(부천시계),B-26,유입,오쇠삼거리->외발산사거리,7650.0,37.54318,126.8123,14시,543.0
0,20190214.0,목,오정로(부천시계),B-26,유입,오쇠삼거리->외발산사거리,7650.0,37.54318,126.8123,15시,529.0
0,20190214.0,목,오정로(부천시계),B-26,유입,오쇠삼거리->외발산사거리,7650.0,37.54318,126.8123,16시,582.0
0,20190214.0,목,오정로(부천시계),B-26,유입,오쇠삼거리->외발산사거리,7650.0,37.54318,126.8123,17시,679.0
0,20190214.0,목,오정로(부천시계),B-26,유입,오쇠삼거리->외발산사거리,7650.0,37.54318,126.8123,18시,554.0
0,20190214.0,목,오정로(부천시계),B-26,유입,오쇠삼거리->외발산사거리,7650.0,37.54318,126.8123,19시,465.0
0,20190214.0,목,오정로(부천시계),B-26,유입,오쇠삼거리->외발산사거리,7650.0,37.54318,126.8123,20시,402.0
0,20190215.0,금,오정로(부천시계),B-26,유입,오쇠삼거리->외발산사거리,7314.0,37.54318,126.8123,8시,561.0
0,20190215.0,금,오정로(부천시계),B-26,유입,오쇠삼거리->외발산사거리,7314.0,37.54318,126.8123,9시,739.0
0,20190215.0,금,오정로(부천시계),B-26,유입,오쇠삼거리->외발산사거리,7314.0,37.54318,126.8123,10시,691.0
0,20190215.0,금,오정로(부천시계),B-26,유입,오쇠삼거리->외발산사거리,7314.0,37.54318,126.8123,11시,595.0
0,20190215.0,금,오정로(부천시계),B-26,유입,오쇠삼거리->외발산사거리,7314.0,37.54318,126.8123,12시,508.0
0,20190215.0,금,오정로(부천시계),B-26,유입,오쇠삼거리->외발산사거리,7314.0,37.54318,126.8123,13시,567.0
0,20190215.0,금,오정로(부천시계),B-26,유입,오쇠삼거리->외발산사거리,7314.0,37.54318,126.8123,14시,503.0
0,20190215.0,금,오정로(부천시계),B-26,유입,오쇠삼거리->외발산사거리,7314.0,37.54318,126.8123,15시,534.0
0,20190215.0,금,오정로(부천시계),B-26,유입,오쇠삼거리->외발산사거리,7314.0,37.54318,126.8123,16시,561.0
0,20190215.0,금,오정로(부천시계),B-26,유입,오쇠삼거리->외발산사거리,7314.0,37.54318,126.8123,17시,671.0
0,20190215.0,금,오정로(부천시계),B-26,유입,오쇠삼거리->외발산사거리,7314.0,37.54318,126.8123,18시,609.0
0,20190215.0,금,오정로(부천시계),B-26,유입,오쇠삼거리->외발산사거리,7314.0,37.54318,126.8123,19시,436.0
0,20190215.0,금,오정로(부천시계),B-26,유입,오쇠삼거리->외발산사거리,7314.0,37.54318,126.8123,20시,339.0
0,20190216.0,토,오정로(부천시계),B-26,유입,오쇠삼거리->외발산사거리,7097.0,37.54318,126.8123,8시,473.0
0,20190216.0,토,오정로(부천시계),B-26,유입,오쇠삼거리->외발산사거리,7097.0,37.54318,126.8123,9시,510.0
0,20190216.0,토,오정로(부천시계),B-26,유입,오쇠삼거리->외발산사거리,7097.0,37.54318,126.8123,10시,518.0
0,20190216.0,토,오정로(부천시계),B-26,유입,오쇠삼거리->외발산사거리,7097.0,37.54318,126.8123,11시,555.0
0,20190216.0,토,오정로(부천시계),B-26,유입,오쇠삼거리->외발산사거리,7097.0,37.54318,126.8123,12시,685.0
0,20190216.0,토,오정로(부천시계),B-26,유입,오쇠삼거리->외발산사거리,7097.0,37.54318,126.8123,13시,668.0
0,20190216.0,토,오정로(부천시계),B-26,유입,오쇠삼거리->외발산사거리,7097.0,37.54318,126.8123,14시,632.0
0,20190216.0,토,오정로(부천시계),B-26,유입,오쇠삼거리->외발산사거리,7097.0,37.54318,126.8123,15시,623.0
0,20190216.0,토,오정로(부천시계),B-26,유입,오쇠삼거리->외발산사거리,7097.0,37.54318,126.8123,16시,607.0
0,20190216.0,토,오정로(부천시계),B-26,유입,오쇠삼거리->외발산사거리,7097.0,37.54318,126.8123,17시,641.0
0,20190216.0,토,오정로(부천시계),B-26,유입,오쇠삼거리->외발산사거리,7097.0,37.54318,126.8123,18시,469.0
0,20190216.0,토,오정로(부천시계),B-26,유입,오쇠삼거리->외발산사거리,7097.0,37.54318,126.8123,19시,400.0
0,20190216.0,토,오정로(부천시계),B-26,유입,오쇠삼거리->외발산사거리,7097.0,37.54318,126.8123,20시,316.0
0,20190217.0,일,오정로(부천시계),B-26,유입,오쇠삼거리->외발산사거리,5795.0,37.54318,126.8123,8시,336.0
0,20190217.0,일,오정로(부천시계),B-26,유입,오쇠삼거리->외발산사거리,5795.0,37.54318,126.8123,9시,403.0
0,20190217.0,일,오정로(부천시계),B-26,유입,오쇠삼거리->외발산사거리,5795.0,37.54318,126.8123,10시,446.0
0,20190217.0,일,오정로(부천시계),B-26,유입,오쇠삼거리->외발산사거리,5795.0,37.54318,126.8123,11시,495.0
0,20190217.0,일,오정로(부천시계),B-26,유입,오쇠삼거리->외발산사거리,5795.0,37.54318,126.8123,12시,506.0
0,20190217.0,일,오정로(부천시계),B-26,유입,오쇠삼거리->외발산사거리,5795.0,37.54318,126.8123,13시,580.0
0,20190217.0,일,오정로(부천시계),B-26,유입,오쇠삼거리->외발산사거리,5795.0,37.54318,126.8123,14시,506.0
0,20190217.0,일,오정로(부천시계),B-26,유입,오쇠삼거리->외발산사거리,5795.0,37.54318,126.8123,15시,462.0
0,20190217.0,일,오정로(부천시계),B-26,유입,오쇠삼거리->외발산사거리,5795.0,37.54318,126.8123,16시,471.0
0,20190217.0,일,오정로(부천시계),B-26,유입,오쇠삼거리->외발산사거리,5795.0,37.54318,126.8123,17시,515.0
0,20190217.0,일,오정로(부천시계),B-26,유입,오쇠삼거리->외발산사거리,5795.0,37.54318,126.8123,18시,455.0
0,20190217.0,일,오정로(부천시계),B-26,유입,오쇠삼거리->외발산사거리,5795.0,37.54318,126.8123,19시,333.0
0,20190217.0,일,오정로(부천시계),B-26,유입,오쇠삼거리->외발산사거리,5795.0,37.54318,126.8123,20시,287.0
0,20190218.0,월,오정로(부천시계),B-26,유입,오쇠삼거리->외발산사거리,7798.0,37.54318,126.8123,8시,862.0
0,20190218.0,월,오정로(부천시계),B-26,유입,오쇠삼거리->외발산사거리,7798.0,37.54318,126.8123,9시,706.0
0,20190218.0,월,오정로(부천시계),B-26,유입,오쇠삼거리->외발산사거리,7798.0,37.54318,126.8123,10시,660.0
0,20190218.0,월,오정로(부천시계),B-26,유입,오쇠삼거리->외발산사거리,7798.0,37.54318,126.8123,11시,638.0
0,20190218.0,월,오정로(부천시계),B-26,유입,오쇠삼거리->외발산사거리,7798.0,37.54318,126.8123,12시,530.0
0,20190218.0,월,오정로(부천시계),B-26,유입,오쇠삼거리->외발산사거리,7798.0,37.54318,126.8123,13시,542.0
0,20190218.0,월,오정로(부천시계),B-26,유입,오쇠삼거리->외발산사거리,7798.0,37.54318,126.8123,14시,529.0
0,20190218.0,월,오정로(부천시계),B-26,유입,오쇠삼거리->외발산사거리,7798.0,37.54318,126.8123,15시,523.0
0,20190218.0,월,오정로(부천시계),B-26,유입,오쇠삼거리->외발산사거리,7798.0,37.54318,126.8123,16시,610.0
0,20190218.0,월,오정로(부천시계),B-26,유입,오쇠삼거리->외발산사거리,7798.0,37.54318,126.8123,17시,732.0
0,20190218.0,월,오정로(부천시계),B-26,유입,오쇠삼거리->외발산사거리,7798.0,37.54318,126.8123,18시,564.0
0,20190218.0,월,오정로(부천시계),B-26,유입,오쇠삼거리->외발산사거리,7798.0,37.54318,126.8123,19시,513.0
0,20190218.0,월,오정로(부천시계),B-26,유입,오쇠삼거리->외발산사거리,7798.0,37.54318,126.8123,20시,389.0
0,20190219.0,화,오정로(부천시계),B-26,유입,오쇠삼거리->외발산사거리,6491.0,37.54318,126.8123,8시,662.0
0,20190219.0,화,오정로(부천시계),B-26,유입,오쇠삼거리->외발산사거리,6491.0,37.54318,126.8123,9시,582.0
0,20190219.0,화,오정로(부천시계),B-26,유입,오쇠삼거리->외발산사거리,6491.0,37.54318,126.8123,10시,489.0
0,20190219.0,화,오정로(부천시계),B-26,유입,오쇠삼거리->외발산사거리,6491.0,37.54318,126.8123,11시,463.0
0,20190219.0,화,오정로(부천시계),B-26,유입,오쇠삼거리->외발산사거리,6491.0,37.54318,126.8123,12시,432.0
0,20190219.0,화,오정로(부천시계),B-26,유입,오쇠삼거리->외발산사거리,6491.0,37.54318,126.8123,13시,440.0
0,20190219.0,화,오정로(부천시계),B-26,유입,오쇠삼거리->외발산사거리,6491.0,37.54318,126.8123,14시,443.0
0,20190219.0,화,오정로(부천시계),B-26,유입,오쇠삼거리->외발산사거리,6491.0,37.54318,126.8123,15시,480.0
0,20190219.0,화,오정로(부천시계),B-26,유입,오쇠삼거리->외발산사거리,6491.0,37.54318,126.8123,16시,498.0
0,20190219.0,화,오정로(부천시계),B-26,유입,오쇠삼거리->외발산사거리,6491.0,37.54318,126.8123,17시,602.0
0,20190219.0,화,오정로(부천시계),B-26,유입,오쇠삼거리->외발산사거리,6491.0,37.54318,126.8123,18시,564.0
0,20190219.0,화,오정로(부천시계),B-26,유입,오쇠삼거리->외발산사거리,6491.0,37.54318,126.8123,19시,466.0
0,20190219.0,화,오정로(부천시계),B-26,유입,오쇠삼거리->외발산사거리,6491.0,37.54318,126.8123,20시,370.0
0,20190220.0,수,오정로(부천시계),B-26,유입,오쇠삼거리->외발산사거리,7713.0,37.54318,126.8123,8시,851.0
0,20190220.0,수,오정로(부천시계),B-26,유입,오쇠삼거리->외발산사거리,7713.0,37.54318,126.8123,9시,749.0
0,20190220.0,수,오정로(부천시계),B-26,유입,오쇠삼거리->외발산사거리,7713.0,37.54318,126.8123,10시,576.0
0,20190220.0,수,오정로(부천시계),B-26,유입,오쇠삼거리->외발산사거리,7713.0,37.54318,126.8123,11시,635.0
0,20190220.0,수,오정로(부천시계),B-26,유입,오쇠삼거리->외발산사거리,7713.0,37.54318,126.8123,12시,521.0
0,20190220.0,수,오정로(부천시계),B-26,유입,오쇠삼거리->외발산사거리,7713.0,37.54318,126.8123,13시,570.0
0,20190220.0,수,오정로(부천시계),B-26,유입,오쇠삼거리->외발산사거리,7713.0,37.54318,126.8123,14시,539.0
0,20190220.0,수,오정로(부천시계),B-26,유입,오쇠삼거리->외발산사거리,7713.0,37.54318,126.8123,15시,506.0
0,20190220.0,수,오정로(부천시계),B-26,유입,오쇠삼거리->외발산사거리,7713.0,37.54318,126.8123,16시,577.0
0,20190220.0,수,오정로(부천시계),B-26,유입,오쇠삼거리->외발산사거리,7713.0,37.54318,126.8123,17시,708.0
0,20190220.0,수,오정로(부천시계),B-26,유입,오쇠삼거리->외발산사거리,7713.0,37.54318,126.8123,18시,597.0
0,20190220.0,수,오정로(부천시계),B-26,유입,오쇠삼거리->외발산사거리,7713.0,37.54318,126.8123,19시,520.0
0,20190220.0,수,오정로(부천시계),B-26,유입,오쇠삼거리->외발산사거리,7713.0,37.54318,126.8123,20시,364.0
0,20190221.0,목,오정로(부천시계),B-26,유입,오쇠삼거리->외발산사거리,7603.0,37.54318,126.8123,8시,855.0
0,20190221.0,목,오정로(부천시계),B-26,유입,오쇠삼거리->외발산사거리,7603.0,37.54318,126.8123,9시,612.0
0,20190221.0,목,오정로(부천시계),B-26,유입,오쇠삼거리->외발산사거리,7603.0,37.54318,126.8123,10시,636.0
0,20190221.0,목,오정로(부천시계),B-26,유입,오쇠삼거리->외발산사거리,7603.0,37.54318,126.8123,11시,613.0
0,20190221.0,목,오정로(부천시계),B-26,유입,오쇠삼거리->외발산사거리,7603.0,37.54318,126.8123,12시,560.0
0,20190221.0,목,오정로(부천시계),B-26,유입,오쇠삼거리->외발산사거리,7603.0,37.54318,126.8123,13시,549.0
0,20190221.0,목,오정로(부천시계),B-26,유입,오쇠삼거리->외발산사거리,7603.0,37.54318,126.8123,14시,558.0
0,20190221.0,목,오정로(부천시계),B-26,유입,오쇠삼거리->외발산사거리,7603.0,37.54318,126.8123,15시,549.0
0,20190221.0,목,오정로(부천시계),B-26,유입,오쇠삼거리->외발산사거리,7603.0,37.54318,126.8123,16시,578.0
0,20190221.0,목,오정로(부천시계),B-26,유입,오쇠삼거리->외발산사거리,7603.0,37.54318,126.8123,17시,726.0
0,20190221.0,목,오정로(부천시계),B-26,유입,오쇠삼거리->외발산사거리,7603.0,37.54318,126.8123,18시,539.0
0,20190221.0,목,오정로(부천시계),B-26,유입,오쇠삼거리->외발산사거리,7603.0,37.54318,126.8123,19시,431.0
0,20190221.0,목,오정로(부천시계),B-26,유입,오쇠삼거리->외발산사거리,7603.0,37.54318,126.8123,20시,397.0
0,20190222.0,금,오정로(부천시계),B-26,유입,오쇠삼거리->외발산사거리,7704.0,37.54318,126.8123,8시,805.0
0,20190222.0,금,오정로(부천시계),B-26,유입,오쇠삼거리->외발산사거리,7704.0,37.54318,126.8123,9시,676.0
0,20190222.0,금,오정로(부천시계),B-26,유입,오쇠삼거리->외발산사거리,7704.0,37.54318,126.8123,10시,638.0
0,20190222.0,금,오정로(부천시계),B-26,유입,오쇠삼거리->외발산사거리,7704.0,37.54318,126.8123,11시,625.0
0,20190222.0,금,오정로(부천시계),B-26,유입,오쇠삼거리->외발산사거리,7704.0,37.54318,126.8123,12시,546.0
0,20190222.0,금,오정로(부천시계),B-26,유입,오쇠삼거리->외발산사거리,7704.0,37.54318,126.8123,13시,545.0
0,20190222.0,금,오정로(부천시계),B-26,유입,오쇠삼거리->외발산사거리,7704.0,37.54318,126.8123,14시,609.0
0,20190222.0,금,오정로(부천시계),B-26,유입,오쇠삼거리->외발산사거리,7704.0,37.54318,126.8123,15시,546.0
0,20190222.0,금,오정로(부천시계),B-26,유입,오쇠삼거리->외발산사거리,7704.0,37.54318,126.8123,16시,569.0
0,20190222.0,금,오정로(부천시계),B-26,유입,오쇠삼거리->외발산사거리,7704.0,37.54318,126.8123,17시,739.0
0,20190222.0,금,오정로(부천시계),B-26,유입,오쇠삼거리->외발산사거리,7704.0,37.54318,126.8123,18시,511.0
0,20190222.0,금,오정로(부천시계),B-26,유입,오쇠삼거리->외발산사거리,7704.0,37.54318,126.8123,19시,506.0
0,20190222.0,금,오정로(부천시계),B-26,유입,오쇠삼거리->외발산사거리,7704.0,37.54318,126.8123,20시,389.0
0,20190223.0,토,오정로(부천시계),B-26,유입,오쇠삼거리->외발산사거리,7254.0,37.54318,126.8123,8시,532.0
0,20190223.0,토,오정로(부천시계),B-26,유입,오쇠삼거리->외발산사거리,7254.0,37.54318,126.8123,9시,579.0
0,20190223.0,토,오정로(부천시계),B-26,유입,오쇠삼거리->외발산사거리,7254.0,37.54318,126.8123,10시,598.0
0,20190223.0,토,오정로(부천시계),B-26,유입,오쇠삼거리->외발산사거리,7254.0,37.54318,126.8123,11시,587.0
0,20190223.0,토,오정로(부천시계),B-26,유입,오쇠삼거리->외발산사거리,7254.0,37.54318,126.8123,12시,675.0
0,20190223.0,토,오정로(부천시계),B-26,유입,오쇠삼거리->외발산사거리,7254.0,37.54318,126.8123,13시,598.0
0,20190223.0,토,오정로(부천시계),B-26,유입,오쇠삼거리->외발산사거리,7254.0,37.54318,126.8123,14시,673.0
0,20190223.0,토,오정로(부천시계),B-26,유입,오쇠삼거리->외발산사거리,7254.0,37.54318,126.8123,15시,615.0
0,20190223.0,토,오정로(부천시계),B-26,유입,오쇠삼거리->외발산사거리,7254.0,37.54318,126.8123,16시,624.0
0,20190223.0,토,오정로(부천시계),B-26,유입,오쇠삼거리->외발산사거리,7254.0,37.54318,126.8123,17시,627.0
0,20190223.0,토,오정로(부천시계),B-26,유입,오쇠삼거리->외발산사거리,7254.0,37.54318,126.8123,18시,505.0
0,20190223.0,토,오정로(부천시계),B-26,유입,오쇠삼거리->외발산사거리,7254.0,37.54318,126.8123,19시,341.0
0,20190223.0,토,오정로(부천시계),B-26,유입,오쇠삼거리->외발산사거리,7254.0,37.54318,126.8123,20시,300.0
0,20190224.0,일,오정로(부천시계),B-26,유입,오쇠삼거리->외발산사거리,5709.0,37.54318,126.8123,8시,340.0
0,20190224.0,일,오정로(부천시계),B-26,유입,오쇠삼거리->외발산사거리,5709.0,37.54318,126.8123,9시,408.0
0,20190224.0,일,오정로(부천시계),B-26,유입,오쇠삼거리->외발산사거리,5709.0,37.54318,126.8123,10시,439.0
0,20190224.0,일,오정로(부천시계),B-26,유입,오쇠삼거리->외발산사거리,5709.0,37.54318,126.8123,11시,460.0
0,20190224.0,일,오정로(부천시계),B-26,유입,오쇠삼거리->외발산사거리,5709.0,37.54318,126.8123,12시,489.0
0,20190224.0,일,오정로(부천시계),B-26,유입,오쇠삼거리->외발산사거리,5709.0,37.54318,126.8123,13시,552.0
0,20190224.0,일,오정로(부천시계),B-26,유입,오쇠삼거리->외발산사거리,5709.0,37.54318,126.8123,14시,559.0
0,20190224.0,일,오정로(부천시계),B-26,유입,오쇠삼거리->외발산사거리,5709.0,37.54318,126.8123,15시,502.0
0,20190224.0,일,오정로(부천시계),B-26,유입,오쇠삼거리->외발산사거리,5709.0,37.54318,126.8123,16시,464.0
0,20190224.0,일,오정로(부천시계),B-26,유입,오쇠삼거리->외발산사거리,5709.0,37.54318,126.8123,17시,464.0
0,20190224.0,일,오정로(부천시계),B-26,유입,오쇠삼거리->외발산사거리,5709.0,37.54318,126.8123,18시,428.0
0,20190224.0,일,오정로(부천시계),B-26,유입,오쇠삼거리->외발산사거리,5709.0,37.54318,126.8123,19시,320.0
0,20190224.0,일,오정로(부천시계),B-26,유입,오쇠삼거리->외발산사거리,5709.0,37.54318,126.8123,20시,284.0
0,20190225.0,월,오정로(부천시계),B-26,유입,오쇠삼거리->외발산사거리,7619.0,37.54318,126.8123,8시,885.0
0,20190225.0,월,오정로(부천시계),B-26,유입,오쇠삼거리->외발산사거리,7619.0,37.54318,126.8123,9시,688.0
0,20190225.0,월,오정로(부천시계),B-26,유입,오쇠삼거리->외발산사거리,7619.0,37.54318,126.8123,10시,659.0
0,20190225.0,월,오정로(부천시계),B-26,유입,오쇠삼거리->외발산사거리,7619.0,37.54318,126.8123,11시,586.0
0,20190225.0,월,오정로(부천시계),B-26,유입,오쇠삼거리->외발산사거리,7619.0,37.54318,126.8123,12시,553.0
0,20190225.0,월,오정로(부천시계),B-26,유입,오쇠삼거리->외발산사거리,7619.0,37.54318,126.8123,13시,539.0
0,20190225.0,월,오정로(부천시계),B-26,유입,오쇠삼거리->외발산사거리,7619.0,37.54318,126.8123,14시,535.0
0,20190225.0,월,오정로(부천시계),B-26,유입,오쇠삼거리->외발산사거리,7619.0,37.54318,126.8123,15시,505.0
0,20190225.0,월,오정로(부천시계),B-26,유입,오쇠삼거리->외발산사거리,7619.0,37.54318,126.8123,16시,578.0
0,20190225.0,월,오정로(부천시계),B-26,유입,오쇠삼거리->외발산사거리,7619.0,37.54318,126.8123,17시,700.0
0,20190225.0,월,오정로(부천시계),B-26,유입,오쇠삼거리->외발산사거리,7619.0,37.54318,126.8123,18시,524.0
0,20190225.0,월,오정로(부천시계),B-26,유입,오쇠삼거리->외발산사거리,7619.0,37.54318,126.8123,19시,507.0
0,20190225.0,월,오정로(부천시계),B-26,유입,오쇠삼거리->외발산사거리,7619.0,37.54318,126.8123,20시,360.0
0,20190226.0,화,오정로(부천시계),B-26,유입,오쇠삼거리->외발산사거리,7738.0,37.54318,126.8123,8시,842.0
0,20190226.0,화,오정로(부천시계),B-26,유입,오쇠삼거리->외발산사거리,7738.0,37.54318,126.8123,9시,696.0
0,20190226.0,화,오정로(부천시계),B-26,유입,오쇠삼거리->외발산사거리,7738.0,37.54318,126.8123,10시,640.0
0,20190226.0,화,오정로(부천시계),B-26,유입,오쇠삼거리->외발산사거리,7738.0,37.54318,126.8123,11시,591.0
0,20190226.0,화,오정로(부천시계),B-26,유입,오쇠삼거리->외발산사거리,7738.0,37.54318,126.8123,12시,552.0
0,20190226.0,화,오정로(부천시계),B-26,유입,오쇠삼거리->외발산사거리,7738.0,37.54318,126.8123,13시,569.0
0,20190226.0,화,오정로(부천시계),B-26,유입,오쇠삼거리->외발산사거리,7738.0,37.54318,126.8123,14시,569.0
0,20190226.0,화,오정로(부천시계),B-26,유입,오쇠삼거리->외발산사거리,7738.0,37.54318,126.8123,15시,525.0
0,20190226.0,화,오정로(부천시계),B-26,유입,오쇠삼거리->외발산사거리,7738.0,37.54318,126.8123,16시,542.0
0,20190226.0,화,오정로(부천시계),B-26,유입,오쇠삼거리->외발산사거리,7738.0,37.54318,126.8123,17시,728.0
0,20190226.0,화,오정로(부천시계),B-26,유입,오쇠삼거리->외발산사거리,7738.0,37.54318,126.8123,18시,560.0
0,20190226.0,화,오정로(부천시계),B-26,유입,오쇠삼거리->외발산사거리,7738.0,37.54318,126.8123,19시,544.0
0,20190226.0,화,오정로(부천시계),B-26,유입,오쇠삼거리->외발산사거리,7738.0,37.54318,126.8123,20시,380.0
0,20190227.0,수,오정로(부천시계),B-26,유입,오쇠삼거리->외발산사거리,7513.0,37.54318,126.8123,8시,783.0
0,20190227.0,수,오정로(부천시계),B-26,유입,오쇠삼거리->외발산사거리,7513.0,37.54318,126.8123,9시,692.0
0,20190227.0,수,오정로(부천시계),B-26,유입,오쇠삼거리->외발산사거리,7513.0,37.54318,126.8123,10시,575.0
0,20190227.0,수,오정로(부천시계),B-26,유입,오쇠삼거리->외발산사거리,7513.0,37.54318,126.8123,11시,613.0
0,20190227.0,수,오정로(부천시계),B-26,유입,오쇠삼거리->외발산사거리,7513.0,37.54318,126.8123,12시,497.0
0,20190227.0,수,오정로(부천시계),B-26,유입,오쇠삼거리->외발산사거리,7513.0,37.54318,126.8123,13시,535.0
0,20190227.0,수,오정로(부천시계),B-26,유입,오쇠삼거리->외발산사거리,7513.0,37.54318,126.8123,14시,556.0
0,20190227.0,수,오정로(부천시계),B-26,유입,오쇠삼거리->외발산사거리,7513.0,37.54318,126.8123,15시,509.0
0,20190227.0,수,오정로(부천시계),B-26,유입,오쇠삼거리->외발산사거리,7513.0,37.54318,126.8123,16시,579.0
0,20190227.0,수,오정로(부천시계),B-26,유입,오쇠삼거리->외발산사거리,7513.0,37.54318,126.8123,17시,724.0
0,20190227.0,수,오정로(부천시계),B-26,유입,오쇠삼거리->외발산사거리,7513.0,37.54318,126.8123,18시,551.0
0,20190227.0,수,오정로(부천시계),B-26,유입,오쇠삼거리->외발산사거리,7513.0,37.54318,126.8123,19시,515.0
0,20190227.0,수,오정로(부천시계),B-26,유입,오쇠삼거리->외발산사거리,7513.0,37.54318,126.8123,20시,384.0
0,20190228.0,목,오정로(부천시계),B-26,유입,오쇠삼거리->외발산사거리,7991.0,37.54318,126.8123,8시,785.0
0,20190228.0,목,오정로(부천시계),B-26,유입,오쇠삼거리->외발산사거리,7991.0,37.54318,126.8123,9시,700.0
0,20190228.0,목,오정로(부천시계),B-26,유입,오쇠삼거리->외발산사거리,7991.0,37.54318,126.8123,10시,646.0
0,20190228.0,목,오정로(부천시계),B-26,유입,오쇠삼거리->외발산사거리,7991.0,37.54318,126.8123,11시,701.0
0,20190228.0,목,오정로(부천시계),B-26,유입,오쇠삼거리->외발산사거리,7991.0,37.54318,126.8123,12시,535.0
0,20190228.0,목,오정로(부천시계),B-26,유입,오쇠삼거리->외발산사거리,7991.0,37.54318,126.8123,13시,578.0
0,20190228.0,목,오정로(부천시계),B-26,유입,오쇠삼거리->외발산사거리,7991.0,37.54318,126.8123,14시,602.0
0,20190228.0,목,오정로(부천시계),B-26,유입,오쇠삼거리->외발산사거리,7991.0,37.54318,126.8123,15시,595.0
0,20190228.0,목,오정로(부천시계),B-26,유입,오쇠삼거리->외발산사거리,7991.0,37.54318,126.8123,16시,592.0
0,20190228.0,목,오정로(부천시계),B-26,유입,오쇠삼거리->외발산사거리,7991.0,37.54318,126.8123,17시,709.0
0,20190228.0,목,오정로(부천시계),B-26,유입,오쇠삼거리->외발산사거리,7991.0,37.54318,126.8123,18시,602.0
0,20190228.0,목,오정로(부천시계),B-26,유입,오쇠삼거리->외발산사거리,7991.0,37.54318,126.8123,19시,550.0
0,20190228.0,목,오정로(부천시계),B-26,유입,오쇠삼거리->외발산사거리,7991.0,37.54318,126.8123,20시,396.0
0,20190201.0,금,오정로(부천시계),B-26,유출,외발산사거리->오쇠삼거리,12015.0,37.54318,126.8123,8시,928.0
0,20190201.0,금,오정로(부천시계),B-26,유출,외발산사거리->오쇠삼거리,12015.0,37.54318,126.8123,9시,694.0
0,20190201.0,금,오정로(부천시계),B-26,유출,외발산사거리->오쇠삼거리,12015.0,37.54318,126.8123,10시,735.0
0,20190201.0,금,오정로(부천시계),B-26,유출,외발산사거리->오쇠삼거리,12015.0,37.54318,126.8123,11시,766.0
0,20190201.0,금,오정로(부천시계),B-26,유출,외발산사거리->오쇠삼거리,12015.0,37.54318,126.8123,12시,766.0
0,20190201.0,금,오정로(부천시계),B-26,유출,외발산사거리->오쇠삼거리,12015.0,37.54318,126.8123,13시,835.0
0,20190201.0,금,오정로(부천시계),B-26,유출,외발산사거리->오쇠삼거리,12015.0,37.54318,126.8123,14시,905.0
0,20190201.0,금,오정로(부천시계),B-26,유출,외발산사거리->오쇠삼거리,12015.0,37.54318,126.8123,15시,1003.0
0,20190201.0,금,오정로(부천시계),B-26,유출,외발산사거리->오쇠삼거리,12015.0,37.54318,126.8123,16시,1128.0
0,20190201.0,금,오정로(부천시계),B-26,유출,외발산사거리->오쇠삼거리,12015.0,37.54318,126.8123,17시,1258.0
0,20190201.0,금,오정로(부천시계),B-26,유출,외발산사거리->오쇠삼거리,12015.0,37.54318,126.8123,18시,1281.0
0,20190201.0,금,오정로(부천시계),B-26,유출,외발산사거리->오쇠삼거리,12015.0,37.54318,126.8123,19시,1112.0
0,20190201.0,금,오정로(부천시계),B-26,유출,외발산사거리->오쇠삼거리,12015.0,37.54318,126.8123,20시,604.0
0,20190202.0,토,오정로(부천시계),B-26,유출,외발산사거리->오쇠삼거리,9020.0,37.54318,126.8123,8시,506.0
0,20190202.0,토,오정로(부천시계),B-26,유출,외발산사거리->오쇠삼거리,9020.0,37.54318,126.8123,9시,576.0
0,20190202.0,토,오정로(부천시계),B-26,유출,외발산사거리->오쇠삼거리,9020.0,37.54318,126.8123,10시,605.0
0,20190202.0,토,오정로(부천시계),B-26,유출,외발산사거리->오쇠삼거리,9020.0,37.54318,126.8123,11시,635.0
0,20190202.0,토,오정로(부천시계),B-26,유출,외발산사거리->오쇠삼거리,9020.0,37.54318,126.8123,12시,708.0
0,20190202.0,토,오정로(부천시계),B-26,유출,외발산사거리->오쇠삼거리,9020.0,37.54318,126.8123,13시,728.0
0,20190202.0,토,오정로(부천시계),B-26,유출,외발산사거리->오쇠삼거리,9020.0,37.54318,126.8123,14시,861.0
0,20190202.0,토,오정로(부천시계),B-26,유출,외발산사거리->오쇠삼거리,9020.0,37.54318,126.8123,15시,852.0
0,20190202.0,토,오정로(부천시계),B-26,유출,외발산사거리->오쇠삼거리,9020.0,37.54318,126.8123,16시,969.0
0,20190202.0,토,오정로(부천시계),B-26,유출,외발산사거리->오쇠삼거리,9020.0,37.54318,126.8123,17시,877.0
0,20190202.0,토,오정로(부천시계),B-26,유출,외발산사거리->오쇠삼거리,9020.0,37.54318,126.8123,18시,711.0
0,20190202.0,토,오정로(부천시계),B-26,유출,외발산사거리->오쇠삼거리,9020.0,37.54318,126.8123,19시,554.0
0,20190202.0,토,오정로(부천시계),B-26,유출,외발산사거리->오쇠삼거리,9020.0,37.54318,126.8123,20시,438.0
0,20190203.0,일,오정로(부천시계),B-26,유출,외발산사거리->오쇠삼거리,6914.0,37.54318,126.8123,8시,347.0
0,20190203.0,일,오정로(부천시계),B-26,유출,외발산사거리->오쇠삼거리,6914.0,37.54318,126.8123,9시,406.0
0,20190203.0,일,오정로(부천시계),B-26,유출,외발산사거리->오쇠삼거리,6914.0,37.54318,126.8123,10시,465.0
0,20190203.0,일,오정로(부천시계),B-26,유출,외발산사거리->오쇠삼거리,6914.0,37.54318,126.8123,11시,507.0
0,20190203.0,일,오정로(부천시계),B-26,유출,외발산사거리->오쇠삼거리,6914.0,37.54318,126.8123,12시,517.0
0,20190203.0,일,오정로(부천시계),B-26,유출,외발산사거리->오쇠삼거리,6914.0,37.54318,126.8123,13시,631.0
0,20190203.0,일,오정로(부천시계),B-26,유출,외발산사거리->오쇠삼거리,6914.0,37.54318,126.8123,14시,642.0
0,20190203.0,일,오정로(부천시계),B-26,유출,외발산사거리->오쇠삼거리,6914.0,37.54318,126.8123,15시,624.0
0,20190203.0,일,오정로(부천시계),B-26,유출,외발산사거리->오쇠삼거리,6914.0,37.54318,126.8123,16시,693.0
0,20190203.0,일,오정로(부천시계),B-26,유출,외발산사거리->오쇠삼거리,6914.0,37.54318,126.8123,17시,647.0
0,20190203.0,일,오정로(부천시계),B-26,유출,외발산사거리->오쇠삼거리,6914.0,37.54318,126.8123,18시,572.0
0,20190203.0,일,오정로(부천시계),B-26,유출,외발산사거리->오쇠삼거리,6914.0,37.54318,126.8123,19시,467.0
0,20190203.0,일,오정로(부천시계),B-26,유출,외발산사거리->오쇠삼거리,6914.0,37.54318,126.8123,20시,396.0
0,20190204.0,월,오정로(부천시계),B-26,유출,외발산사거리->오쇠삼거리,6764.0,37.54318,126.8123,8시,325.0
0,20190204.0,월,오정로(부천시계),B-26,유출,외발산사거리->오쇠삼거리,6764.0,37.54318,126.8123,9시,387.0
0,20190204.0,월,오정로(부천시계),B-26,유출,외발산사거리->오쇠삼거리,6764.0,37.54318,126.8123,10시,473.0
0,20190204.0,월,오정로(부천시계),B-26,유출,외발산사거리->오쇠삼거리,6764.0,37.54318,126.8123,11시,571.0
0,20190204.0,월,오정로(부천시계),B-26,유출,외발산사거리->오쇠삼거리,6764.0,37.54318,126.8123,12시,603.0
0,20190204.0,월,오정로(부천시계),B-26,유출,외발산사거리->오쇠삼거리,6764.0,37.54318,126.8123,13시,611.0
0,20190204.0,월,오정로(부천시계),B-26,유출,외발산사거리->오쇠삼거리,6764.0,37.54318,126.8123,14시,617.0
0,20190204.0,월,오정로(부천시계),B-26,유출,외발산사거리->오쇠삼거리,6764.0,37.54318,126.8123,15시,585.0
0,20190204.0,월,오정로(부천시계),B-26,유출,외발산사거리->오쇠삼거리,6764.0,37.54318,126.8123,16시,645.0
0,20190204.0,월,오정로(부천시계),B-26,유출,외발산사거리->오쇠삼거리,6764.0,37.54318,126.8123,17시,650.0
0,20190204.0,월,오정로(부천시계),B-26,유출,외발산사거리->오쇠삼거리,6764.0,37.54318,126.8123,18시,546.0
0,20190204.0,월,오정로(부천시계),B-26,유출,외발산사거리->오쇠삼거리,6764.0,37.54318,126.8123,19시,403.0
0,20190204.0,월,오정로(부천시계),B-26,유출,외발산사거리->오쇠삼거리,6764.0,37.54318,126.8123,20시,348.0
0,20190205.0,화,오정로(부천시계),B-26,유출,외발산사거리->오쇠삼거리,9607.0,37.54318,126.8123,8시,544.0
0,20190205.0,화,오정로(부천시계),B-26,유출,외발산사거리->오쇠삼거리,9607.0,37.54318,126.8123,9시,406.0
0,20190205.0,화,오정로(부천시계),B-26,유출,외발산사거리->오쇠삼거리,9607.0,37.54318,126.8123,10시,450.0
0,20190205.0,화,오정로(부천시계),B-26,유출,외발산사거리->오쇠삼거리,9607.0,37.54318,126.8123,11시,695.0
0,20190205.0,화,오정로(부천시계),B-26,유출,외발산사거리->오쇠삼거리,9607.0,37.54318,126.8123,12시,918.0
0,20190205.0,화,오정로(부천시계),B-26,유출,외발산사거리->오쇠삼거리,9607.0,37.54318,126.8123,13시,937.0
0,20190205.0,화,오정로(부천시계),B-26,유출,외발산사거리->오쇠삼거리,9607.0,37.54318,126.8123,14시,1038.0
0,20190205.0,화,오정로(부천시계),B-26,유출,외발산사거리->오쇠삼거리,9607.0,37.54318,126.8123,15시,980.0
0,20190205.0,화,오정로(부천시계),B-26,유출,외발산사거리->오쇠삼거리,9607.0,37.54318,126.8123,16시,947.0
0,20190205.0,화,오정로(부천시계),B-26,유출,외발산사거리->오쇠삼거리,9607.0,37.54318,126.8123,17시,933.0
0,20190205.0,화,오정로(부천시계),B-26,유출,외발산사거리->오쇠삼거리,9607.0,37.54318,126.8123,18시,774.0
0,20190205.0,화,오정로(부천시계),B-26,유출,외발산사거리->오쇠삼거리,9607.0,37.54318,126.8123,19시,495.0
0,20190205.0,화,오정로(부천시계),B-26,유출,외발산사거리->오쇠삼거리,9607.0,37.54318,126.8123,20시,490.0
0,20190206.0,수,오정로(부천시계),B-26,유출,외발산사거리->오쇠삼거리,7105.0,37.54318,126.8123,8시,286.0
0,20190206.0,수,오정로(부천시계),B-26,유출,외발산사거리->오쇠삼거리,7105.0,37.54318,126.8123,9시,327.0
0,20190206.0,수,오정로(부천시계),B-26,유출,외발산사거리->오쇠삼거리,7105.0,37.54318,126.8123,10시,415.0
0,20190206.0,수,오정로(부천시계),B-26,유출,외발산사거리->오쇠삼거리,7105.0,37.54318,126.8123,11시,534.0
0,20190206.0,수,오정로(부천시계),B-26,유출,외발산사거리->오쇠삼거리,7105.0,37.54318,126.8123,12시,553.0
0,20190206.0,수,오정로(부천시계),B-26,유출,외발산사거리->오쇠삼거리,7105.0,37.54318,126.8123,13시,648.0
0,20190206.0,수,오정로(부천시계),B-26,유출,외발산사거리->오쇠삼거리,7105.0,37.54318,126.8123,14시,644.0
0,20190206.0,수,오정로(부천시계),B-26,유출,외발산사거리->오쇠삼거리,7105.0,37.54318,126.8123,15시,689.0
0,20190206.0,수,오정로(부천시계),B-26,유출,외발산사거리->오쇠삼거리,7105.0,37.54318,126.8123,16시,771.0
0,20190206.0,수,오정로(부천시계),B-26,유출,외발산사거리->오쇠삼거리,7105.0,37.54318,126.8123,17시,774.0
0,20190206.0,수,오정로(부천시계),B-26,유출,외발산사거리->오쇠삼거리,7105.0,37.54318,126.8123,18시,571.0
0,20190206.0,수,오정로(부천시계),B-26,유출,외발산사거리->오쇠삼거리,7105.0,37.54318,126.8123,19시,478.0
0,20190206.0,수,오정로(부천시계),B-26,유출,외발산사거리->오쇠삼거리,7105.0,37.54318,126.8123,20시,415.0
0,20190207.0,수,오정로(부천시계),B-26,유출,외발산사거리->오쇠삼거리,9747.0,37.54318,126.8123,8시,848.0
0,20190207.0,수,오정로(부천시계),B-26,유출,외발산사거리->오쇠삼거리,9747.0,37.54318,126.8123,9시,555.0
0,20190207.0,수,오정로(부천시계),B-26,유출,외발산사거리->오쇠삼거리,9747.0,37.54318,126.8123,10시,582.0
0,20190207.0,수,오정로(부천시계),B-26,유출,외발산사거리->오쇠삼거리,9747.0,37.54318,126.8123,11시,608.0
0,20190207.0,수,오정로(부천시계),B-26,유출,외발산사거리->오쇠삼거리,9747.0,37.54318,126.8123,12시,597.0
0,20190207.0,수,오정로(부천시계),B-26,유출,외발산사거리->오쇠삼거리,9747.0,37.54318,126.8123,13시,658.0
0,20190207.0,수,오정로(부천시계),B-26,유출,외발산사거리->오쇠삼거리,9747.0,37.54318,126.8123,14시,760.0
0,20190207.0,수,오정로(부천시계),B-26,유출,외발산사거리->오쇠삼거리,9747.0,37.54318,126.8123,15시,729.0
0,20190207.0,수,오정로(부천시계),B-26,유출,외발산사거리->오쇠삼거리,9747.0,37.54318,126.8123,16시,834.0
0,20190207.0,수,오정로(부천시계),B-26,유출,외발산사거리->오쇠삼거리,9747.0,37.54318,126.8123,17시,1117.0
0,20190207.0,수,오정로(부천시계),B-26,유출,외발산사거리->오쇠삼거리,9747.0,37.54318,126.8123,18시,1179.0
0,20190207.0,수,오정로(부천시계),B-26,유출,외발산사거리->오쇠삼거리,9747.0,37.54318,126.8123,19시,748.0
0,20190207.0,수,오정로(부천시계),B-26,유출,외발산사거리->오쇠삼거리,9747.0,37.54318,126.8123,20시,532.0
0,20190208.0,금,오정로(부천시계),B-26,유출,외발산사거리->오쇠삼거리,10484.0,37.54318,126.8123,8시,889.0
0,20190208.0,금,오정로(부천시계),B-26,유출,외발산사거리->오쇠삼거리,10484.0,37.54318,126.8123,9시,667.0
0,20190208.0,금,오정로(부천시계),B-26,유출,외발산사거리->오쇠삼거리,10484.0,37.54318,126.8123,10시,632.0
0,20190208.0,금,오정로(부천시계),B-26,유출,외발산사거리->오쇠삼거리,10484.0,37.54318,126.8123,11시,654.0
0,20190208.0,금,오정로(부천시계),B-26,유출,외발산사거리->오쇠삼거리,10484.0,37.54318,126.8123,12시,585.0
0,20190208.0,금,오정로(부천시계),B-26,유출,외발산사거리->오쇠삼거리,10484.0,37.54318,126.8123,13시,650.0
0,20190208.0,금,오정로(부천시계),B-26,유출,외발산사거리->오쇠삼거리,10484.0,37.54318,126.8123,14시,740.0
0,20190208.0,금,오정로(부천시계),B-26,유출,외발산사거리->오쇠삼거리,10484.0,37.54318,126.8123,15시,786.0
0,20190208.0,금,오정로(부천시계),B-26,유출,외발산사거리->오쇠삼거리,10484.0,37.54318,126.8123,16시,875.0
0,20190208.0,금,오정로(부천시계),B-26,유출,외발산사거리->오쇠삼거리,10484.0,37.54318,126.8123,17시,1231.0
0,20190208.0,금,오정로(부천시계),B-26,유출,외발산사거리->오쇠삼거리,10484.0,37.54318,126.8123,18시,1268.0
0,20190208.0,금,오정로(부천시계),B-26,유출,외발산사거리->오쇠삼거리,10484.0,37.54318,126.8123,19시,965.0
0,20190208.0,금,오정로(부천시계),B-26,유출,외발산사거리->오쇠삼거리,10484.0,37.54318,126.8123,20시,542.0
0,20190209.0,토,오정로(부천시계),B-26,유출,외발산사거리->오쇠삼거리,9052.0,37.54318,126.8123,8시,511.0
0,20190209.0,토,오정로(부천시계),B-26,유출,외발산사거리->오쇠삼거리,9052.0,37.54318,126.8123,9시,531.0
0,20190209.0,토,오정로(부천시계),B-26,유출,외발산사거리->오쇠삼거리,9052.0,37.54318,126.8123,10시,583.0
0,20190209.0,토,오정로(부천시계),B-26,유출,외발산사거리->오쇠삼거리,9052.0,37.54318,126.8123,11시,646.0
0,20190209.0,토,오정로(부천시계),B-26,유출,외발산사거리->오쇠삼거리,9052.0,37.54318,126.8123,12시,652.0
0,20190209.0,토,오정로(부천시계),B-26,유출,외발산사거리->오쇠삼거리,9052.0,37.54318,126.8123,13시,675.0
0,20190209.0,토,오정로(부천시계),B-26,유출,외발산사거리->오쇠삼거리,9052.0,37.54318,126.8123,14시,772.0
0,20190209.0,토,오정로(부천시계),B-26,유출,외발산사거리->오쇠삼거리,9052.0,37.54318,126.8123,15시,822.0
0,20190209.0,토,오정로(부천시계),B-26,유출,외발산사거리->오쇠삼거리,9052.0,37.54318,126.8123,16시,979.0
0,20190209.0,토,오정로(부천시계),B-26,유출,외발산사거리->오쇠삼거리,9052.0,37.54318,126.8123,17시,992.0
0,20190209.0,토,오정로(부천시계),B-26,유출,외발산사거리->오쇠삼거리,9052.0,37.54318,126.8123,18시,857.0
0,20190209.0,토,오정로(부천시계),B-26,유출,외발산사거리->오쇠삼거리,9052.0,37.54318,126.8123,19시,574.0
0,20190209.0,토,오정로(부천시계),B-26,유출,외발산사거리->오쇠삼거리,9052.0,37.54318,126.8123,20시,458.0
0,20190210.0,일,오정로(부천시계),B-26,유출,외발산사거리->오쇠삼거리,6999.0,37.54318,126.8123,8시,307.0
0,20190210.0,일,오정로(부천시계),B-26,유출,외발산사거리->오쇠삼거리,6999.0,37.54318,126.8123,9시,338.0
0,20190210.0,일,오정로(부천시계),B-26,유출,외발산사거리->오쇠삼거리,6999.0,37.54318,126.8123,10시,451.0
0,20190210.0,일,오정로(부천시계),B-26,유출,외발산사거리->오쇠삼거리,6999.0,37.54318,126.8123,11시,417.0
0,20190210.0,일,오정로(부천시계),B-26,유출,외발산사거리->오쇠삼거리,6999.0,37.54318,126.8123,12시,496.0
0,20190210.0,일,오정로(부천시계),B-26,유출,외발산사거리->오쇠삼거리,6999.0,37.54318,126.8123,13시,638.0
0,20190210.0,일,오정로(부천시계),B-26,유출,외발산사거리->오쇠삼거리,6999.0,37.54318,126.8123,14시,612.0
0,20190210.0,일,오정로(부천시계),B-26,유출,외발산사거리->오쇠삼거리,6999.0,37.54318,126.8123,15시,674.0
0,20190210.0,일,오정로(부천시계),B-26,유출,외발산사거리->오쇠삼거리,6999.0,37.54318,126.8123,16시,793.0
0,20190210.0,일,오정로(부천시계),B-26,유출,외발산사거리->오쇠삼거리,6999.0,37.54318,126.8123,17시,767.0
0,20190210.0,일,오정로(부천시계),B-26,유출,외발산사거리->오쇠삼거리,6999.0,37.54318,126.8123,18시,634.0
0,20190210.0,일,오정로(부천시계),B-26,유출,외발산사거리->오쇠삼거리,6999.0,37.54318,126.8123,19시,458.0
0,20190210.0,일,오정로(부천시계),B-26,유출,외발산사거리->오쇠삼거리,6999.0,37.54318,126.8123,20시,414.0
0,20190211.0,월,오정로(부천시계),B-26,유출,외발산사거리->오쇠삼거리,10571.0,37.54318,126.8123,8시,1006.0
0,20190211.0,월,오정로(부천시계),B-26,유출,외발산사거리->오쇠삼거리,10571.0,37.54318,126.8123,9시,731.0
0,20190211.0,월,오정로(부천시계),B-26,유출,외발산사거리->오쇠삼거리,10571.0,37.54318,126.8123,10시,681.0
0,20190211.0,월,오정로(부천시계),B-26,유출,외발산사거리->오쇠삼거리,10571.0,37.54318,126.8123,11시,657.0
0,20190211.0,월,오정로(부천시계),B-26,유출,외발산사거리->오쇠삼거리,10571.0,37.54318,126.8123,12시,554.0
0,20190211.0,월,오정로(부천시계),B-26,유출,외발산사거리->오쇠삼거리,10571.0,37.54318,126.8123,13시,700.0
0,20190211.0,월,오정로(부천시계),B-26,유출,외발산사거리->오쇠삼거리,10571.0,37.54318,126.8123,14시,704.0
0,20190211.0,월,오정로(부천시계),B-26,유출,외발산사거리->오쇠삼거리,10571.0,37.54318,126.8123,15시,758.0
0,20190211.0,월,오정로(부천시계),B-26,유출,외발산사거리->오쇠삼거리,10571.0,37.54318,126.8123,16시,895.0
0,20190211.0,월,오정로(부천시계),B-26,유출,외발산사거리->오쇠삼거리,10571.0,37.54318,126.8123,17시,1199.0
0,20190211.0,월,오정로(부천시계),B-26,유출,외발산사거리->오쇠삼거리,10571.0,37.54318,126.8123,18시,1206.0
0,20190211.0,월,오정로(부천시계),B-26,유출,외발산사거리->오쇠삼거리,10571.0,37.54318,126.8123,19시,915.0
0,20190211.0,월,오정로(부천시계),B-26,유출,외발산사거리->오쇠삼거리,10571.0,37.54318,126.8123,20시,565.0
0,20190213.0,수,오정로(부천시계),B-26,유출,외발산사거리->오쇠삼거리,10906.0,37.54318,126.8123,8시,921.0
0,20190213.0,수,오정로(부천시계),B-26,유출,외발산사거리->오쇠삼거리,10906.0,37.54318,126.8123,9시,686.0
0,20190213.0,수,오정로(부천시계),B-26,유출,외발산사거리->오쇠삼거리,10906.0,37.54318,126.8123,10시,737.0
0,20190213.0,수,오정로(부천시계),B-26,유출,외발산사거리->오쇠삼거리,10906.0,37.54318,126.8123,11시,711.0
0,20190213.0,수,오정로(부천시계),B-26,유출,외발산사거리->오쇠삼거리,10906.0,37.54318,126.8123,12시,650.0
0,20190213.0,수,오정로(부천시계),B-26,유출,외발산사거리->오쇠삼거리,10906.0,37.54318,126.8123,13시,673.0
0,20190213.0,수,오정로(부천시계),B-26,유출,외발산사거리->오쇠삼거리,10906.0,37.54318,126.8123,14시,736.0
0,20190213.0,수,오정로(부천시계),B-26,유출,외발산사거리->오쇠삼거리,10906.0,37.54318,126.8123,15시,779.0
0,20190213.0,수,오정로(부천시계),B-26,유출,외발산사거리->오쇠삼거리,10906.0,37.54318,126.8123,16시,934.0
0,20190213.0,수,오정로(부천시계),B-26,유출,외발산사거리->오쇠삼거리,10906.0,37.54318,126.8123,17시,1264.0
0,20190213.0,수,오정로(부천시계),B-26,유출,외발산사거리->오쇠삼거리,10906.0,37.54318,126.8123,18시,1258.0
0,20190213.0,수,오정로(부천시계),B-26,유출,외발산사거리->오쇠삼거리,10906.0,37.54318,126.8123,19시,956.0
0,20190213.0,수,오정로(부천시계),B-26,유출,외발산사거리->오쇠삼거리,10906.0,37.54318,126.8123,20시,601.0
0,20190214.0,목,오정로(부천시계),B-26,유출,외발산사거리->오쇠삼거리,11131.0,37.54318,126.8123,8시,968.0
0,20190214.0,목,오정로(부천시계),B-26,유출,외발산사거리->오쇠삼거리,11131.0,37.54318,126.8123,9시,743.0
0,20190214.0,목,오정로(부천시계),B-26,유출,외발산사거리->오쇠삼거리,11131.0,37.54318,126.8123,10시,704.0
0,20190214.0,목,오정로(부천시계),B-26,유출,외발산사거리->오쇠삼거리,11131.0,37.54318,126.8123,11시,709.0
0,20190214.0,목,오정로(부천시계),B-26,유출,외발산사거리->오쇠삼거리,11131.0,37.54318,126.8123,12시,693.0
0,20190214.0,목,오정로(부천시계),B-26,유출,외발산사거리->오쇠삼거리,11131.0,37.54318,126.8123,13시,684.0
0,20190214.0,목,오정로(부천시계),B-26,유출,외발산사거리->오쇠삼거리,11131.0,37.54318,126.8123,14시,721.0
0,20190214.0,목,오정로(부천시계),B-26,유출,외발산사거리->오쇠삼거리,11131.0,37.54318,126.8123,15시,729.0
0,20190214.0,목,오정로(부천시계),B-26,유출,외발산사거리->오쇠삼거리,11131.0,37.54318,126.8123,16시,993.0
0,20190214.0,목,오정로(부천시계),B-26,유출,외발산사거리->오쇠삼거리,11131.0,37.54318,126.8123,17시,1319.0
0,20190214.0,목,오정로(부천시계),B-26,유출,외발산사거리->오쇠삼거리,11131.0,37.54318,126.8123,18시,1300.0
0,20190214.0,목,오정로(부천시계),B-26,유출,외발산사거리->오쇠삼거리,11131.0,37.54318,126.8123,19시,982.0
0,20190214.0,목,오정로(부천시계),B-26,유출,외발산사거리->오쇠삼거리,11131.0,37.54318,126.8123,20시,586.0
0,20190215.0,금,오정로(부천시계),B-26,유출,외발산사거리->오쇠삼거리,10369.0,37.54318,126.8123,8시,762.0
0,20190215.0,금,오정로(부천시계),B-26,유출,외발산사거리->오쇠삼거리,10369.0,37.54318,126.8123,9시,750.0
0,20190215.0,금,오정로(부천시계),B-26,유출,외발산사거리->오쇠삼거리,10369.0,37.54318,126.8123,10시,618.0
0,20190215.0,금,오정로(부천시계),B-26,유출,외발산사거리->오쇠삼거리,10369.0,37.54318,126.8123,11시,696.0
0,20190215.0,금,오정로(부천시계),B-26,유출,외발산사거리->오쇠삼거리,10369.0,37.54318,126.8123,12시,676.0
0,20190215.0,금,오정로(부천시계),B-26,유출,외발산사거리->오쇠삼거리,10369.0,37.54318,126.8123,13시,666.0
0,20190215.0,금,오정로(부천시계),B-26,유출,외발산사거리->오쇠삼거리,10369.0,37.54318,126.8123,14시,682.0
0,20190215.0,금,오정로(부천시계),B-26,유출,외발산사거리->오쇠삼거리,10369.0,37.54318,126.8123,15시,796.0
0,20190215.0,금,오정로(부천시계),B-26,유출,외발산사거리->오쇠삼거리,10369.0,37.54318,126.8123,16시,1005.0
0,20190215.0,금,오정로(부천시계),B-26,유출,외발산사거리->오쇠삼거리,10369.0,37.54318,126.8123,17시,1161.0
0,20190215.0,금,오정로(부천시계),B-26,유출,외발산사거리->오쇠삼거리,10369.0,37.54318,126.8123,18시,1250.0
0,20190215.0,금,오정로(부천시계),B-26,유출,외발산사거리->오쇠삼거리,10369.0,37.54318,126.8123,19시,780.0
0,20190215.0,금,오정로(부천시계),B-26,유출,외발산사거리->오쇠삼거리,10369.0,37.54318,126.8123,20시,527.0
0,20190216.0,토,오정로(부천시계),B-26,유출,외발산사거리->오쇠삼거리,9796.0,37.54318,126.8123,8시,504.0
0,20190216.0,토,오정로(부천시계),B-26,유출,외발산사거리->오쇠삼거리,9796.0,37.54318,126.8123,9시,563.0
0,20190216.0,토,오정로(부천시계),B-26,유출,외발산사거리->오쇠삼거리,9796.0,37.54318,126.8123,10시,587.0
0,20190216.0,토,오정로(부천시계),B-26,유출,외발산사거리->오쇠삼거리,9796.0,37.54318,126.8123,11시,622.0
0,20190216.0,토,오정로(부천시계),B-26,유출,외발산사거리->오쇠삼거리,9796.0,37.54318,126.8123,12시,687.0
0,20190216.0,토,오정로(부천시계),B-26,유출,외발산사거리->오쇠삼거리,9796.0,37.54318,126.8123,13시,706.0
0,20190216.0,토,오정로(부천시계),B-26,유출,외발산사거리->오쇠삼거리,9796.0,37.54318,126.8123,14시,869.0
0,20190216.0,토,오정로(부천시계),B-26,유출,외발산사거리->오쇠삼거리,9796.0,37.54318,126.8123,15시,857.0
0,20190216.0,토,오정로(부천시계),B-26,유출,외발산사거리->오쇠삼거리,9796.0,37.54318,126.8123,16시,1020.0
0,20190216.0,토,오정로(부천시계),B-26,유출,외발산사거리->오쇠삼거리,9796.0,37.54318,126.8123,17시,1103.0
0,20190216.0,토,오정로(부천시계),B-26,유출,외발산사거리->오쇠삼거리,9796.0,37.54318,126.8123,18시,1014.0
0,20190216.0,토,오정로(부천시계),B-26,유출,외발산사거리->오쇠삼거리,9796.0,37.54318,126.8123,19시,728.0
0,20190216.0,토,오정로(부천시계),B-26,유출,외발산사거리->오쇠삼거리,9796.0,37.54318,126.8123,20시,536.0
0,20190217.0,일,오정로(부천시계),B-26,유출,외발산사거리->오쇠삼거리,7572.0,37.54318,126.8123,8시,324.0
0,20190217.0,일,오정로(부천시계),B-26,유출,외발산사거리->오쇠삼거리,7572.0,37.54318,126.8123,9시,390.0
0,20190217.0,일,오정로(부천시계),B-26,유출,외발산사거리->오쇠삼거리,7572.0,37.54318,126.8123,10시,462.0
0,20190217.0,일,오정로(부천시계),B-26,유출,외발산사거리->오쇠삼거리,7572.0,37.54318,126.8123,11시,510.0
0,20190217.0,일,오정로(부천시계),B-26,유출,외발산사거리->오쇠삼거리,7572.0,37.54318,126.8123,12시,551.0
0,20190217.0,일,오정로(부천시계),B-26,유출,외발산사거리->오쇠삼거리,7572.0,37.54318,126.8123,13시,611.0
0,20190217.0,일,오정로(부천시계),B-26,유출,외발산사거리->오쇠삼거리,7572.0,37.54318,126.8123,14시,661.0
0,20190217.0,일,오정로(부천시계),B-26,유출,외발산사거리->오쇠삼거리,7572.0,37.54318,126.8123,15시,733.0
0,20190217.0,일,오정로(부천시계),B-26,유출,외발산사거리->오쇠삼거리,7572.0,37.54318,126.8123,16시,776.0
0,20190217.0,일,오정로(부천시계),B-26,유출,외발산사거리->오쇠삼거리,7572.0,37.54318,126.8123,17시,842.0
0,20190217.0,일,오정로(부천시계),B-26,유출,외발산사거리->오쇠삼거리,7572.0,37.54318,126.8123,18시,697.0
0,20190217.0,일,오정로(부천시계),B-26,유출,외발산사거리->오쇠삼거리,7572.0,37.54318,126.8123,19시,569.0
0,20190217.0,일,오정로(부천시계),B-26,유출,외발산사거리->오쇠삼거리,7572.0,37.54318,126.8123,20시,446.0
0,20190218.0,월,오정로(부천시계),B-26,유출,외발산사거리->오쇠삼거리,10951.0,37.54318,126.8123,8시,894.0
0,20190218.0,월,오정로(부천시계),B-26,유출,외발산사거리->오쇠삼거리,10951.0,37.54318,126.8123,9시,700.0
0,20190218.0,월,오정로(부천시계),B-26,유출,외발산사거리->오쇠삼거리,10951.0,37.54318,126.8123,10시,717.0
0,20190218.0,월,오정로(부천시계),B-26,유출,외발산사거리->오쇠삼거리,10951.0,37.54318,126.8123,11시,722.0
0,20190218.0,월,오정로(부천시계),B-26,유출,외발산사거리->오쇠삼거리,10951.0,37.54318,126.8123,12시,671.0
0,20190218.0,월,오정로(부천시계),B-26,유출,외발산사거리->오쇠삼거리,10951.0,37.54318,126.8123,13시,679.0
0,20190218.0,월,오정로(부천시계),B-26,유출,외발산사거리->오쇠삼거리,10951.0,37.54318,126.8123,14시,740.0
0,20190218.0,월,오정로(부천시계),B-26,유출,외발산사거리->오쇠삼거리,10951.0,37.54318,126.8123,15시,799.0
0,20190218.0,월,오정로(부천시계),B-26,유출,외발산사거리->오쇠삼거리,10951.0,37.54318,126.8123,16시,930.0
0,20190218.0,월,오정로(부천시계),B-26,유출,외발산사거리->오쇠삼거리,10951.0,37.54318,126.8123,17시,1241.0
0,20190218.0,월,오정로(부천시계),B-26,유출,외발산사거리->오쇠삼거리,10951.0,37.54318,126.8123,18시,1320.0
0,20190218.0,월,오정로(부천시계),B-26,유출,외발산사거리->오쇠삼거리,10951.0,37.54318,126.8123,19시,925.0
0,20190218.0,월,오정로(부천시계),B-26,유출,외발산사거리->오쇠삼거리,10951.0,37.54318,126.8123,20시,613.0
0,20190219.0,화,오정로(부천시계),B-26,유출,외발산사거리->오쇠삼거리,9010.0,37.54318,126.8123,8시,773.0
0,20190219.0,화,오정로(부천시계),B-26,유출,외발산사거리->오쇠삼거리,9010.0,37.54318,126.8123,9시,502.0
0,20190219.0,화,오정로(부천시계),B-26,유출,외발산사거리->오쇠삼거리,9010.0,37.54318,126.8123,10시,546.0
0,20190219.0,화,오정로(부천시계),B-26,유출,외발산사거리->오쇠삼거리,9010.0,37.54318,126.8123,11시,538.0
0,20190219.0,화,오정로(부천시계),B-26,유출,외발산사거리->오쇠삼거리,9010.0,37.54318,126.8123,12시,514.0
0,20190219.0,화,오정로(부천시계),B-26,유출,외발산사거리->오쇠삼거리,9010.0,37.54318,126.8123,13시,582.0
0,20190219.0,화,오정로(부천시계),B-26,유출,외발산사거리->오쇠삼거리,9010.0,37.54318,126.8123,14시,605.0
0,20190219.0,화,오정로(부천시계),B-26,유출,외발산사거리->오쇠삼거리,9010.0,37.54318,126.8123,15시,664.0
0,20190219.0,화,오정로(부천시계),B-26,유출,외발산사거리->오쇠삼거리,9010.0,37.54318,126.8123,16시,779.0
0,20190219.0,화,오정로(부천시계),B-26,유출,외발산사거리->오쇠삼거리,9010.0,37.54318,126.8123,17시,1022.0
0,20190219.0,화,오정로(부천시계),B-26,유출,외발산사거리->오쇠삼거리,9010.0,37.54318,126.8123,18시,1173.0
0,20190219.0,화,오정로(부천시계),B-26,유출,외발산사거리->오쇠삼거리,9010.0,37.54318,126.8123,19시,761.0
0,20190219.0,화,오정로(부천시계),B-26,유출,외발산사거리->오쇠삼거리,9010.0,37.54318,126.8123,20시,551.0
0,20190220.0,수,오정로(부천시계),B-26,유출,외발산사거리->오쇠삼거리,10994.0,37.54318,126.8123,8시,920.0
0,20190220.0,수,오정로(부천시계),B-26,유출,외발산사거리->오쇠삼거리,10994.0,37.54318,126.8123,9시,693.0
0,20190220.0,수,오정로(부천시계),B-26,유출,외발산사거리->오쇠삼거리,10994.0,37.54318,126.8123,10시,784.0
0,20190220.0,수,오정로(부천시계),B-26,유출,외발산사거리->오쇠삼거리,10994.0,37.54318,126.8123,11시,698.0
0,20190220.0,수,오정로(부천시계),B-26,유출,외발산사거리->오쇠삼거리,10994.0,37.54318,126.8123,12시,666.0
0,20190220.0,수,오정로(부천시계),B-26,유출,외발산사거리->오쇠삼거리,10994.0,37.54318,126.8123,13시,678.0
0,20190220.0,수,오정로(부천시계),B-26,유출,외발산사거리->오쇠삼거리,10994.0,37.54318,126.8123,14시,719.0
0,20190220.0,수,오정로(부천시계),B-26,유출,외발산사거리->오쇠삼거리,10994.0,37.54318,126.8123,15시,800.0
0,20190220.0,수,오정로(부천시계),B-26,유출,외발산사거리->오쇠삼거리,10994.0,37.54318,126.8123,16시,971.0
0,20190220.0,수,오정로(부천시계),B-26,유출,외발산사거리->오쇠삼거리,10994.0,37.54318,126.8123,17시,1295.0
0,20190220.0,수,오정로(부천시계),B-26,유출,외발산사거리->오쇠삼거리,10994.0,37.54318,126.8123,18시,1233.0
0,20190220.0,수,오정로(부천시계),B-26,유출,외발산사거리->오쇠삼거리,10994.0,37.54318,126.8123,19시,990.0
0,20190220.0,수,오정로(부천시계),B-26,유출,외발산사거리->오쇠삼거리,10994.0,37.54318,126.8123,20시,547.0
0,20190221.0,목,오정로(부천시계),B-26,유출,외발산사거리->오쇠삼거리,11130.0,37.54318,126.8123,8시,926.0
0,20190221.0,목,오정로(부천시계),B-26,유출,외발산사거리->오쇠삼거리,11130.0,37.54318,126.8123,9시,683.0
0,20190221.0,목,오정로(부천시계),B-26,유출,외발산사거리->오쇠삼거리,11130.0,37.54318,126.8123,10시,718.0
0,20190221.0,목,오정로(부천시계),B-26,유출,외발산사거리->오쇠삼거리,11130.0,37.54318,126.8123,11시,671.0
0,20190221.0,목,오정로(부천시계),B-26,유출,외발산사거리->오쇠삼거리,11130.0,37.54318,126.8123,12시,653.0
0,20190221.0,목,오정로(부천시계),B-26,유출,외발산사거리->오쇠삼거리,11130.0,37.54318,126.8123,13시,714.0
0,20190221.0,목,오정로(부천시계),B-26,유출,외발산사거리->오쇠삼거리,11130.0,37.54318,126.8123,14시,727.0
0,20190221.0,목,오정로(부천시계),B-26,유출,외발산사거리->오쇠삼거리,11130.0,37.54318,126.8123,15시,806.0
0,20190221.0,목,오정로(부천시계),B-26,유출,외발산사거리->오쇠삼거리,11130.0,37.54318,126.8123,16시,1020.0
0,20190221.0,목,오정로(부천시계),B-26,유출,외발산사거리->오쇠삼거리,11130.0,37.54318,126.8123,17시,1308.0
0,20190221.0,목,오정로(부천시계),B-26,유출,외발산사거리->오쇠삼거리,11130.0,37.54318,126.8123,18시,1239.0
0,20190221.0,목,오정로(부천시계),B-26,유출,외발산사거리->오쇠삼거리,11130.0,37.54318,126.8123,19시,1053.0
0,20190221.0,목,오정로(부천시계),B-26,유출,외발산사거리->오쇠삼거리,11130.0,37.54318,126.8123,20시,612.0
0,20190222.0,금,오정로(부천시계),B-26,유출,외발산사거리->오쇠삼거리,11685.0,37.54318,126.8123,8시,902.0
0,20190222.0,금,오정로(부천시계),B-26,유출,외발산사거리->오쇠삼거리,11685.0,37.54318,126.8123,9시,713.0
0,20190222.0,금,오정로(부천시계),B-26,유출,외발산사거리->오쇠삼거리,11685.0,37.54318,126.8123,10시,746.0
0,20190222.0,금,오정로(부천시계),B-26,유출,외발산사거리->오쇠삼거리,11685.0,37.54318,126.8123,11시,711.0
0,20190222.0,금,오정로(부천시계),B-26,유출,외발산사거리->오쇠삼거리,11685.0,37.54318,126.8123,12시,656.0
0,20190222.0,금,오정로(부천시계),B-26,유출,외발산사거리->오쇠삼거리,11685.0,37.54318,126.8123,13시,720.0
0,20190222.0,금,오정로(부천시계),B-26,유출,외발산사거리->오쇠삼거리,11685.0,37.54318,126.8123,14시,803.0
0,20190222.0,금,오정로(부천시계),B-26,유출,외발산사거리->오쇠삼거리,11685.0,37.54318,126.8123,15시,911.0
0,20190222.0,금,오정로(부천시계),B-26,유출,외발산사거리->오쇠삼거리,11685.0,37.54318,126.8123,16시,1032.0
0,20190222.0,금,오정로(부천시계),B-26,유출,외발산사거리->오쇠삼거리,11685.0,37.54318,126.8123,17시,1239.0
0,20190222.0,금,오정로(부천시계),B-26,유출,외발산사거리->오쇠삼거리,11685.0,37.54318,126.8123,18시,1396.0
0,20190222.0,금,오정로(부천시계),B-26,유출,외발산사거리->오쇠삼거리,11685.0,37.54318,126.8123,19시,1185.0
0,20190222.0,금,오정로(부천시계),B-26,유출,외발산사거리->오쇠삼거리,11685.0,37.54318,126.8123,20시,671.0
0,20190223.0,토,오정로(부천시계),B-26,유출,외발산사거리->오쇠삼거리,10327.0,37.54318,126.8123,8시,537.0
0,20190223.0,토,오정로(부천시계),B-26,유출,외발산사거리->오쇠삼거리,10327.0,37.54318,126.8123,9시,611.0
0,20190223.0,토,오정로(부천시계),B-26,유출,외발산사거리->오쇠삼거리,10327.0,37.54318,126.8123,10시,661.0
0,20190223.0,토,오정로(부천시계),B-26,유출,외발산사거리->오쇠삼거리,10327.0,37.54318,126.8123,11시,683.0
0,20190223.0,토,오정로(부천시계),B-26,유출,외발산사거리->오쇠삼거리,10327.0,37.54318,126.8123,12시,702.0
0,20190223.0,토,오정로(부천시계),B-26,유출,외발산사거리->오쇠삼거리,10327.0,37.54318,126.8123,13시,742.0
0,20190223.0,토,오정로(부천시계),B-26,유출,외발산사거리->오쇠삼거리,10327.0,37.54318,126.8123,14시,882.0
0,20190223.0,토,오정로(부천시계),B-26,유출,외발산사거리->오쇠삼거리,10327.0,37.54318,126.8123,15시,1010.0
0,20190223.0,토,오정로(부천시계),B-26,유출,외발산사거리->오쇠삼거리,10327.0,37.54318,126.8123,16시,1002.0
0,20190223.0,토,오정로(부천시계),B-26,유출,외발산사거리->오쇠삼거리,10327.0,37.54318,126.8123,17시,1098.0
0,20190223.0,토,오정로(부천시계),B-26,유출,외발산사거리->오쇠삼거리,10327.0,37.54318,126.8123,18시,1015.0
0,20190223.0,토,오정로(부천시계),B-26,유출,외발산사거리->오쇠삼거리,10327.0,37.54318,126.8123,19시,848.0
0,20190223.0,토,오정로(부천시계),B-26,유출,외발산사거리->오쇠삼거리,10327.0,37.54318,126.8123,20시,536.0
0,20190224.0,일,오정로(부천시계),B-26,유출,외발산사거리->오쇠삼거리,7764.0,37.54318,126.8123,8시,332.0
0,20190224.0,일,오정로(부천시계),B-26,유출,외발산사거리->오쇠삼거리,7764.0,37.54318,126.8123,9시,396.0
0,20190224.0,일,오정로(부천시계),B-26,유출,외발산사거리->오쇠삼거리,7764.0,37.54318,126.8123,10시,469.0
0,20190224.0,일,오정로(부천시계),B-26,유출,외발산사거리->오쇠삼거리,7764.0,37.54318,126.8123,11시,490.0
0,20190224.0,일,오정로(부천시계),B-26,유출,외발산사거리->오쇠삼거리,7764.0,37.54318,126.8123,12시,562.0
0,20190224.0,일,오정로(부천시계),B-26,유출,외발산사거리->오쇠삼거리,7764.0,37.54318,126.8123,13시,602.0
0,20190224.0,일,오정로(부천시계),B-26,유출,외발산사거리->오쇠삼거리,7764.0,37.54318,126.8123,14시,624.0
0,20190224.0,일,오정로(부천시계),B-26,유출,외발산사거리->오쇠삼거리,7764.0,37.54318,126.8123,15시,790.0
0,20190224.0,일,오정로(부천시계),B-26,유출,외발산사거리->오쇠삼거리,7764.0,37.54318,126.8123,16시,848.0
0,20190224.0,일,오정로(부천시계),B-26,유출,외발산사거리->오쇠삼거리,7764.0,37.54318,126.8123,17시,853.0
0,20190224.0,일,오정로(부천시계),B-26,유출,외발산사거리->오쇠삼거리,7764.0,37.54318,126.8123,18시,738.0
0,20190224.0,일,오정로(부천시계),B-26,유출,외발산사거리->오쇠삼거리,7764.0,37.54318,126.8123,19시,587.0
0,20190224.0,일,오정로(부천시계),B-26,유출,외발산사거리->오쇠삼거리,7764.0,37.54318,126.8123,20시,473.0
0,20190225.0,월,오정로(부천시계),B-26,유출,외발산사거리->오쇠삼거리,11053.0,37.54318,126.8123,8시,945.0
0,20190225.0,월,오정로(부천시계),B-26,유출,외발산사거리->오쇠삼거리,11053.0,37.54318,126.8123,9시,711.0
0,20190225.0,월,오정로(부천시계),B-26,유출,외발산사거리->오쇠삼거리,11053.0,37.54318,126.8123,10시,722.0
0,20190225.0,월,오정로(부천시계),B-26,유출,외발산사거리->오쇠삼거리,11053.0,37.54318,126.8123,11시,714.0
0,20190225.0,월,오정로(부천시계),B-26,유출,외발산사거리->오쇠삼거리,11053.0,37.54318,126.8123,12시,600.0
0,20190225.0,월,오정로(부천시계),B-26,유출,외발산사거리->오쇠삼거리,11053.0,37.54318,126.8123,13시,725.0
0,20190225.0,월,오정로(부천시계),B-26,유출,외발산사거리->오쇠삼거리,11053.0,37.54318,126.8123,14시,756.0
0,20190225.0,월,오정로(부천시계),B-26,유출,외발산사거리->오쇠삼거리,11053.0,37.54318,126.8123,15시,878.0
0,20190225.0,월,오정로(부천시계),B-26,유출,외발산사거리->오쇠삼거리,11053.0,37.54318,126.8123,16시,907.0
0,20190225.0,월,오정로(부천시계),B-26,유출,외발산사거리->오쇠삼거리,11053.0,37.54318,126.8123,17시,1262.0
0,20190225.0,월,오정로(부천시계),B-26,유출,외발산사거리->오쇠삼거리,11053.0,37.54318,126.8123,18시,1249.0
0,20190225.0,월,오정로(부천시계),B-26,유출,외발산사거리->오쇠삼거리,11053.0,37.54318,126.8123,19시,1003.0
0,20190225.0,월,오정로(부천시계),B-26,유출,외발산사거리->오쇠삼거리,11053.0,37.54318,126.8123,20시,581.0
0,20190226.0,화,오정로(부천시계),B-26,유출,외발산사거리->오쇠삼거리,11337.0,37.54318,126.8123,8시,890.0
0,20190226.0,화,오정로(부천시계),B-26,유출,외발산사거리->오쇠삼거리,11337.0,37.54318,126.8123,9시,721.0
0,20190226.0,화,오정로(부천시계),B-26,유출,외발산사거리->오쇠삼거리,11337.0,37.54318,126.8123,10시,691.0
0,20190226.0,화,오정로(부천시계),B-26,유출,외발산사거리->오쇠삼거리,11337.0,37.54318,126.8123,11시,741.0
0,20190226.0,화,오정로(부천시계),B-26,유출,외발산사거리->오쇠삼거리,11337.0,37.54318,126.8123,12시,706.0
0,20190226.0,화,오정로(부천시계),B-26,유출,외발산사거리->오쇠삼거리,11337.0,37.54318,126.8123,13시,744.0
0,20190226.0,화,오정로(부천시계),B-26,유출,외발산사거리->오쇠삼거리,11337.0,37.54318,126.8123,14시,763.0
0,20190226.0,화,오정로(부천시계),B-26,유출,외발산사거리->오쇠삼거리,11337.0,37.54318,126.8123,15시,826.0
0,20190226.0,화,오정로(부천시계),B-26,유출,외발산사거리->오쇠삼거리,11337.0,37.54318,126.8123,16시,1032.0
0,20190226.0,화,오정로(부천시계),B-26,유출,외발산사거리->오쇠삼거리,11337.0,37.54318,126.8123,17시,1257.0
0,20190226.0,화,오정로(부천시계),B-26,유출,외발산사거리->오쇠삼거리,11337.0,37.54318,126.8123,18시,1288.0
0,20190226.0,화,오정로(부천시계),B-26,유출,외발산사거리->오쇠삼거리,11337.0,37.54318,126.8123,19시,1069.0
0,20190226.0,화,오정로(부천시계),B-26,유출,외발산사거리->오쇠삼거리,11337.0,37.54318,126.8123,20시,609.0
0,20190227.0,수,오정로(부천시계),B-26,유출,외발산사거리->오쇠삼거리,11585.0,37.54318,126.8123,8시,907.0
0,20190227.0,수,오정로(부천시계),B-26,유출,외발산사거리->오쇠삼거리,11585.0,37.54318,126.8123,9시,723.0
0,20190227.0,수,오정로(부천시계),B-26,유출,외발산사거리->오쇠삼거리,11585.0,37.54318,126.8123,10시,733.0
0,20190227.0,수,오정로(부천시계),B-26,유출,외발산사거리->오쇠삼거리,11585.0,37.54318,126.8123,11시,797.0
0,20190227.0,수,오정로(부천시계),B-26,유출,외발산사거리->오쇠삼거리,11585.0,37.54318,126.8123,12시,749.0
0,20190227.0,수,오정로(부천시계),B-26,유출,외발산사거리->오쇠삼거리,11585.0,37.54318,126.8123,13시,690.0
0,20190227.0,수,오정로(부천시계),B-26,유출,외발산사거리->오쇠삼거리,11585.0,37.54318,126.8123,14시,782.0
0,20190227.0,수,오정로(부천시계),B-26,유출,외발산사거리->오쇠삼거리,11585.0,37.54318,126.8123,15시,909.0
0,20190227.0,수,오정로(부천시계),B-26,유출,외발산사거리->오쇠삼거리,11585.0,37.54318,126.8123,16시,1096.0
0,20190227.0,수,오정로(부천시계),B-26,유출,외발산사거리->오쇠삼거리,11585.0,37.54318,126.8123,17시,1236.0
0,20190227.0,수,오정로(부천시계),B-26,유출,외발산사거리->오쇠삼거리,11585.0,37.54318,126.8123,18시,1280.0
0,20190227.0,수,오정로(부천시계),B-26,유출,외발산사거리->오쇠삼거리,11585.0,37.54318,126.8123,19시,1094.0
0,20190227.0,수,오정로(부천시계),B-26,유출,외발산사거리->오쇠삼거리,11585.0,37.54318,126.8123,20시,589.0
0,20190228.0,목,오정로(부천시계),B-26,유출,외발산사거리->오쇠삼거리,12034.0,37.54318,126.8123,8시,891.0
0,20190228.0,목,오정로(부천시계),B-26,유출,외발산사거리->오쇠삼거리,12034.0,37.54318,126.8123,9시,792.0
0,20190228.0,목,오정로(부천시계),B-26,유출,외발산사거리->오쇠삼거리,12034.0,37.54318,126.8123,10시,736.0
0,20190228.0,목,오정로(부천시계),B-26,유출,외발산사거리->오쇠삼거리,12034.0,37.54318,126.8123,11시,739.0
0,20190228.0,목,오정로(부천시계),B-26,유출,외발산사거리->오쇠삼거리,12034.0,37.54318,126.8123,12시,653.0
0,20190228.0,목,오정로(부천시계),B-26,유출,외발산사거리->오쇠삼거리,12034.0,37.54318,126.8123,13시,798.0
0,20190228.0,목,오정로(부천시계),B-26,유출,외발산사거리->오쇠삼거리,12034.0,37.54318,126.8123,14시,835.0
0,20190228.0,목,오정로(부천시계),B-26,유출,외발산사거리->오쇠삼거리,12034.0,37.54318,126.8123,15시,978.0
0,20190228.0,목,오정로(부천시계),B-26,유출,외발산사거리->오쇠삼거리,12034.0,37.54318,126.8123,16시,1172.0
0,20190228.0,목,오정로(부천시계),B-26,유출,외발산사거리->오쇠삼거리,12034.0,37.54318,126.8123,17시,1200.0
0,20190228.0,목,오정로(부천시계),B-26,유출,외발산사거리->오쇠삼거리,12034.0,37.54318,126.8123,18시,1338.0
0,20190228.0,목,오정로(부천시계),B-26,유출,외발산사거리->오쇠삼거리,12034.0,37.54318,126.8123,19시,1211.0
0,20190228.0,목,오정로(부천시계),B-26,유출,외발산사거리->오쇠삼거리,12034.0,37.54318,126.8123,20시,691.0
0,20190301.0,금,오정로(부천시계),B-26,유입,오쇠삼거리->외발산사거리,6691.0,37.54318,126.8123,8시,526.0
0,20190301.0,금,오정로(부천시계),B-26,유입,오쇠삼거리->외발산사거리,6691.0,37.54318,126.8123,9시,518.0
0,20190301.0,금,오정로(부천시계),B-26,유입,오쇠삼거리->외발산사거리,6691.0,37.54318,126.8123,10시,544.0
0,20190301.0,금,오정로(부천시계),B-26,유입,오쇠삼거리->외발산사거리,6691.0,37.54318,126.8123,11시,649.0
0,20190301.0,금,오정로(부천시계),B-26,유입,오쇠삼거리->외발산사거리,6691.0,37.54318,126.8123,12시,711.0
0,20190301.0,금,오정로(부천시계),B-26,유입,오쇠삼거리->외발산사거리,6691.0,37.54318,126.8123,13시,574.0
0,20190301.0,금,오정로(부천시계),B-26,유입,오쇠삼거리->외발산사거리,6691.0,37.54318,126.8123,14시,599.0
0,20190301.0,금,오정로(부천시계),B-26,유입,오쇠삼거리->외발산사거리,6691.0,37.54318,126.8123,15시,490.0
0,20190301.0,금,오정로(부천시계),B-26,유입,오쇠삼거리->외발산사거리,6691.0,37.54318,126.8123,16시,494.0
0,20190301.0,금,오정로(부천시계),B-26,유입,오쇠삼거리->외발산사거리,6691.0,37.54318,126.8123,17시,528.0
0,20190301.0,금,오정로(부천시계),B-26,유입,오쇠삼거리->외발산사거리,6691.0,37.54318,126.8123,18시,431.0
0,20190301.0,금,오정로(부천시계),B-26,유입,오쇠삼거리->외발산사거리,6691.0,37.54318,126.8123,19시,332.0
0,20190301.0,금,오정로(부천시계),B-26,유입,오쇠삼거리->외발산사거리,6691.0,37.54318,126.8123,20시,295.0
0,20190302.0,토,오정로(부천시계),B-26,유입,오쇠삼거리->외발산사거리,6330.0,37.54318,126.8123,8시,459.0
0,20190302.0,토,오정로(부천시계),B-26,유입,오쇠삼거리->외발산사거리,6330.0,37.54318,126.8123,9시,539.0
0,20190302.0,토,오정로(부천시계),B-26,유입,오쇠삼거리->외발산사거리,6330.0,37.54318,126.8123,10시,503.0
0,20190302.0,토,오정로(부천시계),B-26,유입,오쇠삼거리->외발산사거리,6330.0,37.54318,126.8123,11시,527.0
0,20190302.0,토,오정로(부천시계),B-26,유입,오쇠삼거리->외발산사거리,6330.0,37.54318,126.8123,12시,560.0
0,20190302.0,토,오정로(부천시계),B-26,유입,오쇠삼거리->외발산사거리,6330.0,37.54318,126.8123,13시,553.0
0,20190302.0,토,오정로(부천시계),B-26,유입,오쇠삼거리->외발산사거리,6330.0,37.54318,126.8123,14시,544.0
0,20190302.0,토,오정로(부천시계),B-26,유입,오쇠삼거리->외발산사거리,6330.0,37.54318,126.8123,15시,533.0
0,20190302.0,토,오정로(부천시계),B-26,유입,오쇠삼거리->외발산사거리,6330.0,37.54318,126.8123,16시,518.0
0,20190302.0,토,오정로(부천시계),B-26,유입,오쇠삼거리->외발산사거리,6330.0,37.54318,126.8123,17시,512.0
0,20190302.0,토,오정로(부천시계),B-26,유입,오쇠삼거리->외발산사거리,6330.0,37.54318,126.8123,18시,462.0
0,20190302.0,토,오정로(부천시계),B-26,유입,오쇠삼거리->외발산사거리,6330.0,37.54318,126.8123,19시,326.0
0,20190302.0,토,오정로(부천시계),B-26,유입,오쇠삼거리->외발산사거리,6330.0,37.54318,126.8123,20시,294.0
0,20190303.0,일,오정로(부천시계),B-26,유입,오쇠삼거리->외발산사거리,5520.0,37.54318,126.8123,8시,310.0
0,20190303.0,일,오정로(부천시계),B-26,유입,오쇠삼거리->외발산사거리,5520.0,37.54318,126.8123,9시,407.0
0,20190303.0,일,오정로(부천시계),B-26,유입,오쇠삼거리->외발산사거리,5520.0,37.54318,126.8123,10시,441.0
0,20190303.0,일,오정로(부천시계),B-26,유입,오쇠삼거리->외발산사거리,5520.0,37.54318,126.8123,11시,450.0
0,20190303.0,일,오정로(부천시계),B-26,유입,오쇠삼거리->외발산사거리,5520.0,37.54318,126.8123,12시,484.0
0,20190303.0,일,오정로(부천시계),B-26,유입,오쇠삼거리->외발산사거리,5520.0,37.54318,126.8123,13시,521.0
0,20190303.0,일,오정로(부천시계),B-26,유입,오쇠삼거리->외발산사거리,5520.0,37.54318,126.8123,14시,480.0
0,20190303.0,일,오정로(부천시계),B-26,유입,오쇠삼거리->외발산사거리,5520.0,37.54318,126.8123,15시,466.0
0,20190303.0,일,오정로(부천시계),B-26,유입,오쇠삼거리->외발산사거리,5520.0,37.54318,126.8123,16시,456.0
0,20190303.0,일,오정로(부천시계),B-26,유입,오쇠삼거리->외발산사거리,5520.0,37.54318,126.8123,17시,485.0
0,20190303.0,일,오정로(부천시계),B-26,유입,오쇠삼거리->외발산사거리,5520.0,37.54318,126.8123,18시,385.0
0,20190303.0,일,오정로(부천시계),B-26,유입,오쇠삼거리->외발산사거리,5520.0,37.54318,126.8123,19시,342.0
0,20190303.0,일,오정로(부천시계),B-26,유입,오쇠삼거리->외발산사거리,5520.0,37.54318,126.8123,20시,293.0
0,20190304.0,월,오정로(부천시계),B-26,유입,오쇠삼거리->외발산사거리,7342.0,37.54318,126.8123,8시,790.0
0,20190304.0,월,오정로(부천시계),B-26,유입,오쇠삼거리->외발산사거리,7342.0,37.54318,126.8123,9시,638.0
0,20190304.0,월,오정로(부천시계),B-26,유입,오쇠삼거리->외발산사거리,7342.0,37.54318,126.8123,10시,581.0
0,20190304.0,월,오정로(부천시계),B-26,유입,오쇠삼거리->외발산사거리,7342.0,37.54318,126.8123,11시,517.0
0,20190304.0,월,오정로(부천시계),B-26,유입,오쇠삼거리->외발산사거리,7342.0,37.54318,126.8123,12시,536.0
0,20190304.0,월,오정로(부천시계),B-26,유입,오쇠삼거리->외발산사거리,7342.0,37.54318,126.8123,13시,514.0
0,20190304.0,월,오정로(부천시계),B-26,유입,오쇠삼거리->외발산사거리,7342.0,37.54318,126.8123,14시,565.0
0,20190304.0,월,오정로(부천시계),B-26,유입,오쇠삼거리->외발산사거리,7342.0,37.54318,126.8123,15시,507.0
0,20190304.0,월,오정로(부천시계),B-26,유입,오쇠삼거리->외발산사거리,7342.0,37.54318,126.8123,16시,535.0
0,20190304.0,월,오정로(부천시계),B-26,유입,오쇠삼거리->외발산사거리,7342.0,37.54318,126.8123,17시,681.0
0,20190304.0,월,오정로(부천시계),B-26,유입,오쇠삼거리->외발산사거리,7342.0,37.54318,126.8123,18시,554.0
0,20190304.0,월,오정로(부천시계),B-26,유입,오쇠삼거리->외발산사거리,7342.0,37.54318,126.8123,19시,512.0
0,20190304.0,월,오정로(부천시계),B-26,유입,오쇠삼거리->외발산사거리,7342.0,37.54318,126.8123,20시,412.0
0,20190305.0,화,오정로(부천시계),B-26,유입,오쇠삼거리->외발산사거리,7376.0,37.54318,126.8123,8시,805.0
0,20190305.0,화,오정로(부천시계),B-26,유입,오쇠삼거리->외발산사거리,7376.0,37.54318,126.8123,9시,690.0
0,20190305.0,화,오정로(부천시계),B-26,유입,오쇠삼거리->외발산사거리,7376.0,37.54318,126.8123,10시,611.0
0,20190305.0,화,오정로(부천시계),B-26,유입,오쇠삼거리->외발산사거리,7376.0,37.54318,126.8123,11시,563.0
0,20190305.0,화,오정로(부천시계),B-26,유입,오쇠삼거리->외발산사거리,7376.0,37.54318,126.8123,12시,510.0
0,20190305.0,화,오정로(부천시계),B-26,유입,오쇠삼거리->외발산사거리,7376.0,37.54318,126.8123,13시,548.0
0,20190305.0,화,오정로(부천시계),B-26,유입,오쇠삼거리->외발산사거리,7376.0,37.54318,126.8123,14시,508.0
0,20190305.0,화,오정로(부천시계),B-26,유입,오쇠삼거리->외발산사거리,7376.0,37.54318,126.8123,15시,533.0
0,20190305.0,화,오정로(부천시계),B-26,유입,오쇠삼거리->외발산사거리,7376.0,37.54318,126.8123,16시,534.0
0,20190305.0,화,오정로(부천시계),B-26,유입,오쇠삼거리->외발산사거리,7376.0,37.54318,126.8123,17시,703.0
0,20190305.0,화,오정로(부천시계),B-26,유입,오쇠삼거리->외발산사거리,7376.0,37.54318,126.8123,18시,560.0
0,20190305.0,화,오정로(부천시계),B-26,유입,오쇠삼거리->외발산사거리,7376.0,37.54318,126.8123,19시,440.0
0,20190305.0,화,오정로(부천시계),B-26,유입,오쇠삼거리->외발산사거리,7376.0,37.54318,126.8123,20시,371.0
0,20190306.0,수,오정로(부천시계),B-26,유입,오쇠삼거리->외발산사거리,7399.0,37.54318,126.8123,8시,827.0
0,20190306.0,수,오정로(부천시계),B-26,유입,오쇠삼거리->외발산사거리,7399.0,37.54318,126.8123,9시,718.0
0,20190306.0,수,오정로(부천시계),B-26,유입,오쇠삼거리->외발산사거리,7399.0,37.54318,126.8123,10시,598.0
0,20190306.0,수,오정로(부천시계),B-26,유입,오쇠삼거리->외발산사거리,7399.0,37.54318,126.8123,11시,578.0
0,20190306.0,수,오정로(부천시계),B-26,유입,오쇠삼거리->외발산사거리,7399.0,37.54318,126.8123,12시,478.0
0,20190306.0,수,오정로(부천시계),B-26,유입,오쇠삼거리->외발산사거리,7399.0,37.54318,126.8123,13시,515.0
0,20190306.0,수,오정로(부천시계),B-26,유입,오쇠삼거리->외발산사거리,7399.0,37.54318,126.8123,14시,523.0
0,20190306.0,수,오정로(부천시계),B-26,유입,오쇠삼거리->외발산사거리,7399.0,37.54318,126.8123,15시,477.0
0,20190306.0,수,오정로(부천시계),B-26,유입,오쇠삼거리->외발산사거리,7399.0,37.54318,126.8123,16시,548.0
0,20190306.0,수,오정로(부천시계),B-26,유입,오쇠삼거리->외발산사거리,7399.0,37.54318,126.8123,17시,711.0
0,20190306.0,수,오정로(부천시계),B-26,유입,오쇠삼거리->외발산사거리,7399.0,37.54318,126.8123,18시,596.0
0,20190306.0,수,오정로(부천시계),B-26,유입,오쇠삼거리->외발산사거리,7399.0,37.54318,126.8123,19시,464.0
0,20190306.0,수,오정로(부천시계),B-26,유입,오쇠삼거리->외발산사거리,7399.0,37.54318,126.8123,20시,366.0
0,20190307.0,수,오정로(부천시계),B-26,유입,오쇠삼거리->외발산사거리,7425.0,37.54318,126.8123,8시,812.0
0,20190307.0,수,오정로(부천시계),B-26,유입,오쇠삼거리->외발산사거리,7425.0,37.54318,126.8123,9시,697.0
0,20190307.0,수,오정로(부천시계),B-26,유입,오쇠삼거리->외발산사거리,7425.0,37.54318,126.8123,10시,553.0
0,20190307.0,수,오정로(부천시계),B-26,유입,오쇠삼거리->외발산사거리,7425.0,37.54318,126.8123,11시,581.0
0,20190307.0,수,오정로(부천시계),B-26,유입,오쇠삼거리->외발산사거리,7425.0,37.54318,126.8123,12시,511.0
0,20190307.0,수,오정로(부천시계),B-26,유입,오쇠삼거리->외발산사거리,7425.0,37.54318,126.8123,13시,516.0
0,20190307.0,수,오정로(부천시계),B-26,유입,오쇠삼거리->외발산사거리,7425.0,37.54318,126.8123,14시,554.0
0,20190307.0,수,오정로(부천시계),B-26,유입,오쇠삼거리->외발산사거리,7425.0,37.54318,126.8123,15시,555.0
0,20190307.0,수,오정로(부천시계),B-26,유입,오쇠삼거리->외발산사거리,7425.0,37.54318,126.8123,16시,540.0
0,20190307.0,수,오정로(부천시계),B-26,유입,오쇠삼거리->외발산사거리,7425.0,37.54318,126.8123,17시,675.0
0,20190307.0,수,오정로(부천시계),B-26,유입,오쇠삼거리->외발산사거리,7425.0,37.54318,126.8123,18시,542.0
0,20190307.0,수,오정로(부천시계),B-26,유입,오쇠삼거리->외발산사거리,7425.0,37.54318,126.8123,19시,492.0
0,20190307.0,수,오정로(부천시계),B-26,유입,오쇠삼거리->외발산사거리,7425.0,37.54318,126.8123,20시,397.0
0,20190308.0,금,오정로(부천시계),B-26,유입,오쇠삼거리->외발산사거리,7739.0,37.54318,126.8123,8시,776.0
0,20190308.0,금,오정로(부천시계),B-26,유입,오쇠삼거리->외발산사거리,7739.0,37.54318,126.8123,9시,686.0
0,20190308.0,금,오정로(부천시계),B-26,유입,오쇠삼거리->외발산사거리,7739.0,37.54318,126.8123,10시,604.0
0,20190308.0,금,오정로(부천시계),B-26,유입,오쇠삼거리->외발산사거리,7739.0,37.54318,126.8123,11시,615.0
0,20190308.0,금,오정로(부천시계),B-26,유입,오쇠삼거리->외발산사거리,7739.0,37.54318,126.8123,12시,520.0
0,20190308.0,금,오정로(부천시계),B-26,유입,오쇠삼거리->외발산사거리,7739.0,37.54318,126.8123,13시,569.0
0,20190308.0,금,오정로(부천시계),B-26,유입,오쇠삼거리->외발산사거리,7739.0,37.54318,126.8123,14시,558.0
0,20190308.0,금,오정로(부천시계),B-26,유입,오쇠삼거리->외발산사거리,7739.0,37.54318,126.8123,15시,550.0
0,20190308.0,금,오정로(부천시계),B-26,유입,오쇠삼거리->외발산사거리,7739.0,37.54318,126.8123,16시,650.0
0,20190308.0,금,오정로(부천시계),B-26,유입,오쇠삼거리->외발산사거리,7739.0,37.54318,126.8123,17시,724.0
0,20190308.0,금,오정로(부천시계),B-26,유입,오쇠삼거리->외발산사거리,7739.0,37.54318,126.8123,18시,609.0
0,20190308.0,금,오정로(부천시계),B-26,유입,오쇠삼거리->외발산사거리,7739.0,37.54318,126.8123,19시,501.0
0,20190308.0,금,오정로(부천시계),B-26,유입,오쇠삼거리->외발산사거리,7739.0,37.54318,126.8123,20시,377.0
0,20190309.0,토,오정로(부천시계),B-26,유입,오쇠삼거리->외발산사거리,7076.0,37.54318,126.8123,8시,553.0
0,20190309.0,토,오정로(부천시계),B-26,유입,오쇠삼거리->외발산사거리,7076.0,37.54318,126.8123,9시,638.0
0,20190309.0,토,오정로(부천시계),B-26,유입,오쇠삼거리->외발산사거리,7076.0,37.54318,126.8123,10시,541.0
0,20190309.0,토,오정로(부천시계),B-26,유입,오쇠삼거리->외발산사거리,7076.0,37.54318,126.8123,11시,567.0
0,20190309.0,토,오정로(부천시계),B-26,유입,오쇠삼거리->외발산사거리,7076.0,37.54318,126.8123,12시,589.0
0,20190309.0,토,오정로(부천시계),B-26,유입,오쇠삼거리->외발산사거리,7076.0,37.54318,126.8123,13시,579.0
0,20190309.0,토,오정로(부천시계),B-26,유입,오쇠삼거리->외발산사거리,7076.0,37.54318,126.8123,14시,631.0
0,20190309.0,토,오정로(부천시계),B-26,유입,오쇠삼거리->외발산사거리,7076.0,37.54318,126.8123,15시,645.0
0,20190309.0,토,오정로(부천시계),B-26,유입,오쇠삼거리->외발산사거리,7076.0,37.54318,126.8123,16시,582.0
0,20190309.0,토,오정로(부천시계),B-26,유입,오쇠삼거리->외발산사거리,7076.0,37.54318,126.8123,17시,600.0
0,20190309.0,토,오정로(부천시계),B-26,유입,오쇠삼거리->외발산사거리,7076.0,37.54318,126.8123,18시,539.0
0,20190309.0,토,오정로(부천시계),B-26,유입,오쇠삼거리->외발산사거리,7076.0,37.54318,126.8123,19시,352.0
0,20190309.0,토,오정로(부천시계),B-26,유입,오쇠삼거리->외발산사거리,7076.0,37.54318,126.8123,20시,260.0
0,20190310.0,일,오정로(부천시계),B-26,유입,오쇠삼거리->외발산사거리,5633.0,37.54318,126.8123,8시,312.0
0,20190310.0,일,오정로(부천시계),B-26,유입,오쇠삼거리->외발산사거리,5633.0,37.54318,126.8123,9시,410.0
0,20190310.0,일,오정로(부천시계),B-26,유입,오쇠삼거리->외발산사거리,5633.0,37.54318,126.8123,10시,433.0
0,20190310.0,일,오정로(부천시계),B-26,유입,오쇠삼거리->외발산사거리,5633.0,37.54318,126.8123,11시,425.0
0,20190310.0,일,오정로(부천시계),B-26,유입,오쇠삼거리->외발산사거리,5633.0,37.54318,126.8123,12시,506.0
0,20190310.0,일,오정로(부천시계),B-26,유입,오쇠삼거리->외발산사거리,5633.0,37.54318,126.8123,13시,510.0
0,20190310.0,일,오정로(부천시계),B-26,유입,오쇠삼거리->외발산사거리,5633.0,37.54318,126.8123,14시,563.0
0,20190310.0,일,오정로(부천시계),B-26,유입,오쇠삼거리->외발산사거리,5633.0,37.54318,126.8123,15시,455.0
0,20190310.0,일,오정로(부천시계),B-26,유입,오쇠삼거리->외발산사거리,5633.0,37.54318,126.8123,16시,486.0
0,20190310.0,일,오정로(부천시계),B-26,유입,오쇠삼거리->외발산사거리,5633.0,37.54318,126.8123,17시,467.0
0,20190310.0,일,오정로(부천시계),B-26,유입,오쇠삼거리->외발산사거리,5633.0,37.54318,126.8123,18시,412.0
0,20190310.0,일,오정로(부천시계),B-26,유입,오쇠삼거리->외발산사거리,5633.0,37.54318,126.8123,19시,358.0
0,20190310.0,일,오정로(부천시계),B-26,유입,오쇠삼거리->외발산사거리,5633.0,37.54318,126.8123,20시,296.0
0,20190311.0,월,오정로(부천시계),B-26,유입,오쇠삼거리->외발산사거리,7366.0,37.54318,126.8123,8시,756.0
0,20190311.0,월,오정로(부천시계),B-26,유입,오쇠삼거리->외발산사거리,7366.0,37.54318,126.8123,9시,722.0
0,20190311.0,월,오정로(부천시계),B-26,유입,오쇠삼거리->외발산사거리,7366.0,37.54318,126.8123,10시,627.0
0,20190311.0,월,오정로(부천시계),B-26,유입,오쇠삼거리->외발산사거리,7366.0,37.54318,126.8123,11시,549.0
0,20190311.0,월,오정로(부천시계),B-26,유입,오쇠삼거리->외발산사거리,7366.0,37.54318,126.8123,12시,481.0
0,20190311.0,월,오정로(부천시계),B-26,유입,오쇠삼거리->외발산사거리,7366.0,37.54318,126.8123,13시,506.0
0,20190311.0,월,오정로(부천시계),B-26,유입,오쇠삼거리->외발산사거리,7366.0,37.54318,126.8123,14시,537.0
0,20190311.0,월,오정로(부천시계),B-26,유입,오쇠삼거리->외발산사거리,7366.0,37.54318,126.8123,15시,539.0
0,20190311.0,월,오정로(부천시계),B-26,유입,오쇠삼거리->외발산사거리,7366.0,37.54318,126.8123,16시,533.0
0,20190311.0,월,오정로(부천시계),B-26,유입,오쇠삼거리->외발산사거리,7366.0,37.54318,126.8123,17시,699.0
0,20190311.0,월,오정로(부천시계),B-26,유입,오쇠삼거리->외발산사거리,7366.0,37.54318,126.8123,18시,583.0
0,20190311.0,월,오정로(부천시계),B-26,유입,오쇠삼거리->외발산사거리,7366.0,37.54318,126.8123,19시,467.0
0,20190311.0,월,오정로(부천시계),B-26,유입,오쇠삼거리->외발산사거리,7366.0,37.54318,126.8123,20시,367.0
0,20190312.0,화,오정로(부천시계),B-26,유입,오쇠삼거리->외발산사거리,7496.0,37.54318,126.8123,8시,818.0
0,20190312.0,화,오정로(부천시계),B-26,유입,오쇠삼거리->외발산사거리,7496.0,37.54318,126.8123,9시,776.0
0,20190312.0,화,오정로(부천시계),B-26,유입,오쇠삼거리->외발산사거리,7496.0,37.54318,126.8123,10시,597.0
0,20190312.0,화,오정로(부천시계),B-26,유입,오쇠삼거리->외발산사거리,7496.0,37.54318,126.8123,11시,583.0
0,20190312.0,화,오정로(부천시계),B-26,유입,오쇠삼거리->외발산사거리,7496.0,37.54318,126.8123,12시,440.0
0,20190312.0,화,오정로(부천시계),B-26,유입,오쇠삼거리->외발산사거리,7496.0,37.54318,126.8123,13시,547.0
0,20190312.0,화,오정로(부천시계),B-26,유입,오쇠삼거리->외발산사거리,7496.0,37.54318,126.8123,14시,492.0
0,20190312.0,화,오정로(부천시계),B-26,유입,오쇠삼거리->외발산사거리,7496.0,37.54318,126.8123,15시,500.0
0,20190312.0,화,오정로(부천시계),B-26,유입,오쇠삼거리->외발산사거리,7496.0,37.54318,126.8123,16시,617.0
0,20190312.0,화,오정로(부천시계),B-26,유입,오쇠삼거리->외발산사거리,7496.0,37.54318,126.8123,17시,693.0
0,20190312.0,화,오정로(부천시계),B-26,유입,오쇠삼거리->외발산사거리,7496.0,37.54318,126.8123,18시,587.0
0,20190312.0,화,오정로(부천시계),B-26,유입,오쇠삼거리->외발산사거리,7496.0,37.54318,126.8123,19시,485.0
0,20190312.0,화,오정로(부천시계),B-26,유입,오쇠삼거리->외발산사거리,7496.0,37.54318,126.8123,20시,361.0
0,20190313.0,수,오정로(부천시계),B-26,유입,오쇠삼거리->외발산사거리,7572.0,37.54318,126.8123,8시,825.0
0,20190313.0,수,오정로(부천시계),B-26,유입,오쇠삼거리->외발산사거리,7572.0,37.54318,126.8123,9시,709.0
0,20190313.0,수,오정로(부천시계),B-26,유입,오쇠삼거리->외발산사거리,7572.0,37.54318,126.8123,10시,596.0
0,20190313.0,수,오정로(부천시계),B-26,유입,오쇠삼거리->외발산사거리,7572.0,37.54318,126.8123,11시,624.0
0,20190313.0,수,오정로(부천시계),B-26,유입,오쇠삼거리->외발산사거리,7572.0,37.54318,126.8123,12시,536.0
0,20190313.0,수,오정로(부천시계),B-26,유입,오쇠삼거리->외발산사거리,7572.0,37.54318,126.8123,13시,527.0
0,20190313.0,수,오정로(부천시계),B-26,유입,오쇠삼거리->외발산사거리,7572.0,37.54318,126.8123,14시,505.0
0,20190313.0,수,오정로(부천시계),B-26,유입,오쇠삼거리->외발산사거리,7572.0,37.54318,126.8123,15시,533.0
0,20190313.0,수,오정로(부천시계),B-26,유입,오쇠삼거리->외발산사거리,7572.0,37.54318,126.8123,16시,549.0
0,20190313.0,수,오정로(부천시계),B-26,유입,오쇠삼거리->외발산사거리,7572.0,37.54318,126.8123,17시,730.0
0,20190313.0,수,오정로(부천시계),B-26,유입,오쇠삼거리->외발산사거리,7572.0,37.54318,126.8123,18시,539.0
0,20190313.0,수,오정로(부천시계),B-26,유입,오쇠삼거리->외발산사거리,7572.0,37.54318,126.8123,19시,480.0
0,20190313.0,수,오정로(부천시계),B-26,유입,오쇠삼거리->외발산사거리,7572.0,37.54318,126.8123,20시,419.0
0,20190314.0,목,오정로(부천시계),B-26,유입,오쇠삼거리->외발산사거리,7625.0,37.54318,126.8123,8시,852.0
0,20190314.0,목,오정로(부천시계),B-26,유입,오쇠삼거리->외발산사거리,7625.0,37.54318,126.8123,9시,736.0
0,20190314.0,목,오정로(부천시계),B-26,유입,오쇠삼거리->외발산사거리,7625.0,37.54318,126.8123,10시,634.0
0,20190314.0,목,오정로(부천시계),B-26,유입,오쇠삼거리->외발산사거리,7625.0,37.54318,126.8123,11시,622.0
0,20190314.0,목,오정로(부천시계),B-26,유입,오쇠삼거리->외발산사거리,7625.0,37.54318,126.8123,12시,536.0
0,20190314.0,목,오정로(부천시계),B-26,유입,오쇠삼거리->외발산사거리,7625.0,37.54318,126.8123,13시,570.0
0,20190314.0,목,오정로(부천시계),B-26,유입,오쇠삼거리->외발산사거리,7625.0,37.54318,126.8123,14시,534.0
0,20190314.0,목,오정로(부천시계),B-26,유입,오쇠삼거리->외발산사거리,7625.0,37.54318,126.8123,15시,527.0
0,20190314.0,목,오정로(부천시계),B-26,유입,오쇠삼거리->외발산사거리,7625.0,37.54318,126.8123,16시,539.0
0,20190314.0,목,오정로(부천시계),B-26,유입,오쇠삼거리->외발산사거리,7625.0,37.54318,126.8123,17시,708.0
0,20190314.0,목,오정로(부천시계),B-26,유입,오쇠삼거리->외발산사거리,7625.0,37.54318,126.8123,18시,570.0
0,20190314.0,목,오정로(부천시계),B-26,유입,오쇠삼거리->외발산사거리,7625.0,37.54318,126.8123,19시,435.0
0,20190314.0,목,오정로(부천시계),B-26,유입,오쇠삼거리->외발산사거리,7625.0,37.54318,126.8123,20시,362.0
0,20190315.0,금,오정로(부천시계),B-26,유입,오쇠삼거리->외발산사거리,7660.0,37.54318,126.8123,8시,811.0
0,20190315.0,금,오정로(부천시계),B-26,유입,오쇠삼거리->외발산사거리,7660.0,37.54318,126.8123,9시,716.0
0,20190315.0,금,오정로(부천시계),B-26,유입,오쇠삼거리->외발산사거리,7660.0,37.54318,126.8123,10시,583.0
0,20190315.0,금,오정로(부천시계),B-26,유입,오쇠삼거리->외발산사거리,7660.0,37.54318,126.8123,11시,633.0
0,20190315.0,금,오정로(부천시계),B-26,유입,오쇠삼거리->외발산사거리,7660.0,37.54318,126.8123,12시,576.0
0,20190315.0,금,오정로(부천시계),B-26,유입,오쇠삼거리->외발산사거리,7660.0,37.54318,126.8123,13시,552.0
0,20190315.0,금,오정로(부천시계),B-26,유입,오쇠삼거리->외발산사거리,7660.0,37.54318,126.8123,14시,508.0
0,20190315.0,금,오정로(부천시계),B-26,유입,오쇠삼거리->외발산사거리,7660.0,37.54318,126.8123,15시,583.0
0,20190315.0,금,오정로(부천시계),B-26,유입,오쇠삼거리->외발산사거리,7660.0,37.54318,126.8123,16시,525.0
0,20190315.0,금,오정로(부천시계),B-26,유입,오쇠삼거리->외발산사거리,7660.0,37.54318,126.8123,17시,764.0
0,20190315.0,금,오정로(부천시계),B-26,유입,오쇠삼거리->외발산사거리,7660.0,37.54318,126.8123,18시,567.0
0,20190315.0,금,오정로(부천시계),B-26,유입,오쇠삼거리->외발산사거리,7660.0,37.54318,126.8123,19시,480.0
0,20190315.0,금,오정로(부천시계),B-26,유입,오쇠삼거리->외발산사거리,7660.0,37.54318,126.8123,20시,362.0
0,20190316.0,토,오정로(부천시계),B-26,유입,오쇠삼거리->외발산사거리,7253.0,37.54318,126.8123,8시,513.0
0,20190316.0,토,오정로(부천시계),B-26,유입,오쇠삼거리->외발산사거리,7253.0,37.54318,126.8123,9시,572.0
0,20190316.0,토,오정로(부천시계),B-26,유입,오쇠삼거리->외발산사거리,7253.0,37.54318,126.8123,10시,596.0
0,20190316.0,토,오정로(부천시계),B-26,유입,오쇠삼거리->외발산사거리,7253.0,37.54318,126.8123,11시,648.0
0,20190316.0,토,오정로(부천시계),B-26,유입,오쇠삼거리->외발산사거리,7253.0,37.54318,126.8123,12시,658.0
0,20190316.0,토,오정로(부천시계),B-26,유입,오쇠삼거리->외발산사거리,7253.0,37.54318,126.8123,13시,604.0
0,20190316.0,토,오정로(부천시계),B-26,유입,오쇠삼거리->외발산사거리,7253.0,37.54318,126.8123,14시,651.0
0,20190316.0,토,오정로(부천시계),B-26,유입,오쇠삼거리->외발산사거리,7253.0,37.54318,126.8123,15시,635.0
0,20190316.0,토,오정로(부천시계),B-26,유입,오쇠삼거리->외발산사거리,7253.0,37.54318,126.8123,16시,591.0
0,20190316.0,토,오정로(부천시계),B-26,유입,오쇠삼거리->외발산사거리,7253.0,37.54318,126.8123,17시,600.0
0,20190316.0,토,오정로(부천시계),B-26,유입,오쇠삼거리->외발산사거리,7253.0,37.54318,126.8123,18시,489.0
0,20190316.0,토,오정로(부천시계),B-26,유입,오쇠삼거리->외발산사거리,7253.0,37.54318,126.8123,19시,388.0
0,20190316.0,토,오정로(부천시계),B-26,유입,오쇠삼거리->외발산사거리,7253.0,37.54318,126.8123,20시,308.0
0,20190317.0,일,오정로(부천시계),B-26,유입,오쇠삼거리->외발산사거리,5963.0,37.54318,126.8123,8시,333.0
0,20190317.0,일,오정로(부천시계),B-26,유입,오쇠삼거리->외발산사거리,5963.0,37.54318,126.8123,9시,438.0
0,20190317.0,일,오정로(부천시계),B-26,유입,오쇠삼거리->외발산사거리,5963.0,37.54318,126.8123,10시,442.0
0,20190317.0,일,오정로(부천시계),B-26,유입,오쇠삼거리->외발산사거리,5963.0,37.54318,126.8123,11시,434.0
0,20190317.0,일,오정로(부천시계),B-26,유입,오쇠삼거리->외발산사거리,5963.0,37.54318,126.8123,12시,507.0
0,20190317.0,일,오정로(부천시계),B-26,유입,오쇠삼거리->외발산사거리,5963.0,37.54318,126.8123,13시,554.0
0,20190317.0,일,오정로(부천시계),B-26,유입,오쇠삼거리->외발산사거리,5963.0,37.54318,126.8123,14시,567.0
0,20190317.0,일,오정로(부천시계),B-26,유입,오쇠삼거리->외발산사거리,5963.0,37.54318,126.8123,15시,523.0
0,20190317.0,일,오정로(부천시계),B-26,유입,오쇠삼거리->외발산사거리,5963.0,37.54318,126.8123,16시,513.0
0,20190317.0,일,오정로(부천시계),B-26,유입,오쇠삼거리->외발산사거리,5963.0,37.54318,126.8123,17시,504.0
0,20190317.0,일,오정로(부천시계),B-26,유입,오쇠삼거리->외발산사거리,5963.0,37.54318,126.8123,18시,445.0
0,20190317.0,일,오정로(부천시계),B-26,유입,오쇠삼거리->외발산사거리,5963.0,37.54318,126.8123,19시,423.0
0,20190317.0,일,오정로(부천시계),B-26,유입,오쇠삼거리->외발산사거리,5963.0,37.54318,126.8123,20시,280.0
0,20190318.0,월,오정로(부천시계),B-26,유입,오쇠삼거리->외발산사거리,7644.0,37.54318,126.8123,8시,799.0
0,20190318.0,월,오정로(부천시계),B-26,유입,오쇠삼거리->외발산사거리,7644.0,37.54318,126.8123,9시,743.0
0,20190318.0,월,오정로(부천시계),B-26,유입,오쇠삼거리->외발산사거리,7644.0,37.54318,126.8123,10시,614.0
0,20190318.0,월,오정로(부천시계),B-26,유입,오쇠삼거리->외발산사거리,7644.0,37.54318,126.8123,11시,594.0
0,20190318.0,월,오정로(부천시계),B-26,유입,오쇠삼거리->외발산사거리,7644.0,37.54318,126.8123,12시,509.0
0,20190318.0,월,오정로(부천시계),B-26,유입,오쇠삼거리->외발산사거리,7644.0,37.54318,126.8123,13시,506.0
0,20190318.0,월,오정로(부천시계),B-26,유입,오쇠삼거리->외발산사거리,7644.0,37.54318,126.8123,14시,559.0
0,20190318.0,월,오정로(부천시계),B-26,유입,오쇠삼거리->외발산사거리,7644.0,37.54318,126.8123,15시,530.0
0,20190318.0,월,오정로(부천시계),B-26,유입,오쇠삼거리->외발산사거리,7644.0,37.54318,126.8123,16시,575.0
0,20190318.0,월,오정로(부천시계),B-26,유입,오쇠삼거리->외발산사거리,7644.0,37.54318,126.8123,17시,690.0
0,20190318.0,월,오정로(부천시계),B-26,유입,오쇠삼거리->외발산사거리,7644.0,37.54318,126.8123,18시,580.0
0,20190318.0,월,오정로(부천시계),B-26,유입,오쇠삼거리->외발산사거리,7644.0,37.54318,126.8123,19시,543.0
0,20190318.0,월,오정로(부천시계),B-26,유입,오쇠삼거리->외발산사거리,7644.0,37.54318,126.8123,20시,402.0
0,20190319.0,화,오정로(부천시계),B-26,유입,오쇠삼거리->외발산사거리,7490.0,37.54318,126.8123,8시,777.0
0,20190319.0,화,오정로(부천시계),B-26,유입,오쇠삼거리->외발산사거리,7490.0,37.54318,126.8123,9시,714.0
0,20190319.0,화,오정로(부천시계),B-26,유입,오쇠삼거리->외발산사거리,7490.0,37.54318,126.8123,10시,616.0
0,20190319.0,화,오정로(부천시계),B-26,유입,오쇠삼거리->외발산사거리,7490.0,37.54318,126.8123,11시,584.0
0,20190319.0,화,오정로(부천시계),B-26,유입,오쇠삼거리->외발산사거리,7490.0,37.54318,126.8123,12시,523.0
0,20190319.0,화,오정로(부천시계),B-26,유입,오쇠삼거리->외발산사거리,7490.0,37.54318,126.8123,13시,517.0
0,20190319.0,화,오정로(부천시계),B-26,유입,오쇠삼거리->외발산사거리,7490.0,37.54318,126.8123,14시,542.0
0,20190319.0,화,오정로(부천시계),B-26,유입,오쇠삼거리->외발산사거리,7490.0,37.54318,126.8123,15시,505.0
0,20190319.0,화,오정로(부천시계),B-26,유입,오쇠삼거리->외발산사거리,7490.0,37.54318,126.8123,16시,575.0
0,20190319.0,화,오정로(부천시계),B-26,유입,오쇠삼거리->외발산사거리,7490.0,37.54318,126.8123,17시,711.0
0,20190319.0,화,오정로(부천시계),B-26,유입,오쇠삼거리->외발산사거리,7490.0,37.54318,126.8123,18시,591.0
0,20190319.0,화,오정로(부천시계),B-26,유입,오쇠삼거리->외발산사거리,7490.0,37.54318,126.8123,19시,496.0
0,20190319.0,화,오정로(부천시계),B-26,유입,오쇠삼거리->외발산사거리,7490.0,37.54318,126.8123,20시,339.0
0,20190320.0,수,오정로(부천시계),B-26,유입,오쇠삼거리->외발산사거리,7362.0,37.54318,126.8123,8시,782.0
0,20190320.0,수,오정로(부천시계),B-26,유입,오쇠삼거리->외발산사거리,7362.0,37.54318,126.8123,9시,714.0
0,20190320.0,수,오정로(부천시계),B-26,유입,오쇠삼거리->외발산사거리,7362.0,37.54318,126.8123,10시,595.0
0,20190320.0,수,오정로(부천시계),B-26,유입,오쇠삼거리->외발산사거리,7362.0,37.54318,126.8123,11시,595.0
0,20190320.0,수,오정로(부천시계),B-26,유입,오쇠삼거리->외발산사거리,7362.0,37.54318,126.8123,12시,532.0
0,20190320.0,수,오정로(부천시계),B-26,유입,오쇠삼거리->외발산사거리,7362.0,37.54318,126.8123,13시,531.0
0,20190320.0,수,오정로(부천시계),B-26,유입,오쇠삼거리->외발산사거리,7362.0,37.54318,126.8123,14시,514.0
0,20190320.0,수,오정로(부천시계),B-26,유입,오쇠삼거리->외발산사거리,7362.0,37.54318,126.8123,15시,507.0
0,20190320.0,수,오정로(부천시계),B-26,유입,오쇠삼거리->외발산사거리,7362.0,37.54318,126.8123,16시,499.0
0,20190320.0,수,오정로(부천시계),B-26,유입,오쇠삼거리->외발산사거리,7362.0,37.54318,126.8123,17시,704.0
0,20190320.0,수,오정로(부천시계),B-26,유입,오쇠삼거리->외발산사거리,7362.0,37.54318,126.8123,18시,554.0
0,20190320.0,수,오정로(부천시계),B-26,유입,오쇠삼거리->외발산사거리,7362.0,37.54318,126.8123,19시,464.0
0,20190320.0,수,오정로(부천시계),B-26,유입,오쇠삼거리->외발산사거리,7362.0,37.54318,126.8123,20시,371.0
0,20190321.0,목,오정로(부천시계),B-26,유입,오쇠삼거리->외발산사거리,7380.0,37.54318,126.8123,8시,810.0
0,20190321.0,목,오정로(부천시계),B-26,유입,오쇠삼거리->외발산사거리,7380.0,37.54318,126.8123,9시,687.0
0,20190321.0,목,오정로(부천시계),B-26,유입,오쇠삼거리->외발산사거리,7380.0,37.54318,126.8123,10시,579.0
0,20190321.0,목,오정로(부천시계),B-26,유입,오쇠삼거리->외발산사거리,7380.0,37.54318,126.8123,11시,581.0
0,20190321.0,목,오정로(부천시계),B-26,유입,오쇠삼거리->외발산사거리,7380.0,37.54318,126.8123,12시,518.0
0,20190321.0,목,오정로(부천시계),B-26,유입,오쇠삼거리->외발산사거리,7380.0,37.54318,126.8123,13시,485.0
0,20190321.0,목,오정로(부천시계),B-26,유입,오쇠삼거리->외발산사거리,7380.0,37.54318,126.8123,14시,535.0
0,20190321.0,목,오정로(부천시계),B-26,유입,오쇠삼거리->외발산사거리,7380.0,37.54318,126.8123,15시,525.0
0,20190321.0,목,오정로(부천시계),B-26,유입,오쇠삼거리->외발산사거리,7380.0,37.54318,126.8123,16시,562.0
0,20190321.0,목,오정로(부천시계),B-26,유입,오쇠삼거리->외발산사거리,7380.0,37.54318,126.8123,17시,696.0
0,20190321.0,목,오정로(부천시계),B-26,유입,오쇠삼거리->외발산사거리,7380.0,37.54318,126.8123,18시,585.0
0,20190321.0,목,오정로(부천시계),B-26,유입,오쇠삼거리->외발산사거리,7380.0,37.54318,126.8123,19시,451.0
0,20190321.0,목,오정로(부천시계),B-26,유입,오쇠삼거리->외발산사거리,7380.0,37.54318,126.8123,20시,366.0
0,20190322.0,금,오정로(부천시계),B-26,유입,오쇠삼거리->외발산사거리,7797.0,37.54318,126.8123,8시,890.0
0,20190322.0,금,오정로(부천시계),B-26,유입,오쇠삼거리->외발산사거리,7797.0,37.54318,126.8123,9시,671.0
0,20190322.0,금,오정로(부천시계),B-26,유입,오쇠삼거리->외발산사거리,7797.0,37.54318,126.8123,10시,591.0
0,20190322.0,금,오정로(부천시계),B-26,유입,오쇠삼거리->외발산사거리,7797.0,37.54318,126.8123,11시,557.0
0,20190322.0,금,오정로(부천시계),B-26,유입,오쇠삼거리->외발산사거리,7797.0,37.54318,126.8123,12시,570.0
0,20190322.0,금,오정로(부천시계),B-26,유입,오쇠삼거리->외발산사거리,7797.0,37.54318,126.8123,13시,574.0
0,20190322.0,금,오정로(부천시계),B-26,유입,오쇠삼거리->외발산사거리,7797.0,37.54318,126.8123,14시,533.0
0,20190322.0,금,오정로(부천시계),B-26,유입,오쇠삼거리->외발산사거리,7797.0,37.54318,126.8123,15시,560.0
0,20190322.0,금,오정로(부천시계),B-26,유입,오쇠삼거리->외발산사거리,7797.0,37.54318,126.8123,16시,585.0
0,20190322.0,금,오정로(부천시계),B-26,유입,오쇠삼거리->외발산사거리,7797.0,37.54318,126.8123,17시,770.0
0,20190322.0,금,오정로(부천시계),B-26,유입,오쇠삼거리->외발산사거리,7797.0,37.54318,126.8123,18시,600.0
0,20190322.0,금,오정로(부천시계),B-26,유입,오쇠삼거리->외발산사거리,7797.0,37.54318,126.8123,19시,498.0
0,20190322.0,금,오정로(부천시계),B-26,유입,오쇠삼거리->외발산사거리,7797.0,37.54318,126.8123,20시,398.0
0,20190323.0,토,오정로(부천시계),B-26,유입,오쇠삼거리->외발산사거리,7107.0,37.54318,126.8123,8시,519.0
0,20190323.0,토,오정로(부천시계),B-26,유입,오쇠삼거리->외발산사거리,7107.0,37.54318,126.8123,9시,590.0
0,20190323.0,토,오정로(부천시계),B-26,유입,오쇠삼거리->외발산사거리,7107.0,37.54318,126.8123,10시,657.0
0,20190323.0,토,오정로(부천시계),B-26,유입,오쇠삼거리->외발산사거리,7107.0,37.54318,126.8123,11시,600.0
0,20190323.0,토,오정로(부천시계),B-26,유입,오쇠삼거리->외발산사거리,7107.0,37.54318,126.8123,12시,665.0
0,20190323.0,토,오정로(부천시계),B-26,유입,오쇠삼거리->외발산사거리,7107.0,37.54318,126.8123,13시,638.0
0,20190323.0,토,오정로(부천시계),B-26,유입,오쇠삼거리->외발산사거리,7107.0,37.54318,126.8123,14시,573.0
0,20190323.0,토,오정로(부천시계),B-26,유입,오쇠삼거리->외발산사거리,7107.0,37.54318,126.8123,15시,560.0
0,20190323.0,토,오정로(부천시계),B-26,유입,오쇠삼거리->외발산사거리,7107.0,37.54318,126.8123,16시,546.0
0,20190323.0,토,오정로(부천시계),B-26,유입,오쇠삼거리->외발산사거리,7107.0,37.54318,126.8123,17시,594.0
0,20190323.0,토,오정로(부천시계),B-26,유입,오쇠삼거리->외발산사거리,7107.0,37.54318,126.8123,18시,471.0
0,20190323.0,토,오정로(부천시계),B-26,유입,오쇠삼거리->외발산사거리,7107.0,37.54318,126.8123,19시,397.0
0,20190323.0,토,오정로(부천시계),B-26,유입,오쇠삼거리->외발산사거리,7107.0,37.54318,126.8123,20시,297.0
0,20190324.0,일,오정로(부천시계),B-26,유입,오쇠삼거리->외발산사거리,6186.0,37.54318,126.8123,8시,327.0
0,20190324.0,일,오정로(부천시계),B-26,유입,오쇠삼거리->외발산사거리,6186.0,37.54318,126.8123,9시,415.0
0,20190324.0,일,오정로(부천시계),B-26,유입,오쇠삼거리->외발산사거리,6186.0,37.54318,126.8123,10시,443.0
0,20190324.0,일,오정로(부천시계),B-26,유입,오쇠삼거리->외발산사거리,6186.0,37.54318,126.8123,11시,534.0
0,20190324.0,일,오정로(부천시계),B-26,유입,오쇠삼거리->외발산사거리,6186.0,37.54318,126.8123,12시,579.0
0,20190324.0,일,오정로(부천시계),B-26,유입,오쇠삼거리->외발산사거리,6186.0,37.54318,126.8123,13시,523.0
0,20190324.0,일,오정로(부천시계),B-26,유입,오쇠삼거리->외발산사거리,6186.0,37.54318,126.8123,14시,615.0
0,20190324.0,일,오정로(부천시계),B-26,유입,오쇠삼거리->외발산사거리,6186.0,37.54318,126.8123,15시,563.0
0,20190324.0,일,오정로(부천시계),B-26,유입,오쇠삼거리->외발산사거리,6186.0,37.54318,126.8123,16시,484.0
0,20190324.0,일,오정로(부천시계),B-26,유입,오쇠삼거리->외발산사거리,6186.0,37.54318,126.8123,17시,547.0
0,20190324.0,일,오정로(부천시계),B-26,유입,오쇠삼거리->외발산사거리,6186.0,37.54318,126.8123,18시,446.0
0,20190324.0,일,오정로(부천시계),B-26,유입,오쇠삼거리->외발산사거리,6186.0,37.54318,126.8123,19시,387.0
0,20190324.0,일,오정로(부천시계),B-26,유입,오쇠삼거리->외발산사거리,6186.0,37.54318,126.8123,20시,323.0
0,20190325.0,월,오정로(부천시계),B-26,유입,오쇠삼거리->외발산사거리,7535.0,37.54318,126.8123,8시,778.0
0,20190325.0,월,오정로(부천시계),B-26,유입,오쇠삼거리->외발산사거리,7535.0,37.54318,126.8123,9시,703.0
0,20190325.0,월,오정로(부천시계),B-26,유입,오쇠삼거리->외발산사거리,7535.0,37.54318,126.8123,10시,620.0
0,20190325.0,월,오정로(부천시계),B-26,유입,오쇠삼거리->외발산사거리,7535.0,37.54318,126.8123,11시,631.0
0,20190325.0,월,오정로(부천시계),B-26,유입,오쇠삼거리->외발산사거리,7535.0,37.54318,126.8123,12시,531.0
0,20190325.0,월,오정로(부천시계),B-26,유입,오쇠삼거리->외발산사거리,7535.0,37.54318,126.8123,13시,524.0
0,20190325.0,월,오정로(부천시계),B-26,유입,오쇠삼거리->외발산사거리,7535.0,37.54318,126.8123,14시,509.0
0,20190325.0,월,오정로(부천시계),B-26,유입,오쇠삼거리->외발산사거리,7535.0,37.54318,126.8123,15시,569.0
0,20190325.0,월,오정로(부천시계),B-26,유입,오쇠삼거리->외발산사거리,7535.0,37.54318,126.8123,16시,547.0
0,20190325.0,월,오정로(부천시계),B-26,유입,오쇠삼거리->외발산사거리,7535.0,37.54318,126.8123,17시,693.0
0,20190325.0,월,오정로(부천시계),B-26,유입,오쇠삼거리->외발산사거리,7535.0,37.54318,126.8123,18시,571.0
0,20190325.0,월,오정로(부천시계),B-26,유입,오쇠삼거리->외발산사거리,7535.0,37.54318,126.8123,19시,464.0
0,20190325.0,월,오정로(부천시계),B-26,유입,오쇠삼거리->외발산사거리,7535.0,37.54318,126.8123,20시,395.0
0,20190326.0,화,오정로(부천시계),B-26,유입,오쇠삼거리->외발산사거리,7780.0,37.54318,126.8123,8시,830.0
0,20190326.0,화,오정로(부천시계),B-26,유입,오쇠삼거리->외발산사거리,7780.0,37.54318,126.8123,9시,695.0
0,20190326.0,화,오정로(부천시계),B-26,유입,오쇠삼거리->외발산사거리,7780.0,37.54318,126.8123,10시,643.0
0,20190326.0,화,오정로(부천시계),B-26,유입,오쇠삼거리->외발산사거리,7780.0,37.54318,126.8123,11시,635.0
0,20190326.0,화,오정로(부천시계),B-26,유입,오쇠삼거리->외발산사거리,7780.0,37.54318,126.8123,12시,535.0
0,20190326.0,화,오정로(부천시계),B-26,유입,오쇠삼거리->외발산사거리,7780.0,37.54318,126.8123,13시,541.0
0,20190326.0,화,오정로(부천시계),B-26,유입,오쇠삼거리->외발산사거리,7780.0,37.54318,126.8123,14시,590.0
0,20190326.0,화,오정로(부천시계),B-26,유입,오쇠삼거리->외발산사거리,7780.0,37.54318,126.8123,15시,540.0
0,20190326.0,화,오정로(부천시계),B-26,유입,오쇠삼거리->외발산사거리,7780.0,37.54318,126.8123,16시,600.0
0,20190326.0,화,오정로(부천시계),B-26,유입,오쇠삼거리->외발산사거리,7780.0,37.54318,126.8123,17시,707.0
0,20190326.0,화,오정로(부천시계),B-26,유입,오쇠삼거리->외발산사거리,7780.0,37.54318,126.8123,18시,563.0
0,20190326.0,화,오정로(부천시계),B-26,유입,오쇠삼거리->외발산사거리,7780.0,37.54318,126.8123,19시,532.0
0,20190326.0,화,오정로(부천시계),B-26,유입,오쇠삼거리->외발산사거리,7780.0,37.54318,126.8123,20시,369.0
0,20190327.0,수,오정로(부천시계),B-26,유입,오쇠삼거리->외발산사거리,7705.0,37.54318,126.8123,8시,795.0
0,20190327.0,수,오정로(부천시계),B-26,유입,오쇠삼거리->외발산사거리,7705.0,37.54318,126.8123,9시,730.0
0,20190327.0,수,오정로(부천시계),B-26,유입,오쇠삼거리->외발산사거리,7705.0,37.54318,126.8123,10시,589.0
0,20190327.0,수,오정로(부천시계),B-26,유입,오쇠삼거리->외발산사거리,7705.0,37.54318,126.8123,11시,569.0
0,20190327.0,수,오정로(부천시계),B-26,유입,오쇠삼거리->외발산사거리,7705.0,37.54318,126.8123,12시,574.0
0,20190327.0,수,오정로(부천시계),B-26,유입,오쇠삼거리->외발산사거리,7705.0,37.54318,126.8123,13시,540.0
0,20190327.0,수,오정로(부천시계),B-26,유입,오쇠삼거리->외발산사거리,7705.0,37.54318,126.8123,14시,555.0
0,20190327.0,수,오정로(부천시계),B-26,유입,오쇠삼거리->외발산사거리,7705.0,37.54318,126.8123,15시,566.0
0,20190327.0,수,오정로(부천시계),B-26,유입,오쇠삼거리->외발산사거리,7705.0,37.54318,126.8123,16시,591.0
0,20190327.0,수,오정로(부천시계),B-26,유입,오쇠삼거리->외발산사거리,7705.0,37.54318,126.8123,17시,765.0
0,20190327.0,수,오정로(부천시계),B-26,유입,오쇠삼거리->외발산사거리,7705.0,37.54318,126.8123,18시,554.0
0,20190327.0,수,오정로(부천시계),B-26,유입,오쇠삼거리->외발산사거리,7705.0,37.54318,126.8123,19시,481.0
0,20190327.0,수,오정로(부천시계),B-26,유입,오쇠삼거리->외발산사거리,7705.0,37.54318,126.8123,20시,396.0
0,20190328.0,목,오정로(부천시계),B-26,유입,오쇠삼거리->외발산사거리,7574.0,37.54318,126.8123,8시,792.0
0,20190328.0,목,오정로(부천시계),B-26,유입,오쇠삼거리->외발산사거리,7574.0,37.54318,126.8123,9시,682.0
0,20190328.0,목,오정로(부천시계),B-26,유입,오쇠삼거리->외발산사거리,7574.0,37.54318,126.8123,10시,586.0
0,20190328.0,목,오정로(부천시계),B-26,유입,오쇠삼거리->외발산사거리,7574.0,37.54318,126.8123,11시,645.0
0,20190328.0,목,오정로(부천시계),B-26,유입,오쇠삼거리->외발산사거리,7574.0,37.54318,126.8123,12시,528.0
0,20190328.0,목,오정로(부천시계),B-26,유입,오쇠삼거리->외발산사거리,7574.0,37.54318,126.8123,13시,556.0
0,20190328.0,목,오정로(부천시계),B-26,유입,오쇠삼거리->외발산사거리,7574.0,37.54318,126.8123,14시,542.0
0,20190328.0,목,오정로(부천시계),B-26,유입,오쇠삼거리->외발산사거리,7574.0,37.54318,126.8123,15시,533.0
0,20190328.0,목,오정로(부천시계),B-26,유입,오쇠삼거리->외발산사거리,7574.0,37.54318,126.8123,16시,594.0
0,20190328.0,목,오정로(부천시계),B-26,유입,오쇠삼거리->외발산사거리,7574.0,37.54318,126.8123,17시,727.0
0,20190328.0,목,오정로(부천시계),B-26,유입,오쇠삼거리->외발산사거리,7574.0,37.54318,126.8123,18시,526.0
0,20190328.0,목,오정로(부천시계),B-26,유입,오쇠삼거리->외발산사거리,7574.0,37.54318,126.8123,19시,494.0
0,20190328.0,목,오정로(부천시계),B-26,유입,오쇠삼거리->외발산사거리,7574.0,37.54318,126.8123,20시,369.0
0,20190329.0,금,오정로(부천시계),B-26,유입,오쇠삼거리->외발산사거리,7877.0,37.54318,126.8123,8시,800.0
0,20190329.0,금,오정로(부천시계),B-26,유입,오쇠삼거리->외발산사거리,7877.0,37.54318,126.8123,9시,722.0
0,20190329.0,금,오정로(부천시계),B-26,유입,오쇠삼거리->외발산사거리,7877.0,37.54318,126.8123,10시,665.0
0,20190329.0,금,오정로(부천시계),B-26,유입,오쇠삼거리->외발산사거리,7877.0,37.54318,126.8123,11시,619.0
0,20190329.0,금,오정로(부천시계),B-26,유입,오쇠삼거리->외발산사거리,7877.0,37.54318,126.8123,12시,550.0
0,20190329.0,금,오정로(부천시계),B-26,유입,오쇠삼거리->외발산사거리,7877.0,37.54318,126.8123,13시,538.0
0,20190329.0,금,오정로(부천시계),B-26,유입,오쇠삼거리->외발산사거리,7877.0,37.54318,126.8123,14시,537.0
0,20190329.0,금,오정로(부천시계),B-26,유입,오쇠삼거리->외발산사거리,7877.0,37.54318,126.8123,15시,557.0
0,20190329.0,금,오정로(부천시계),B-26,유입,오쇠삼거리->외발산사거리,7877.0,37.54318,126.8123,16시,581.0
0,20190329.0,금,오정로(부천시계),B-26,유입,오쇠삼거리->외발산사거리,7877.0,37.54318,126.8123,17시,747.0
0,20190329.0,금,오정로(부천시계),B-26,유입,오쇠삼거리->외발산사거리,7877.0,37.54318,126.8123,18시,581.0
0,20190329.0,금,오정로(부천시계),B-26,유입,오쇠삼거리->외발산사거리,7877.0,37.54318,126.8123,19시,569.0
0,20190329.0,금,오정로(부천시계),B-26,유입,오쇠삼거리->외발산사거리,7877.0,37.54318,126.8123,20시,411.0
0,20190330.0,토,오정로(부천시계),B-26,유입,오쇠삼거리->외발산사거리,7536.0,37.54318,126.8123,8시,530.0
0,20190330.0,토,오정로(부천시계),B-26,유입,오쇠삼거리->외발산사거리,7536.0,37.54318,126.8123,9시,617.0
0,20190330.0,토,오정로(부천시계),B-26,유입,오쇠삼거리->외발산사거리,7536.0,37.54318,126.8123,10시,611.0
0,20190330.0,토,오정로(부천시계),B-26,유입,오쇠삼거리->외발산사거리,7536.0,37.54318,126.8123,11시,679.0
0,20190330.0,토,오정로(부천시계),B-26,유입,오쇠삼거리->외발산사거리,7536.0,37.54318,126.8123,12시,686.0
0,20190330.0,토,오정로(부천시계),B-26,유입,오쇠삼거리->외발산사거리,7536.0,37.54318,126.8123,13시,726.0
0,20190330.0,토,오정로(부천시계),B-26,유입,오쇠삼거리->외발산사거리,7536.0,37.54318,126.8123,14시,717.0
0,20190330.0,토,오정로(부천시계),B-26,유입,오쇠삼거리->외발산사거리,7536.0,37.54318,126.8123,15시,647.0
0,20190330.0,토,오정로(부천시계),B-26,유입,오쇠삼거리->외발산사거리,7536.0,37.54318,126.8123,16시,580.0
0,20190330.0,토,오정로(부천시계),B-26,유입,오쇠삼거리->외발산사거리,7536.0,37.54318,126.8123,17시,556.0
0,20190330.0,토,오정로(부천시계),B-26,유입,오쇠삼거리->외발산사거리,7536.0,37.54318,126.8123,18시,499.0
0,20190330.0,토,오정로(부천시계),B-26,유입,오쇠삼거리->외발산사거리,7536.0,37.54318,126.8123,19시,364.0
0,20190330.0,토,오정로(부천시계),B-26,유입,오쇠삼거리->외발산사거리,7536.0,37.54318,126.8123,20시,324.0
0,20190331.0,일,오정로(부천시계),B-26,유입,오쇠삼거리->외발산사거리,5988.0,37.54318,126.8123,8시,354.0
0,20190331.0,일,오정로(부천시계),B-26,유입,오쇠삼거리->외발산사거리,5988.0,37.54318,126.8123,9시,442.0
0,20190331.0,일,오정로(부천시계),B-26,유입,오쇠삼거리->외발산사거리,5988.0,37.54318,126.8123,10시,487.0
0,20190331.0,일,오정로(부천시계),B-26,유입,오쇠삼거리->외발산사거리,5988.0,37.54318,126.8123,11시,480.0
0,20190331.0,일,오정로(부천시계),B-26,유입,오쇠삼거리->외발산사거리,5988.0,37.54318,126.8123,12시,513.0
0,20190331.0,일,오정로(부천시계),B-26,유입,오쇠삼거리->외발산사거리,5988.0,37.54318,126.8123,13시,585.0
0,20190331.0,일,오정로(부천시계),B-26,유입,오쇠삼거리->외발산사거리,5988.0,37.54318,126.8123,14시,527.0
0,20190331.0,일,오정로(부천시계),B-26,유입,오쇠삼거리->외발산사거리,5988.0,37.54318,126.8123,15시,504.0
0,20190331.0,일,오정로(부천시계),B-26,유입,오쇠삼거리->외발산사거리,5988.0,37.54318,126.8123,16시,496.0
0,20190331.0,일,오정로(부천시계),B-26,유입,오쇠삼거리->외발산사거리,5988.0,37.54318,126.8123,17시,507.0
0,20190331.0,일,오정로(부천시계),B-26,유입,오쇠삼거리->외발산사거리,5988.0,37.54318,126.8123,18시,430.0
0,20190331.0,일,오정로(부천시계),B-26,유입,오쇠삼거리->외발산사거리,5988.0,37.54318,126.8123,19시,352.0
0,20190331.0,일,오정로(부천시계),B-26,유입,오쇠삼거리->외발산사거리,5988.0,37.54318,126.8123,20시,311.0
0,20190301.0,금,오정로(부천시계),B-26,유출,외발산사거리->오쇠삼거리,8789.0,37.54318,126.8123,8시,486.0
0,20190301.0,금,오정로(부천시계),B-26,유출,외발산사거리->오쇠삼거리,8789.0,37.54318,126.8123,9시,557.0
0,20190301.0,금,오정로(부천시계),B-26,유출,외발산사거리->오쇠삼거리,8789.0,37.54318,126.8123,10시,523.0
0,20190301.0,금,오정로(부천시계),B-26,유출,외발산사거리->오쇠삼거리,8789.0,37.54318,126.8123,11시,618.0
0,20190301.0,금,오정로(부천시계),B-26,유출,외발산사거리->오쇠삼거리,8789.0,37.54318,126.8123,12시,566.0
0,20190301.0,금,오정로(부천시계),B-26,유출,외발산사거리->오쇠삼거리,8789.0,37.54318,126.8123,13시,611.0
0,20190301.0,금,오정로(부천시계),B-26,유출,외발산사거리->오쇠삼거리,8789.0,37.54318,126.8123,14시,664.0
0,20190301.0,금,오정로(부천시계),B-26,유출,외발산사거리->오쇠삼거리,8789.0,37.54318,126.8123,15시,794.0
0,20190301.0,금,오정로(부천시계),B-26,유출,외발산사거리->오쇠삼거리,8789.0,37.54318,126.8123,16시,914.0
0,20190301.0,금,오정로(부천시계),B-26,유출,외발산사거리->오쇠삼거리,8789.0,37.54318,126.8123,17시,1105.0
0,20190301.0,금,오정로(부천시계),B-26,유출,외발산사거리->오쇠삼거리,8789.0,37.54318,126.8123,18시,829.0
0,20190301.0,금,오정로(부천시계),B-26,유출,외발산사거리->오쇠삼거리,8789.0,37.54318,126.8123,19시,637.0
0,20190301.0,금,오정로(부천시계),B-26,유출,외발산사거리->오쇠삼거리,8789.0,37.54318,126.8123,20시,485.0
0,20190302.0,토,오정로(부천시계),B-26,유출,외발산사거리->오쇠삼거리,9037.0,37.54318,126.8123,8시,433.0
0,20190302.0,토,오정로(부천시계),B-26,유출,외발산사거리->오쇠삼거리,9037.0,37.54318,126.8123,9시,529.0
0,20190302.0,토,오정로(부천시계),B-26,유출,외발산사거리->오쇠삼거리,9037.0,37.54318,126.8123,10시,593.0
0,20190302.0,토,오정로(부천시계),B-26,유출,외발산사거리->오쇠삼거리,9037.0,37.54318,126.8123,11시,613.0
0,20190302.0,토,오정로(부천시계),B-26,유출,외발산사거리->오쇠삼거리,9037.0,37.54318,126.8123,12시,620.0
0,20190302.0,토,오정로(부천시계),B-26,유출,외발산사거리->오쇠삼거리,9037.0,37.54318,126.8123,13시,650.0
0,20190302.0,토,오정로(부천시계),B-26,유출,외발산사거리->오쇠삼거리,9037.0,37.54318,126.8123,14시,748.0
0,20190302.0,토,오정로(부천시계),B-26,유출,외발산사거리->오쇠삼거리,9037.0,37.54318,126.8123,15시,876.0
0,20190302.0,토,오정로(부천시계),B-26,유출,외발산사거리->오쇠삼거리,9037.0,37.54318,126.8123,16시,1023.0
0,20190302.0,토,오정로(부천시계),B-26,유출,외발산사거리->오쇠삼거리,9037.0,37.54318,126.8123,17시,1067.0
0,20190302.0,토,오정로(부천시계),B-26,유출,외발산사거리->오쇠삼거리,9037.0,37.54318,126.8123,18시,887.0
0,20190302.0,토,오정로(부천시계),B-26,유출,외발산사거리->오쇠삼거리,9037.0,37.54318,126.8123,19시,550.0
0,20190302.0,토,오정로(부천시계),B-26,유출,외발산사거리->오쇠삼거리,9037.0,37.54318,126.8123,20시,448.0
0,20190303.0,일,오정로(부천시계),B-26,유출,외발산사거리->오쇠삼거리,7439.0,37.54318,126.8123,8시,300.0
0,20190303.0,일,오정로(부천시계),B-26,유출,외발산사거리->오쇠삼거리,7439.0,37.54318,126.8123,9시,380.0
0,20190303.0,일,오정로(부천시계),B-26,유출,외발산사거리->오쇠삼거리,7439.0,37.54318,126.8123,10시,458.0
0,20190303.0,일,오정로(부천시계),B-26,유출,외발산사거리->오쇠삼거리,7439.0,37.54318,126.8123,11시,464.0
0,20190303.0,일,오정로(부천시계),B-26,유출,외발산사거리->오쇠삼거리,7439.0,37.54318,126.8123,12시,502.0
0,20190303.0,일,오정로(부천시계),B-26,유출,외발산사거리->오쇠삼거리,7439.0,37.54318,126.8123,13시,651.0
0,20190303.0,일,오정로(부천시계),B-26,유출,외발산사거리->오쇠삼거리,7439.0,37.54318,126.8123,14시,632.0
0,20190303.0,일,오정로(부천시계),B-26,유출,외발산사거리->오쇠삼거리,7439.0,37.54318,126.8123,15시,750.0
0,20190303.0,일,오정로(부천시계),B-26,유출,외발산사거리->오쇠삼거리,7439.0,37.54318,126.8123,16시,847.0
0,20190303.0,일,오정로(부천시계),B-26,유출,외발산사거리->오쇠삼거리,7439.0,37.54318,126.8123,17시,822.0
0,20190303.0,일,오정로(부천시계),B-26,유출,외발산사거리->오쇠삼거리,7439.0,37.54318,126.8123,18시,694.0
0,20190303.0,일,오정로(부천시계),B-26,유출,외발산사거리->오쇠삼거리,7439.0,37.54318,126.8123,19시,482.0
0,20190303.0,일,오정로(부천시계),B-26,유출,외발산사거리->오쇠삼거리,7439.0,37.54318,126.8123,20시,457.0
0,20190304.0,월,오정로(부천시계),B-26,유출,외발산사거리->오쇠삼거리,10392.0,37.54318,126.8123,8시,955.0
0,20190304.0,월,오정로(부천시계),B-26,유출,외발산사거리->오쇠삼거리,10392.0,37.54318,126.8123,9시,682.0
0,20190304.0,월,오정로(부천시계),B-26,유출,외발산사거리->오쇠삼거리,10392.0,37.54318,126.8123,10시,645.0
0,20190304.0,월,오정로(부천시계),B-26,유출,외발산사거리->오쇠삼거리,10392.0,37.54318,126.8123,11시,655.0
0,20190304.0,월,오정로(부천시계),B-26,유출,외발산사거리->오쇠삼거리,10392.0,37.54318,126.8123,12시,581.0
0,20190304.0,월,오정로(부천시계),B-26,유출,외발산사거리->오쇠삼거리,10392.0,37.54318,126.8123,13시,639.0
0,20190304.0,월,오정로(부천시계),B-26,유출,외발산사거리->오쇠삼거리,10392.0,37.54318,126.8123,14시,721.0
0,20190304.0,월,오정로(부천시계),B-26,유출,외발산사거리->오쇠삼거리,10392.0,37.54318,126.8123,15시,784.0
0,20190304.0,월,오정로(부천시계),B-26,유출,외발산사거리->오쇠삼거리,10392.0,37.54318,126.8123,16시,862.0
0,20190304.0,월,오정로(부천시계),B-26,유출,외발산사거리->오쇠삼거리,10392.0,37.54318,126.8123,17시,1239.0
0,20190304.0,월,오정로(부천시계),B-26,유출,외발산사거리->오쇠삼거리,10392.0,37.54318,126.8123,18시,1207.0
0,20190304.0,월,오정로(부천시계),B-26,유출,외발산사거리->오쇠삼거리,10392.0,37.54318,126.8123,19시,852.0
0,20190304.0,월,오정로(부천시계),B-26,유출,외발산사거리->오쇠삼거리,10392.0,37.54318,126.8123,20시,570.0
0,20190305.0,화,오정로(부천시계),B-26,유출,외발산사거리->오쇠삼거리,10729.0,37.54318,126.8123,8시,970.0
0,20190305.0,화,오정로(부천시계),B-26,유출,외발산사거리->오쇠삼거리,10729.0,37.54318,126.8123,9시,697.0
0,20190305.0,화,오정로(부천시계),B-26,유출,외발산사거리->오쇠삼거리,10729.0,37.54318,126.8123,10시,684.0
0,20190305.0,화,오정로(부천시계),B-26,유출,외발산사거리->오쇠삼거리,10729.0,37.54318,126.8123,11시,669.0
0,20190305.0,화,오정로(부천시계),B-26,유출,외발산사거리->오쇠삼거리,10729.0,37.54318,126.8123,12시,596.0
0,20190305.0,화,오정로(부천시계),B-26,유출,외발산사거리->오쇠삼거리,10729.0,37.54318,126.8123,13시,629.0
0,20190305.0,화,오정로(부천시계),B-26,유출,외발산사거리->오쇠삼거리,10729.0,37.54318,126.8123,14시,704.0
0,20190305.0,화,오정로(부천시계),B-26,유출,외발산사거리->오쇠삼거리,10729.0,37.54318,126.8123,15시,821.0
0,20190305.0,화,오정로(부천시계),B-26,유출,외발산사거리->오쇠삼거리,10729.0,37.54318,126.8123,16시,977.0
0,20190305.0,화,오정로(부천시계),B-26,유출,외발산사거리->오쇠삼거리,10729.0,37.54318,126.8123,17시,1240.0
0,20190305.0,화,오정로(부천시계),B-26,유출,외발산사거리->오쇠삼거리,10729.0,37.54318,126.8123,18시,1273.0
0,20190305.0,화,오정로(부천시계),B-26,유출,외발산사거리->오쇠삼거리,10729.0,37.54318,126.8123,19시,901.0
0,20190305.0,화,오정로(부천시계),B-26,유출,외발산사거리->오쇠삼거리,10729.0,37.54318,126.8123,20시,568.0
0,20190306.0,수,오정로(부천시계),B-26,유출,외발산사거리->오쇠삼거리,10445.0,37.54318,126.8123,8시,921.0
0,20190306.0,수,오정로(부천시계),B-26,유출,외발산사거리->오쇠삼거리,10445.0,37.54318,126.8123,9시,665.0
0,20190306.0,수,오정로(부천시계),B-26,유출,외발산사거리->오쇠삼거리,10445.0,37.54318,126.8123,10시,728.0
0,20190306.0,수,오정로(부천시계),B-26,유출,외발산사거리->오쇠삼거리,10445.0,37.54318,126.8123,11시,656.0
0,20190306.0,수,오정로(부천시계),B-26,유출,외발산사거리->오쇠삼거리,10445.0,37.54318,126.8123,12시,620.0
0,20190306.0,수,오정로(부천시계),B-26,유출,외발산사거리->오쇠삼거리,10445.0,37.54318,126.8123,13시,640.0
0,20190306.0,수,오정로(부천시계),B-26,유출,외발산사거리->오쇠삼거리,10445.0,37.54318,126.8123,14시,718.0
0,20190306.0,수,오정로(부천시계),B-26,유출,외발산사거리->오쇠삼거리,10445.0,37.54318,126.8123,15시,730.0
0,20190306.0,수,오정로(부천시계),B-26,유출,외발산사거리->오쇠삼거리,10445.0,37.54318,126.8123,16시,895.0
0,20190306.0,수,오정로(부천시계),B-26,유출,외발산사거리->오쇠삼거리,10445.0,37.54318,126.8123,17시,1119.0
0,20190306.0,수,오정로(부천시계),B-26,유출,외발산사거리->오쇠삼거리,10445.0,37.54318,126.8123,18시,1269.0
0,20190306.0,수,오정로(부천시계),B-26,유출,외발산사거리->오쇠삼거리,10445.0,37.54318,126.8123,19시,927.0
0,20190306.0,수,오정로(부천시계),B-26,유출,외발산사거리->오쇠삼거리,10445.0,37.54318,126.8123,20시,557.0
0,20190307.0,수,오정로(부천시계),B-26,유출,외발산사거리->오쇠삼거리,10830.0,37.54318,126.8123,8시,919.0
0,20190307.0,수,오정로(부천시계),B-26,유출,외발산사거리->오쇠삼거리,10830.0,37.54318,126.8123,9시,688.0
0,20190307.0,수,오정로(부천시계),B-26,유출,외발산사거리->오쇠삼거리,10830.0,37.54318,126.8123,10시,731.0
0,20190307.0,수,오정로(부천시계),B-26,유출,외발산사거리->오쇠삼거리,10830.0,37.54318,126.8123,11시,681.0
0,20190307.0,수,오정로(부천시계),B-26,유출,외발산사거리->오쇠삼거리,10830.0,37.54318,126.8123,12시,650.0
0,20190307.0,수,오정로(부천시계),B-26,유출,외발산사거리->오쇠삼거리,10830.0,37.54318,126.8123,13시,719.0
0,20190307.0,수,오정로(부천시계),B-26,유출,외발산사거리->오쇠삼거리,10830.0,37.54318,126.8123,14시,671.0
0,20190307.0,수,오정로(부천시계),B-26,유출,외발산사거리->오쇠삼거리,10830.0,37.54318,126.8123,15시,726.0
0,20190307.0,수,오정로(부천시계),B-26,유출,외발산사거리->오쇠삼거리,10830.0,37.54318,126.8123,16시,938.0
0,20190307.0,수,오정로(부천시계),B-26,유출,외발산사거리->오쇠삼거리,10830.0,37.54318,126.8123,17시,1228.0
0,20190307.0,수,오정로(부천시계),B-26,유출,외발산사거리->오쇠삼거리,10830.0,37.54318,126.8123,18시,1335.0
0,20190307.0,수,오정로(부천시계),B-26,유출,외발산사거리->오쇠삼거리,10830.0,37.54318,126.8123,19시,925.0
0,20190307.0,수,오정로(부천시계),B-26,유출,외발산사거리->오쇠삼거리,10830.0,37.54318,126.8123,20시,619.0
0,20190308.0,금,오정로(부천시계),B-26,유출,외발산사거리->오쇠삼거리,11540.0,37.54318,126.8123,8시,921.0
0,20190308.0,금,오정로(부천시계),B-26,유출,외발산사거리->오쇠삼거리,11540.0,37.54318,126.8123,9시,729.0
0,20190308.0,금,오정로(부천시계),B-26,유출,외발산사거리->오쇠삼거리,11540.0,37.54318,126.8123,10시,784.0
0,20190308.0,금,오정로(부천시계),B-26,유출,외발산사거리->오쇠삼거리,11540.0,37.54318,126.8123,11시,686.0
0,20190308.0,금,오정로(부천시계),B-26,유출,외발산사거리->오쇠삼거리,11540.0,37.54318,126.8123,12시,674.0
0,20190308.0,금,오정로(부천시계),B-26,유출,외발산사거리->오쇠삼거리,11540.0,37.54318,126.8123,13시,730.0
0,20190308.0,금,오정로(부천시계),B-26,유출,외발산사거리->오쇠삼거리,11540.0,37.54318,126.8123,14시,774.0
0,20190308.0,금,오정로(부천시계),B-26,유출,외발산사거리->오쇠삼거리,11540.0,37.54318,126.8123,15시,843.0
0,20190308.0,금,오정로(부천시계),B-26,유출,외발산사거리->오쇠삼거리,11540.0,37.54318,126.8123,16시,1055.0
0,20190308.0,금,오정로(부천시계),B-26,유출,외발산사거리->오쇠삼거리,11540.0,37.54318,126.8123,17시,1257.0
0,20190308.0,금,오정로(부천시계),B-26,유출,외발산사거리->오쇠삼거리,11540.0,37.54318,126.8123,18시,1366.0
0,20190308.0,금,오정로(부천시계),B-26,유출,외발산사거리->오쇠삼거리,11540.0,37.54318,126.8123,19시,1062.0
0,20190308.0,금,오정로(부천시계),B-26,유출,외발산사거리->오쇠삼거리,11540.0,37.54318,126.8123,20시,659.0
0,20190309.0,토,오정로(부천시계),B-26,유출,외발산사거리->오쇠삼거리,10022.0,37.54318,126.8123,8시,584.0
0,20190309.0,토,오정로(부천시계),B-26,유출,외발산사거리->오쇠삼거리,10022.0,37.54318,126.8123,9시,616.0
0,20190309.0,토,오정로(부천시계),B-26,유출,외발산사거리->오쇠삼거리,10022.0,37.54318,126.8123,10시,658.0
0,20190309.0,토,오정로(부천시계),B-26,유출,외발산사거리->오쇠삼거리,10022.0,37.54318,126.8123,11시,714.0
0,20190309.0,토,오정로(부천시계),B-26,유출,외발산사거리->오쇠삼거리,10022.0,37.54318,126.8123,12시,705.0
0,20190309.0,토,오정로(부천시계),B-26,유출,외발산사거리->오쇠삼거리,10022.0,37.54318,126.8123,13시,784.0
0,20190309.0,토,오정로(부천시계),B-26,유출,외발산사거리->오쇠삼거리,10022.0,37.54318,126.8123,14시,812.0
0,20190309.0,토,오정로(부천시계),B-26,유출,외발산사거리->오쇠삼거리,10022.0,37.54318,126.8123,15시,913.0
0,20190309.0,토,오정로(부천시계),B-26,유출,외발산사거리->오쇠삼거리,10022.0,37.54318,126.8123,16시,1010.0
0,20190309.0,토,오정로(부천시계),B-26,유출,외발산사거리->오쇠삼거리,10022.0,37.54318,126.8123,17시,1125.0
0,20190309.0,토,오정로(부천시계),B-26,유출,외발산사거리->오쇠삼거리,10022.0,37.54318,126.8123,18시,930.0
0,20190309.0,토,오정로(부천시계),B-26,유출,외발산사거리->오쇠삼거리,10022.0,37.54318,126.8123,19시,682.0
0,20190309.0,토,오정로(부천시계),B-26,유출,외발산사거리->오쇠삼거리,10022.0,37.54318,126.8123,20시,489.0
0,20190310.0,일,오정로(부천시계),B-26,유출,외발산사거리->오쇠삼거리,7461.0,37.54318,126.8123,8시,298.0
0,20190310.0,일,오정로(부천시계),B-26,유출,외발산사거리->오쇠삼거리,7461.0,37.54318,126.8123,9시,374.0
0,20190310.0,일,오정로(부천시계),B-26,유출,외발산사거리->오쇠삼거리,7461.0,37.54318,126.8123,10시,474.0
0,20190310.0,일,오정로(부천시계),B-26,유출,외발산사거리->오쇠삼거리,7461.0,37.54318,126.8123,11시,518.0
0,20190310.0,일,오정로(부천시계),B-26,유출,외발산사거리->오쇠삼거리,7461.0,37.54318,126.8123,12시,506.0
0,20190310.0,일,오정로(부천시계),B-26,유출,외발산사거리->오쇠삼거리,7461.0,37.54318,126.8123,13시,647.0
0,20190310.0,일,오정로(부천시계),B-26,유출,외발산사거리->오쇠삼거리,7461.0,37.54318,126.8123,14시,628.0
0,20190310.0,일,오정로(부천시계),B-26,유출,외발산사거리->오쇠삼거리,7461.0,37.54318,126.8123,15시,752.0
0,20190310.0,일,오정로(부천시계),B-26,유출,외발산사거리->오쇠삼거리,7461.0,37.54318,126.8123,16시,815.0
0,20190310.0,일,오정로(부천시계),B-26,유출,외발산사거리->오쇠삼거리,7461.0,37.54318,126.8123,17시,780.0
0,20190310.0,일,오정로(부천시계),B-26,유출,외발산사거리->오쇠삼거리,7461.0,37.54318,126.8123,18시,636.0
0,20190310.0,일,오정로(부천시계),B-26,유출,외발산사거리->오쇠삼거리,7461.0,37.54318,126.8123,19시,535.0
0,20190310.0,일,오정로(부천시계),B-26,유출,외발산사거리->오쇠삼거리,7461.0,37.54318,126.8123,20시,498.0
0,20190311.0,월,오정로(부천시계),B-26,유출,외발산사거리->오쇠삼거리,10891.0,37.54318,126.8123,8시,918.0
0,20190311.0,월,오정로(부천시계),B-26,유출,외발산사거리->오쇠삼거리,10891.0,37.54318,126.8123,9시,741.0
0,20190311.0,월,오정로(부천시계),B-26,유출,외발산사거리->오쇠삼거리,10891.0,37.54318,126.8123,10시,692.0
0,20190311.0,월,오정로(부천시계),B-26,유출,외발산사거리->오쇠삼거리,10891.0,37.54318,126.8123,11시,732.0
0,20190311.0,월,오정로(부천시계),B-26,유출,외발산사거리->오쇠삼거리,10891.0,37.54318,126.8123,12시,616.0
0,20190311.0,월,오정로(부천시계),B-26,유출,외발산사거리->오쇠삼거리,10891.0,37.54318,126.8123,13시,704.0
0,20190311.0,월,오정로(부천시계),B-26,유출,외발산사거리->오쇠삼거리,10891.0,37.54318,126.8123,14시,758.0
0,20190311.0,월,오정로(부천시계),B-26,유출,외발산사거리->오쇠삼거리,10891.0,37.54318,126.8123,15시,836.0
0,20190311.0,월,오정로(부천시계),B-26,유출,외발산사거리->오쇠삼거리,10891.0,37.54318,126.8123,16시,921.0
0,20190311.0,월,오정로(부천시계),B-26,유출,외발산사거리->오쇠삼거리,10891.0,37.54318,126.8123,17시,1221.0
0,20190311.0,월,오정로(부천시계),B-26,유출,외발산사거리->오쇠삼거리,10891.0,37.54318,126.8123,18시,1267.0
0,20190311.0,월,오정로(부천시계),B-26,유출,외발산사거리->오쇠삼거리,10891.0,37.54318,126.8123,19시,943.0
0,20190311.0,월,오정로(부천시계),B-26,유출,외발산사거리->오쇠삼거리,10891.0,37.54318,126.8123,20시,542.0
0,20190312.0,화,오정로(부천시계),B-26,유출,외발산사거리->오쇠삼거리,10799.0,37.54318,126.8123,8시,983.0
0,20190312.0,화,오정로(부천시계),B-26,유출,외발산사거리->오쇠삼거리,10799.0,37.54318,126.8123,9시,763.0
0,20190312.0,화,오정로(부천시계),B-26,유출,외발산사거리->오쇠삼거리,10799.0,37.54318,126.8123,10시,669.0
0,20190312.0,화,오정로(부천시계),B-26,유출,외발산사거리->오쇠삼거리,10799.0,37.54318,126.8123,11시,642.0
0,20190312.0,화,오정로(부천시계),B-26,유출,외발산사거리->오쇠삼거리,10799.0,37.54318,126.8123,12시,587.0
0,20190312.0,화,오정로(부천시계),B-26,유출,외발산사거리->오쇠삼거리,10799.0,37.54318,126.8123,13시,668.0
0,20190312.0,화,오정로(부천시계),B-26,유출,외발산사거리->오쇠삼거리,10799.0,37.54318,126.8123,14시,731.0
0,20190312.0,화,오정로(부천시계),B-26,유출,외발산사거리->오쇠삼거리,10799.0,37.54318,126.8123,15시,745.0
0,20190312.0,화,오정로(부천시계),B-26,유출,외발산사거리->오쇠삼거리,10799.0,37.54318,126.8123,16시,898.0
0,20190312.0,화,오정로(부천시계),B-26,유출,외발산사거리->오쇠삼거리,10799.0,37.54318,126.8123,17시,1252.0
0,20190312.0,화,오정로(부천시계),B-26,유출,외발산사거리->오쇠삼거리,10799.0,37.54318,126.8123,18시,1305.0
0,20190312.0,화,오정로(부천시계),B-26,유출,외발산사거리->오쇠삼거리,10799.0,37.54318,126.8123,19시,986.0
0,20190312.0,화,오정로(부천시계),B-26,유출,외발산사거리->오쇠삼거리,10799.0,37.54318,126.8123,20시,570.0
0,20190313.0,수,오정로(부천시계),B-26,유출,외발산사거리->오쇠삼거리,10971.0,37.54318,126.8123,8시,978.0
0,20190313.0,수,오정로(부천시계),B-26,유출,외발산사거리->오쇠삼거리,10971.0,37.54318,126.8123,9시,687.0
0,20190313.0,수,오정로(부천시계),B-26,유출,외발산사거리->오쇠삼거리,10971.0,37.54318,126.8123,10시,738.0
0,20190313.0,수,오정로(부천시계),B-26,유출,외발산사거리->오쇠삼거리,10971.0,37.54318,126.8123,11시,657.0
0,20190313.0,수,오정로(부천시계),B-26,유출,외발산사거리->오쇠삼거리,10971.0,37.54318,126.8123,12시,639.0
0,20190313.0,수,오정로(부천시계),B-26,유출,외발산사거리->오쇠삼거리,10971.0,37.54318,126.8123,13시,649.0
0,20190313.0,수,오정로(부천시계),B-26,유출,외발산사거리->오쇠삼거리,10971.0,37.54318,126.8123,14시,705.0
0,20190313.0,수,오정로(부천시계),B-26,유출,외발산사거리->오쇠삼거리,10971.0,37.54318,126.8123,15시,775.0
0,20190313.0,수,오정로(부천시계),B-26,유출,외발산사거리->오쇠삼거리,10971.0,37.54318,126.8123,16시,986.0
0,20190313.0,수,오정로(부천시계),B-26,유출,외발산사거리->오쇠삼거리,10971.0,37.54318,126.8123,17시,1235.0
0,20190313.0,수,오정로(부천시계),B-26,유출,외발산사거리->오쇠삼거리,10971.0,37.54318,126.8123,18시,1313.0
0,20190313.0,수,오정로(부천시계),B-26,유출,외발산사거리->오쇠삼거리,10971.0,37.54318,126.8123,19시,990.0
0,20190313.0,수,오정로(부천시계),B-26,유출,외발산사거리->오쇠삼거리,10971.0,37.54318,126.8123,20시,619.0
0,20190314.0,목,오정로(부천시계),B-26,유출,외발산사거리->오쇠삼거리,11191.0,37.54318,126.8123,8시,939.0
0,20190314.0,목,오정로(부천시계),B-26,유출,외발산사거리->오쇠삼거리,11191.0,37.54318,126.8123,9시,741.0
0,20190314.0,목,오정로(부천시계),B-26,유출,외발산사거리->오쇠삼거리,11191.0,37.54318,126.8123,10시,818.0
0,20190314.0,목,오정로(부천시계),B-26,유출,외발산사거리->오쇠삼거리,11191.0,37.54318,126.8123,11시,711.0
0,20190314.0,목,오정로(부천시계),B-26,유출,외발산사거리->오쇠삼거리,11191.0,37.54318,126.8123,12시,640.0
0,20190314.0,목,오정로(부천시계),B-26,유출,외발산사거리->오쇠삼거리,11191.0,37.54318,126.8123,13시,713.0
0,20190314.0,목,오정로(부천시계),B-26,유출,외발산사거리->오쇠삼거리,11191.0,37.54318,126.8123,14시,757.0
0,20190314.0,목,오정로(부천시계),B-26,유출,외발산사거리->오쇠삼거리,11191.0,37.54318,126.8123,15시,783.0
0,20190314.0,목,오정로(부천시계),B-26,유출,외발산사거리->오쇠삼거리,11191.0,37.54318,126.8123,16시,938.0
0,20190314.0,목,오정로(부천시계),B-26,유출,외발산사거리->오쇠삼거리,11191.0,37.54318,126.8123,17시,1235.0
0,20190314.0,목,오정로(부천시계),B-26,유출,외발산사거리->오쇠삼거리,11191.0,37.54318,126.8123,18시,1380.0
0,20190314.0,목,오정로(부천시계),B-26,유출,외발산사거리->오쇠삼거리,11191.0,37.54318,126.8123,19시,959.0
0,20190314.0,목,오정로(부천시계),B-26,유출,외발산사거리->오쇠삼거리,11191.0,37.54318,126.8123,20시,577.0
0,20190315.0,금,오정로(부천시계),B-26,유출,외발산사거리->오쇠삼거리,11442.0,37.54318,126.8123,8시,955.0
0,20190315.0,금,오정로(부천시계),B-26,유출,외발산사거리->오쇠삼거리,11442.0,37.54318,126.8123,9시,695.0
0,20190315.0,금,오정로(부천시계),B-26,유출,외발산사거리->오쇠삼거리,11442.0,37.54318,126.8123,10시,684.0
0,20190315.0,금,오정로(부천시계),B-26,유출,외발산사거리->오쇠삼거리,11442.0,37.54318,126.8123,11시,694.0
0,20190315.0,금,오정로(부천시계),B-26,유출,외발산사거리->오쇠삼거리,11442.0,37.54318,126.8123,12시,637.0
0,20190315.0,금,오정로(부천시계),B-26,유출,외발산사거리->오쇠삼거리,11442.0,37.54318,126.8123,13시,705.0
0,20190315.0,금,오정로(부천시계),B-26,유출,외발산사거리->오쇠삼거리,11442.0,37.54318,126.8123,14시,732.0
0,20190315.0,금,오정로(부천시계),B-26,유출,외발산사거리->오쇠삼거리,11442.0,37.54318,126.8123,15시,842.0
0,20190315.0,금,오정로(부천시계),B-26,유출,외발산사거리->오쇠삼거리,11442.0,37.54318,126.8123,16시,1053.0
0,20190315.0,금,오정로(부천시계),B-26,유출,외발산사거리->오쇠삼거리,11442.0,37.54318,126.8123,17시,1242.0
0,20190315.0,금,오정로(부천시계),B-26,유출,외발산사거리->오쇠삼거리,11442.0,37.54318,126.8123,18시,1294.0
0,20190315.0,금,오정로(부천시계),B-26,유출,외발산사거리->오쇠삼거리,11442.0,37.54318,126.8123,19시,1147.0
0,20190315.0,금,오정로(부천시계),B-26,유출,외발산사거리->오쇠삼거리,11442.0,37.54318,126.8123,20시,762.0
0,20190316.0,토,오정로(부천시계),B-26,유출,외발산사거리->오쇠삼거리,10156.0,37.54318,126.8123,8시,530.0
0,20190316.0,토,오정로(부천시계),B-26,유출,외발산사거리->오쇠삼거리,10156.0,37.54318,126.8123,9시,605.0
0,20190316.0,토,오정로(부천시계),B-26,유출,외발산사거리->오쇠삼거리,10156.0,37.54318,126.8123,10시,655.0
0,20190316.0,토,오정로(부천시계),B-26,유출,외발산사거리->오쇠삼거리,10156.0,37.54318,126.8123,11시,720.0
0,20190316.0,토,오정로(부천시계),B-26,유출,외발산사거리->오쇠삼거리,10156.0,37.54318,126.8123,12시,656.0
0,20190316.0,토,오정로(부천시계),B-26,유출,외발산사거리->오쇠삼거리,10156.0,37.54318,126.8123,13시,813.0
0,20190316.0,토,오정로(부천시계),B-26,유출,외발산사거리->오쇠삼거리,10156.0,37.54318,126.8123,14시,838.0
0,20190316.0,토,오정로(부천시계),B-26,유출,외발산사거리->오쇠삼거리,10156.0,37.54318,126.8123,15시,918.0
0,20190316.0,토,오정로(부천시계),B-26,유출,외발산사거리->오쇠삼거리,10156.0,37.54318,126.8123,16시,1072.0
0,20190316.0,토,오정로(부천시계),B-26,유출,외발산사거리->오쇠삼거리,10156.0,37.54318,126.8123,17시,1118.0
0,20190316.0,토,오정로(부천시계),B-26,유출,외발산사거리->오쇠삼거리,10156.0,37.54318,126.8123,18시,1038.0
0,20190316.0,토,오정로(부천시계),B-26,유출,외발산사거리->오쇠삼거리,10156.0,37.54318,126.8123,19시,692.0
0,20190316.0,토,오정로(부천시계),B-26,유출,외발산사거리->오쇠삼거리,10156.0,37.54318,126.8123,20시,501.0
0,20190317.0,일,오정로(부천시계),B-26,유출,외발산사거리->오쇠삼거리,7540.0,37.54318,126.8123,8시,352.0
0,20190317.0,일,오정로(부천시계),B-26,유출,외발산사거리->오쇠삼거리,7540.0,37.54318,126.8123,9시,427.0
0,20190317.0,일,오정로(부천시계),B-26,유출,외발산사거리->오쇠삼거리,7540.0,37.54318,126.8123,10시,429.0
0,20190317.0,일,오정로(부천시계),B-26,유출,외발산사거리->오쇠삼거리,7540.0,37.54318,126.8123,11시,492.0
0,20190317.0,일,오정로(부천시계),B-26,유출,외발산사거리->오쇠삼거리,7540.0,37.54318,126.8123,12시,516.0
0,20190317.0,일,오정로(부천시계),B-26,유출,외발산사거리->오쇠삼거리,7540.0,37.54318,126.8123,13시,627.0
0,20190317.0,일,오정로(부천시계),B-26,유출,외발산사거리->오쇠삼거리,7540.0,37.54318,126.8123,14시,661.0
0,20190317.0,일,오정로(부천시계),B-26,유출,외발산사거리->오쇠삼거리,7540.0,37.54318,126.8123,15시,694.0
0,20190317.0,일,오정로(부천시계),B-26,유출,외발산사거리->오쇠삼거리,7540.0,37.54318,126.8123,16시,760.0
0,20190317.0,일,오정로(부천시계),B-26,유출,외발산사거리->오쇠삼거리,7540.0,37.54318,126.8123,17시,815.0
0,20190317.0,일,오정로(부천시계),B-26,유출,외발산사거리->오쇠삼거리,7540.0,37.54318,126.8123,18시,692.0
0,20190317.0,일,오정로(부천시계),B-26,유출,외발산사거리->오쇠삼거리,7540.0,37.54318,126.8123,19시,608.0
0,20190317.0,일,오정로(부천시계),B-26,유출,외발산사거리->오쇠삼거리,7540.0,37.54318,126.8123,20시,467.0
0,20190318.0,월,오정로(부천시계),B-26,유출,외발산사거리->오쇠삼거리,10692.0,37.54318,126.8123,8시,941.0
0,20190318.0,월,오정로(부천시계),B-26,유출,외발산사거리->오쇠삼거리,10692.0,37.54318,126.8123,9시,674.0
0,20190318.0,월,오정로(부천시계),B-26,유출,외발산사거리->오쇠삼거리,10692.0,37.54318,126.8123,10시,698.0
0,20190318.0,월,오정로(부천시계),B-26,유출,외발산사거리->오쇠삼거리,10692.0,37.54318,126.8123,11시,683.0
0,20190318.0,월,오정로(부천시계),B-26,유출,외발산사거리->오쇠삼거리,10692.0,37.54318,126.8123,12시,618.0
0,20190318.0,월,오정로(부천시계),B-26,유출,외발산사거리->오쇠삼거리,10692.0,37.54318,126.8123,13시,648.0
0,20190318.0,월,오정로(부천시계),B-26,유출,외발산사거리->오쇠삼거리,10692.0,37.54318,126.8123,14시,686.0
0,20190318.0,월,오정로(부천시계),B-26,유출,외발산사거리->오쇠삼거리,10692.0,37.54318,126.8123,15시,779.0
0,20190318.0,월,오정로(부천시계),B-26,유출,외발산사거리->오쇠삼거리,10692.0,37.54318,126.8123,16시,920.0
0,20190318.0,월,오정로(부천시계),B-26,유출,외발산사거리->오쇠삼거리,10692.0,37.54318,126.8123,17시,1218.0
0,20190318.0,월,오정로(부천시계),B-26,유출,외발산사거리->오쇠삼거리,10692.0,37.54318,126.8123,18시,1361.0
0,20190318.0,월,오정로(부천시계),B-26,유출,외발산사거리->오쇠삼거리,10692.0,37.54318,126.8123,19시,884.0
0,20190318.0,월,오정로(부천시계),B-26,유출,외발산사거리->오쇠삼거리,10692.0,37.54318,126.8123,20시,582.0
0,20190319.0,화,오정로(부천시계),B-26,유출,외발산사거리->오쇠삼거리,10717.0,37.54318,126.8123,8시,972.0
0,20190319.0,화,오정로(부천시계),B-26,유출,외발산사거리->오쇠삼거리,10717.0,37.54318,126.8123,9시,761.0
0,20190319.0,화,오정로(부천시계),B-26,유출,외발산사거리->오쇠삼거리,10717.0,37.54318,126.8123,10시,696.0
0,20190319.0,화,오정로(부천시계),B-26,유출,외발산사거리->오쇠삼거리,10717.0,37.54318,126.8123,11시,631.0
0,20190319.0,화,오정로(부천시계),B-26,유출,외발산사거리->오쇠삼거리,10717.0,37.54318,126.8123,12시,614.0
0,20190319.0,화,오정로(부천시계),B-26,유출,외발산사거리->오쇠삼거리,10717.0,37.54318,126.8123,13시,674.0
0,20190319.0,화,오정로(부천시계),B-26,유출,외발산사거리->오쇠삼거리,10717.0,37.54318,126.8123,14시,760.0
0,20190319.0,화,오정로(부천시계),B-26,유출,외발산사거리->오쇠삼거리,10717.0,37.54318,126.8123,15시,809.0
0,20190319.0,화,오정로(부천시계),B-26,유출,외발산사거리->오쇠삼거리,10717.0,37.54318,126.8123,16시,903.0
0,20190319.0,화,오정로(부천시계),B-26,유출,외발산사거리->오쇠삼거리,10717.0,37.54318,126.8123,17시,1185.0
0,20190319.0,화,오정로(부천시계),B-26,유출,외발산사거리->오쇠삼거리,10717.0,37.54318,126.8123,18시,1280.0
0,20190319.0,화,오정로(부천시계),B-26,유출,외발산사거리->오쇠삼거리,10717.0,37.54318,126.8123,19시,872.0
0,20190319.0,화,오정로(부천시계),B-26,유출,외발산사거리->오쇠삼거리,10717.0,37.54318,126.8123,20시,560.0
0,20190320.0,수,오정로(부천시계),B-26,유출,외발산사거리->오쇠삼거리,10982.0,37.54318,126.8123,8시,929.0
0,20190320.0,수,오정로(부천시계),B-26,유출,외발산사거리->오쇠삼거리,10982.0,37.54318,126.8123,9시,731.0
0,20190320.0,수,오정로(부천시계),B-26,유출,외발산사거리->오쇠삼거리,10982.0,37.54318,126.8123,10시,705.0
0,20190320.0,수,오정로(부천시계),B-26,유출,외발산사거리->오쇠삼거리,10982.0,37.54318,126.8123,11시,660.0
0,20190320.0,수,오정로(부천시계),B-26,유출,외발산사거리->오쇠삼거리,10982.0,37.54318,126.8123,12시,634.0
0,20190320.0,수,오정로(부천시계),B-26,유출,외발산사거리->오쇠삼거리,10982.0,37.54318,126.8123,13시,696.0
0,20190320.0,수,오정로(부천시계),B-26,유출,외발산사거리->오쇠삼거리,10982.0,37.54318,126.8123,14시,734.0
0,20190320.0,수,오정로(부천시계),B-26,유출,외발산사거리->오쇠삼거리,10982.0,37.54318,126.8123,15시,865.0
0,20190320.0,수,오정로(부천시계),B-26,유출,외발산사거리->오쇠삼거리,10982.0,37.54318,126.8123,16시,1046.0
0,20190320.0,수,오정로(부천시계),B-26,유출,외발산사거리->오쇠삼거리,10982.0,37.54318,126.8123,17시,1158.0
0,20190320.0,수,오정로(부천시계),B-26,유출,외발산사거리->오쇠삼거리,10982.0,37.54318,126.8123,18시,1270.0
0,20190320.0,수,오정로(부천시계),B-26,유출,외발산사거리->오쇠삼거리,10982.0,37.54318,126.8123,19시,973.0
0,20190320.0,수,오정로(부천시계),B-26,유출,외발산사거리->오쇠삼거리,10982.0,37.54318,126.8123,20시,581.0
0,20190321.0,목,오정로(부천시계),B-26,유출,외발산사거리->오쇠삼거리,10482.0,37.54318,126.8123,8시,923.0
0,20190321.0,목,오정로(부천시계),B-26,유출,외발산사거리->오쇠삼거리,10482.0,37.54318,126.8123,9시,701.0
0,20190321.0,목,오정로(부천시계),B-26,유출,외발산사거리->오쇠삼거리,10482.0,37.54318,126.8123,10시,649.0
0,20190321.0,목,오정로(부천시계),B-26,유출,외발산사거리->오쇠삼거리,10482.0,37.54318,126.8123,11시,648.0
0,20190321.0,목,오정로(부천시계),B-26,유출,외발산사거리->오쇠삼거리,10482.0,37.54318,126.8123,12시,646.0
0,20190321.0,목,오정로(부천시계),B-26,유출,외발산사거리->오쇠삼거리,10482.0,37.54318,126.8123,13시,636.0
0,20190321.0,목,오정로(부천시계),B-26,유출,외발산사거리->오쇠삼거리,10482.0,37.54318,126.8123,14시,777.0
0,20190321.0,목,오정로(부천시계),B-26,유출,외발산사거리->오쇠삼거리,10482.0,37.54318,126.8123,15시,790.0
0,20190321.0,목,오정로(부천시계),B-26,유출,외발산사거리->오쇠삼거리,10482.0,37.54318,126.8123,16시,860.0
0,20190321.0,목,오정로(부천시계),B-26,유출,외발산사거리->오쇠삼거리,10482.0,37.54318,126.8123,17시,1214.0
0,20190321.0,목,오정로(부천시계),B-26,유출,외발산사거리->오쇠삼거리,10482.0,37.54318,126.8123,18시,1171.0
0,20190321.0,목,오정로(부천시계),B-26,유출,외발산사거리->오쇠삼거리,10482.0,37.54318,126.8123,19시,872.0
0,20190321.0,목,오정로(부천시계),B-26,유출,외발산사거리->오쇠삼거리,10482.0,37.54318,126.8123,20시,595.0
0,20190322.0,금,오정로(부천시계),B-26,유출,외발산사거리->오쇠삼거리,11348.0,37.54318,126.8123,8시,959.0
0,20190322.0,금,오정로(부천시계),B-26,유출,외발산사거리->오쇠삼거리,11348.0,37.54318,126.8123,9시,736.0
0,20190322.0,금,오정로(부천시계),B-26,유출,외발산사거리->오쇠삼거리,11348.0,37.54318,126.8123,10시,641.0
0,20190322.0,금,오정로(부천시계),B-26,유출,외발산사거리->오쇠삼거리,11348.0,37.54318,126.8123,11시,721.0
0,20190322.0,금,오정로(부천시계),B-26,유출,외발산사거리->오쇠삼거리,11348.0,37.54318,126.8123,12시,609.0
0,20190322.0,금,오정로(부천시계),B-26,유출,외발산사거리->오쇠삼거리,11348.0,37.54318,126.8123,13시,718.0
0,20190322.0,금,오정로(부천시계),B-26,유출,외발산사거리->오쇠삼거리,11348.0,37.54318,126.8123,14시,738.0
0,20190322.0,금,오정로(부천시계),B-26,유출,외발산사거리->오쇠삼거리,11348.0,37.54318,126.8123,15시,864.0
0,20190322.0,금,오정로(부천시계),B-26,유출,외발산사거리->오쇠삼거리,11348.0,37.54318,126.8123,16시,1024.0
0,20190322.0,금,오정로(부천시계),B-26,유출,외발산사거리->오쇠삼거리,11348.0,37.54318,126.8123,17시,1303.0
0,20190322.0,금,오정로(부천시계),B-26,유출,외발산사거리->오쇠삼거리,11348.0,37.54318,126.8123,18시,1277.0
0,20190322.0,금,오정로(부천시계),B-26,유출,외발산사거리->오쇠삼거리,11348.0,37.54318,126.8123,19시,1093.0
0,20190322.0,금,오정로(부천시계),B-26,유출,외발산사거리->오쇠삼거리,11348.0,37.54318,126.8123,20시,665.0
0,20190323.0,토,오정로(부천시계),B-26,유출,외발산사거리->오쇠삼거리,9560.0,37.54318,126.8123,8시,559.0
0,20190323.0,토,오정로(부천시계),B-26,유출,외발산사거리->오쇠삼거리,9560.0,37.54318,126.8123,9시,593.0
0,20190323.0,토,오정로(부천시계),B-26,유출,외발산사거리->오쇠삼거리,9560.0,37.54318,126.8123,10시,614.0
0,20190323.0,토,오정로(부천시계),B-26,유출,외발산사거리->오쇠삼거리,9560.0,37.54318,126.8123,11시,644.0
0,20190323.0,토,오정로(부천시계),B-26,유출,외발산사거리->오쇠삼거리,9560.0,37.54318,126.8123,12시,725.0
0,20190323.0,토,오정로(부천시계),B-26,유출,외발산사거리->오쇠삼거리,9560.0,37.54318,126.8123,13시,812.0
0,20190323.0,토,오정로(부천시계),B-26,유출,외발산사거리->오쇠삼거리,9560.0,37.54318,126.8123,14시,844.0
0,20190323.0,토,오정로(부천시계),B-26,유출,외발산사거리->오쇠삼거리,9560.0,37.54318,126.8123,15시,857.0
0,20190323.0,토,오정로(부천시계),B-26,유출,외발산사거리->오쇠삼거리,9560.0,37.54318,126.8123,16시,1006.0
0,20190323.0,토,오정로(부천시계),B-26,유출,외발산사거리->오쇠삼거리,9560.0,37.54318,126.8123,17시,999.0
0,20190323.0,토,오정로(부천시계),B-26,유출,외발산사거리->오쇠삼거리,9560.0,37.54318,126.8123,18시,804.0
0,20190323.0,토,오정로(부천시계),B-26,유출,외발산사거리->오쇠삼거리,9560.0,37.54318,126.8123,19시,591.0
0,20190323.0,토,오정로(부천시계),B-26,유출,외발산사거리->오쇠삼거리,9560.0,37.54318,126.8123,20시,512.0
0,20190324.0,일,오정로(부천시계),B-26,유출,외발산사거리->오쇠삼거리,7878.0,37.54318,126.8123,8시,354.0
0,20190324.0,일,오정로(부천시계),B-26,유출,외발산사거리->오쇠삼거리,7878.0,37.54318,126.8123,9시,392.0
0,20190324.0,일,오정로(부천시계),B-26,유출,외발산사거리->오쇠삼거리,7878.0,37.54318,126.8123,10시,464.0
0,20190324.0,일,오정로(부천시계),B-26,유출,외발산사거리->오쇠삼거리,7878.0,37.54318,126.8123,11시,520.0
0,20190324.0,일,오정로(부천시계),B-26,유출,외발산사거리->오쇠삼거리,7878.0,37.54318,126.8123,12시,547.0
0,20190324.0,일,오정로(부천시계),B-26,유출,외발산사거리->오쇠삼거리,7878.0,37.54318,126.8123,13시,656.0
0,20190324.0,일,오정로(부천시계),B-26,유출,외발산사거리->오쇠삼거리,7878.0,37.54318,126.8123,14시,687.0
0,20190324.0,일,오정로(부천시계),B-26,유출,외발산사거리->오쇠삼거리,7878.0,37.54318,126.8123,15시,757.0
0,20190324.0,일,오정로(부천시계),B-26,유출,외발산사거리->오쇠삼거리,7878.0,37.54318,126.8123,16시,859.0
0,20190324.0,일,오정로(부천시계),B-26,유출,외발산사거리->오쇠삼거리,7878.0,37.54318,126.8123,17시,831.0
0,20190324.0,일,오정로(부천시계),B-26,유출,외발산사거리->오쇠삼거리,7878.0,37.54318,126.8123,18시,740.0
0,20190324.0,일,오정로(부천시계),B-26,유출,외발산사거리->오쇠삼거리,7878.0,37.54318,126.8123,19시,553.0
0,20190324.0,일,오정로(부천시계),B-26,유출,외발산사거리->오쇠삼거리,7878.0,37.54318,126.8123,20시,518.0
0,20190325.0,월,오정로(부천시계),B-26,유출,외발산사거리->오쇠삼거리,10698.0,37.54318,126.8123,8시,995.0
0,20190325.0,월,오정로(부천시계),B-26,유출,외발산사거리->오쇠삼거리,10698.0,37.54318,126.8123,9시,675.0
0,20190325.0,월,오정로(부천시계),B-26,유출,외발산사거리->오쇠삼거리,10698.0,37.54318,126.8123,10시,654.0
0,20190325.0,월,오정로(부천시계),B-26,유출,외발산사거리->오쇠삼거리,10698.0,37.54318,126.8123,11시,668.0
0,20190325.0,월,오정로(부천시계),B-26,유출,외발산사거리->오쇠삼거리,10698.0,37.54318,126.8123,12시,584.0
0,20190325.0,월,오정로(부천시계),B-26,유출,외발산사거리->오쇠삼거리,10698.0,37.54318,126.8123,13시,699.0
0,20190325.0,월,오정로(부천시계),B-26,유출,외발산사거리->오쇠삼거리,10698.0,37.54318,126.8123,14시,718.0
0,20190325.0,월,오정로(부천시계),B-26,유출,외발산사거리->오쇠삼거리,10698.0,37.54318,126.8123,15시,804.0
0,20190325.0,월,오정로(부천시계),B-26,유출,외발산사거리->오쇠삼거리,10698.0,37.54318,126.8123,16시,898.0
0,20190325.0,월,오정로(부천시계),B-26,유출,외발산사거리->오쇠삼거리,10698.0,37.54318,126.8123,17시,1242.0
0,20190325.0,월,오정로(부천시계),B-26,유출,외발산사거리->오쇠삼거리,10698.0,37.54318,126.8123,18시,1331.0
0,20190325.0,월,오정로(부천시계),B-26,유출,외발산사거리->오쇠삼거리,10698.0,37.54318,126.8123,19시,872.0
0,20190325.0,월,오정로(부천시계),B-26,유출,외발산사거리->오쇠삼거리,10698.0,37.54318,126.8123,20시,558.0
0,20190326.0,화,오정로(부천시계),B-26,유출,외발산사거리->오쇠삼거리,11010.0,37.54318,126.8123,8시,955.0
0,20190326.0,화,오정로(부천시계),B-26,유출,외발산사거리->오쇠삼거리,11010.0,37.54318,126.8123,9시,767.0
0,20190326.0,화,오정로(부천시계),B-26,유출,외발산사거리->오쇠삼거리,11010.0,37.54318,126.8123,10시,701.0
0,20190326.0,화,오정로(부천시계),B-26,유출,외발산사거리->오쇠삼거리,11010.0,37.54318,126.8123,11시,689.0
0,20190326.0,화,오정로(부천시계),B-26,유출,외발산사거리->오쇠삼거리,11010.0,37.54318,126.8123,12시,673.0
0,20190326.0,화,오정로(부천시계),B-26,유출,외발산사거리->오쇠삼거리,11010.0,37.54318,126.8123,13시,636.0
0,20190326.0,화,오정로(부천시계),B-26,유출,외발산사거리->오쇠삼거리,11010.0,37.54318,126.8123,14시,764.0
0,20190326.0,화,오정로(부천시계),B-26,유출,외발산사거리->오쇠삼거리,11010.0,37.54318,126.8123,15시,817.0
0,20190326.0,화,오정로(부천시계),B-26,유출,외발산사거리->오쇠삼거리,11010.0,37.54318,126.8123,16시,944.0
0,20190326.0,화,오정로(부천시계),B-26,유출,외발산사거리->오쇠삼거리,11010.0,37.54318,126.8123,17시,1241.0
0,20190326.0,화,오정로(부천시계),B-26,유출,외발산사거리->오쇠삼거리,11010.0,37.54318,126.8123,18시,1240.0
0,20190326.0,화,오정로(부천시계),B-26,유출,외발산사거리->오쇠삼거리,11010.0,37.54318,126.8123,19시,962.0
0,20190326.0,화,오정로(부천시계),B-26,유출,외발산사거리->오쇠삼거리,11010.0,37.54318,126.8123,20시,621.0
0,20190327.0,수,오정로(부천시계),B-26,유출,외발산사거리->오쇠삼거리,11149.0,37.54318,126.8123,8시,1002.0
0,20190327.0,수,오정로(부천시계),B-26,유출,외발산사거리->오쇠삼거리,11149.0,37.54318,126.8123,9시,697.0
0,20190327.0,수,오정로(부천시계),B-26,유출,외발산사거리->오쇠삼거리,11149.0,37.54318,126.8123,10시,713.0
0,20190327.0,수,오정로(부천시계),B-26,유출,외발산사거리->오쇠삼거리,11149.0,37.54318,126.8123,11시,683.0
0,20190327.0,수,오정로(부천시계),B-26,유출,외발산사거리->오쇠삼거리,11149.0,37.54318,126.8123,12시,651.0
0,20190327.0,수,오정로(부천시계),B-26,유출,외발산사거리->오쇠삼거리,11149.0,37.54318,126.8123,13시,714.0
0,20190327.0,수,오정로(부천시계),B-26,유출,외발산사거리->오쇠삼거리,11149.0,37.54318,126.8123,14시,791.0
0,20190327.0,수,오정로(부천시계),B-26,유출,외발산사거리->오쇠삼거리,11149.0,37.54318,126.8123,15시,837.0
0,20190327.0,수,오정로(부천시계),B-26,유출,외발산사거리->오쇠삼거리,11149.0,37.54318,126.8123,16시,970.0
0,20190327.0,수,오정로(부천시계),B-26,유출,외발산사거리->오쇠삼거리,11149.0,37.54318,126.8123,17시,1238.0
0,20190327.0,수,오정로(부천시계),B-26,유출,외발산사거리->오쇠삼거리,11149.0,37.54318,126.8123,18시,1383.0
0,20190327.0,수,오정로(부천시계),B-26,유출,외발산사거리->오쇠삼거리,11149.0,37.54318,126.8123,19시,912.0
0,20190327.0,수,오정로(부천시계),B-26,유출,외발산사거리->오쇠삼거리,11149.0,37.54318,126.8123,20시,558.0
0,20190328.0,목,오정로(부천시계),B-26,유출,외발산사거리->오쇠삼거리,10934.0,37.54318,126.8123,8시,962.0
0,20190328.0,목,오정로(부천시계),B-26,유출,외발산사거리->오쇠삼거리,10934.0,37.54318,126.8123,9시,698.0
0,20190328.0,목,오정로(부천시계),B-26,유출,외발산사거리->오쇠삼거리,10934.0,37.54318,126.8123,10시,688.0
0,20190328.0,목,오정로(부천시계),B-26,유출,외발산사거리->오쇠삼거리,10934.0,37.54318,126.8123,11시,707.0
0,20190328.0,목,오정로(부천시계),B-26,유출,외발산사거리->오쇠삼거리,10934.0,37.54318,126.8123,12시,650.0
0,20190328.0,목,오정로(부천시계),B-26,유출,외발산사거리->오쇠삼거리,10934.0,37.54318,126.8123,13시,608.0
0,20190328.0,목,오정로(부천시계),B-26,유출,외발산사거리->오쇠삼거리,10934.0,37.54318,126.8123,14시,760.0
0,20190328.0,목,오정로(부천시계),B-26,유출,외발산사거리->오쇠삼거리,10934.0,37.54318,126.8123,15시,805.0
0,20190328.0,목,오정로(부천시계),B-26,유출,외발산사거리->오쇠삼거리,10934.0,37.54318,126.8123,16시,1003.0
0,20190328.0,목,오정로(부천시계),B-26,유출,외발산사거리->오쇠삼거리,10934.0,37.54318,126.8123,17시,1252.0
0,20190328.0,목,오정로(부천시계),B-26,유출,외발산사거리->오쇠삼거리,10934.0,37.54318,126.8123,18시,1277.0
0,20190328.0,목,오정로(부천시계),B-26,유출,외발산사거리->오쇠삼거리,10934.0,37.54318,126.8123,19시,939.0
0,20190328.0,목,오정로(부천시계),B-26,유출,외발산사거리->오쇠삼거리,10934.0,37.54318,126.8123,20시,585.0
0,20190329.0,금,오정로(부천시계),B-26,유출,외발산사거리->오쇠삼거리,11619.0,37.54318,126.8123,8시,910.0
0,20190329.0,금,오정로(부천시계),B-26,유출,외발산사거리->오쇠삼거리,11619.0,37.54318,126.8123,9시,722.0
0,20190329.0,금,오정로(부천시계),B-26,유출,외발산사거리->오쇠삼거리,11619.0,37.54318,126.8123,10시,767.0
0,20190329.0,금,오정로(부천시계),B-26,유출,외발산사거리->오쇠삼거리,11619.0,37.54318,126.8123,11시,671.0
0,20190329.0,금,오정로(부천시계),B-26,유출,외발산사거리->오쇠삼거리,11619.0,37.54318,126.8123,12시,650.0
0,20190329.0,금,오정로(부천시계),B-26,유출,외발산사거리->오쇠삼거리,11619.0,37.54318,126.8123,13시,674.0
0,20190329.0,금,오정로(부천시계),B-26,유출,외발산사거리->오쇠삼거리,11619.0,37.54318,126.8123,14시,832.0
0,20190329.0,금,오정로(부천시계),B-26,유출,외발산사거리->오쇠삼거리,11619.0,37.54318,126.8123,15시,853.0
0,20190329.0,금,오정로(부천시계),B-26,유출,외발산사거리->오쇠삼거리,11619.0,37.54318,126.8123,16시,1065.0
0,20190329.0,금,오정로(부천시계),B-26,유출,외발산사거리->오쇠삼거리,11619.0,37.54318,126.8123,17시,1332.0
0,20190329.0,금,오정로(부천시계),B-26,유출,외발산사거리->오쇠삼거리,11619.0,37.54318,126.8123,18시,1358.0
0,20190329.0,금,오정로(부천시계),B-26,유출,외발산사거리->오쇠삼거리,11619.0,37.54318,126.8123,19시,1085.0
0,20190329.0,금,오정로(부천시계),B-26,유출,외발산사거리->오쇠삼거리,11619.0,37.54318,126.8123,20시,700.0
0,20190330.0,토,오정로(부천시계),B-26,유출,외발산사거리->오쇠삼거리,10236.0,37.54318,126.8123,8시,576.0
0,20190330.0,토,오정로(부천시계),B-26,유출,외발산사거리->오쇠삼거리,10236.0,37.54318,126.8123,9시,576.0
0,20190330.0,토,오정로(부천시계),B-26,유출,외발산사거리->오쇠삼거리,10236.0,37.54318,126.8123,10시,654.0
0,20190330.0,토,오정로(부천시계),B-26,유출,외발산사거리->오쇠삼거리,10236.0,37.54318,126.8123,11시,722.0
0,20190330.0,토,오정로(부천시계),B-26,유출,외발산사거리->오쇠삼거리,10236.0,37.54318,126.8123,12시,705.0
0,20190330.0,토,오정로(부천시계),B-26,유출,외발산사거리->오쇠삼거리,10236.0,37.54318,126.8123,13시,779.0
0,20190330.0,토,오정로(부천시계),B-26,유출,외발산사거리->오쇠삼거리,10236.0,37.54318,126.8123,14시,920.0
0,20190330.0,토,오정로(부천시계),B-26,유출,외발산사거리->오쇠삼거리,10236.0,37.54318,126.8123,15시,956.0
0,20190330.0,토,오정로(부천시계),B-26,유출,외발산사거리->오쇠삼거리,10236.0,37.54318,126.8123,16시,1058.0
0,20190330.0,토,오정로(부천시계),B-26,유출,외발산사거리->오쇠삼거리,10236.0,37.54318,126.8123,17시,1091.0
0,20190330.0,토,오정로(부천시계),B-26,유출,외발산사거리->오쇠삼거리,10236.0,37.54318,126.8123,18시,987.0
0,20190330.0,토,오정로(부천시계),B-26,유출,외발산사거리->오쇠삼거리,10236.0,37.54318,126.8123,19시,686.0
0,20190330.0,토,오정로(부천시계),B-26,유출,외발산사거리->오쇠삼거리,10236.0,37.54318,126.8123,20시,526.0
0,20190331.0,일,오정로(부천시계),B-26,유출,외발산사거리->오쇠삼거리,7859.0,37.54318,126.8123,8시,354.0
0,20190331.0,일,오정로(부천시계),B-26,유출,외발산사거리->오쇠삼거리,7859.0,37.54318,126.8123,9시,410.0
0,20190331.0,일,오정로(부천시계),B-26,유출,외발산사거리->오쇠삼거리,7859.0,37.54318,126.8123,10시,465.0
0,20190331.0,일,오정로(부천시계),B-26,유출,외발산사거리->오쇠삼거리,7859.0,37.54318,126.8123,11시,538.0
0,20190331.0,일,오정로(부천시계),B-26,유출,외발산사거리->오쇠삼거리,7859.0,37.54318,126.8123,12시,548.0
0,20190331.0,일,오정로(부천시계),B-26,유출,외발산사거리->오쇠삼거리,7859.0,37.54318,126.8123,13시,619.0
0,20190331.0,일,오정로(부천시계),B-26,유출,외발산사거리->오쇠삼거리,7859.0,37.54318,126.8123,14시,696.0
0,20190331.0,일,오정로(부천시계),B-26,유출,외발산사거리->오쇠삼거리,7859.0,37.54318,126.8123,15시,799.0
0,20190331.0,일,오정로(부천시계),B-26,유출,외발산사거리->오쇠삼거리,7859.0,37.54318,126.8123,16시,796.0
0,20190331.0,일,오정로(부천시계),B-26,유출,외발산사거리->오쇠삼거리,7859.0,37.54318,126.8123,17시,849.0
0,20190331.0,일,오정로(부천시계),B-26,유출,외발산사거리->오쇠삼거리,7859.0,37.54318,126.8123,18시,771.0
0,20190331.0,일,오정로(부천시계),B-26,유출,외발산사거리->오쇠삼거리,7859.0,37.54318,126.8123,19시,549.0
0,20190331.0,일,오정로(부천시계),B-26,유출,외발산사거리->오쇠삼거리,7859.0,37.54318,126.8123,20시,465.0
0,20190401.0,월,오정로(부천시계),B-26,유입,오쇠삼거리->외발산사거리,7519.0,37.54318,126.8123,8시,783.0
0,20190401.0,월,오정로(부천시계),B-26,유입,오쇠삼거리->외발산사거리,7519.0,37.54318,126.8123,9시,735.0
0,20190401.0,월,오정로(부천시계),B-26,유입,오쇠삼거리->외발산사거리,7519.0,37.54318,126.8123,10시,565.0
0,20190401.0,월,오정로(부천시계),B-26,유입,오쇠삼거리->외발산사거리,7519.0,37.54318,126.8123,11시,598.0
0,20190401.0,월,오정로(부천시계),B-26,유입,오쇠삼거리->외발산사거리,7519.0,37.54318,126.8123,12시,508.0
0,20190401.0,월,오정로(부천시계),B-26,유입,오쇠삼거리->외발산사거리,7519.0,37.54318,126.8123,13시,540.0
0,20190401.0,월,오정로(부천시계),B-26,유입,오쇠삼거리->외발산사거리,7519.0,37.54318,126.8123,14시,570.0
0,20190401.0,월,오정로(부천시계),B-26,유입,오쇠삼거리->외발산사거리,7519.0,37.54318,126.8123,15시,560.0
0,20190401.0,월,오정로(부천시계),B-26,유입,오쇠삼거리->외발산사거리,7519.0,37.54318,126.8123,16시,546.0
0,20190401.0,월,오정로(부천시계),B-26,유입,오쇠삼거리->외발산사거리,7519.0,37.54318,126.8123,17시,684.0
0,20190401.0,월,오정로(부천시계),B-26,유입,오쇠삼거리->외발산사거리,7519.0,37.54318,126.8123,18시,582.0
0,20190401.0,월,오정로(부천시계),B-26,유입,오쇠삼거리->외발산사거리,7519.0,37.54318,126.8123,19시,487.0
0,20190401.0,월,오정로(부천시계),B-26,유입,오쇠삼거리->외발산사거리,7519.0,37.54318,126.8123,20시,361.0
0,20190402.0,화,오정로(부천시계),B-26,유입,오쇠삼거리->외발산사거리,7556.0,37.54318,126.8123,8시,841.0
0,20190402.0,화,오정로(부천시계),B-26,유입,오쇠삼거리->외발산사거리,7556.0,37.54318,126.8123,9시,717.0
0,20190402.0,화,오정로(부천시계),B-26,유입,오쇠삼거리->외발산사거리,7556.0,37.54318,126.8123,10시,595.0
0,20190402.0,화,오정로(부천시계),B-26,유입,오쇠삼거리->외발산사거리,7556.0,37.54318,126.8123,11시,603.0
0,20190402.0,화,오정로(부천시계),B-26,유입,오쇠삼거리->외발산사거리,7556.0,37.54318,126.8123,12시,519.0
0,20190402.0,화,오정로(부천시계),B-26,유입,오쇠삼거리->외발산사거리,7556.0,37.54318,126.8123,13시,531.0
0,20190402.0,화,오정로(부천시계),B-26,유입,오쇠삼거리->외발산사거리,7556.0,37.54318,126.8123,14시,529.0
0,20190402.0,화,오정로(부천시계),B-26,유입,오쇠삼거리->외발산사거리,7556.0,37.54318,126.8123,15시,546.0
0,20190402.0,화,오정로(부천시계),B-26,유입,오쇠삼거리->외발산사거리,7556.0,37.54318,126.8123,16시,557.0
0,20190402.0,화,오정로(부천시계),B-26,유입,오쇠삼거리->외발산사거리,7556.0,37.54318,126.8123,17시,697.0
0,20190402.0,화,오정로(부천시계),B-26,유입,오쇠삼거리->외발산사거리,7556.0,37.54318,126.8123,18시,546.0
0,20190402.0,화,오정로(부천시계),B-26,유입,오쇠삼거리->외발산사거리,7556.0,37.54318,126.8123,19시,490.0
0,20190402.0,화,오정로(부천시계),B-26,유입,오쇠삼거리->외발산사거리,7556.0,37.54318,126.8123,20시,385.0
0,20190403.0,수,오정로(부천시계),B-26,유입,오쇠삼거리->외발산사거리,7594.0,37.54318,126.8123,8시,836.0
0,20190403.0,수,오정로(부천시계),B-26,유입,오쇠삼거리->외발산사거리,7594.0,37.54318,126.8123,9시,686.0
0,20190403.0,수,오정로(부천시계),B-26,유입,오쇠삼거리->외발산사거리,7594.0,37.54318,126.8123,10시,557.0
0,20190403.0,수,오정로(부천시계),B-26,유입,오쇠삼거리->외발산사거리,7594.0,37.54318,126.8123,11시,611.0
0,20190403.0,수,오정로(부천시계),B-26,유입,오쇠삼거리->외발산사거리,7594.0,37.54318,126.8123,12시,537.0
0,20190403.0,수,오정로(부천시계),B-26,유입,오쇠삼거리->외발산사거리,7594.0,37.54318,126.8123,13시,564.0
0,20190403.0,수,오정로(부천시계),B-26,유입,오쇠삼거리->외발산사거리,7594.0,37.54318,126.8123,14시,559.0
0,20190403.0,수,오정로(부천시계),B-26,유입,오쇠삼거리->외발산사거리,7594.0,37.54318,126.8123,15시,511.0
0,20190403.0,수,오정로(부천시계),B-26,유입,오쇠삼거리->외발산사거리,7594.0,37.54318,126.8123,16시,568.0
0,20190403.0,수,오정로(부천시계),B-26,유입,오쇠삼거리->외발산사거리,7594.0,37.54318,126.8123,17시,752.0
0,20190403.0,수,오정로(부천시계),B-26,유입,오쇠삼거리->외발산사거리,7594.0,37.54318,126.8123,18시,595.0
0,20190403.0,수,오정로(부천시계),B-26,유입,오쇠삼거리->외발산사거리,7594.0,37.54318,126.8123,19시,442.0
0,20190403.0,수,오정로(부천시계),B-26,유입,오쇠삼거리->외발산사거리,7594.0,37.54318,126.8123,20시,376.0
0,20190404.0,목,오정로(부천시계),B-26,유입,오쇠삼거리->외발산사거리,7708.0,37.54318,126.8123,8시,850.0
0,20190404.0,목,오정로(부천시계),B-26,유입,오쇠삼거리->외발산사거리,7708.0,37.54318,126.8123,9시,683.0
0,20190404.0,목,오정로(부천시계),B-26,유입,오쇠삼거리->외발산사거리,7708.0,37.54318,126.8123,10시,622.0
0,20190404.0,목,오정로(부천시계),B-26,유입,오쇠삼거리->외발산사거리,7708.0,37.54318,126.8123,11시,622.0
0,20190404.0,목,오정로(부천시계),B-26,유입,오쇠삼거리->외발산사거리,7708.0,37.54318,126.8123,12시,546.0
0,20190404.0,목,오정로(부천시계),B-26,유입,오쇠삼거리->외발산사거리,7708.0,37.54318,126.8123,13시,587.0
0,20190404.0,목,오정로(부천시계),B-26,유입,오쇠삼거리->외발산사거리,7708.0,37.54318,126.8123,14시,523.0
0,20190404.0,목,오정로(부천시계),B-26,유입,오쇠삼거리->외발산사거리,7708.0,37.54318,126.8123,15시,556.0
0,20190404.0,목,오정로(부천시계),B-26,유입,오쇠삼거리->외발산사거리,7708.0,37.54318,126.8123,16시,559.0
0,20190404.0,목,오정로(부천시계),B-26,유입,오쇠삼거리->외발산사거리,7708.0,37.54318,126.8123,17시,749.0
0,20190404.0,목,오정로(부천시계),B-26,유입,오쇠삼거리->외발산사거리,7708.0,37.54318,126.8123,18시,574.0
0,20190404.0,목,오정로(부천시계),B-26,유입,오쇠삼거리->외발산사거리,7708.0,37.54318,126.8123,19시,442.0
0,20190404.0,목,오정로(부천시계),B-26,유입,오쇠삼거리->외발산사거리,7708.0,37.54318,126.8123,20시,395.0
0,20190405.0,금,오정로(부천시계),B-26,유입,오쇠삼거리->외발산사거리,7922.0,37.54318,126.8123,8시,809.0
0,20190405.0,금,오정로(부천시계),B-26,유입,오쇠삼거리->외발산사거리,7922.0,37.54318,126.8123,9시,762.0
0,20190405.0,금,오정로(부천시계),B-26,유입,오쇠삼거리->외발산사거리,7922.0,37.54318,126.8123,10시,604.0
0,20190405.0,금,오정로(부천시계),B-26,유입,오쇠삼거리->외발산사거리,7922.0,37.54318,126.8123,11시,665.0
0,20190405.0,금,오정로(부천시계),B-26,유입,오쇠삼거리->외발산사거리,7922.0,37.54318,126.8123,12시,555.0
0,20190405.0,금,오정로(부천시계),B-26,유입,오쇠삼거리->외발산사거리,7922.0,37.54318,126.8123,13시,553.0
0,20190405.0,금,오정로(부천시계),B-26,유입,오쇠삼거리->외발산사거리,7922.0,37.54318,126.8123,14시,561.0
0,20190405.0,금,오정로(부천시계),B-26,유입,오쇠삼거리->외발산사거리,7922.0,37.54318,126.8123,15시,558.0
0,20190405.0,금,오정로(부천시계),B-26,유입,오쇠삼거리->외발산사거리,7922.0,37.54318,126.8123,16시,628.0
0,20190405.0,금,오정로(부천시계),B-26,유입,오쇠삼거리->외발산사거리,7922.0,37.54318,126.8123,17시,778.0
0,20190405.0,금,오정로(부천시계),B-26,유입,오쇠삼거리->외발산사거리,7922.0,37.54318,126.8123,18시,571.0
0,20190405.0,금,오정로(부천시계),B-26,유입,오쇠삼거리->외발산사거리,7922.0,37.54318,126.8123,19시,486.0
0,20190405.0,금,오정로(부천시계),B-26,유입,오쇠삼거리->외발산사거리,7922.0,37.54318,126.8123,20시,392.0
0,20190406.0,토,오정로(부천시계),B-26,유입,오쇠삼거리->외발산사거리,7371.0,37.54318,126.8123,8시,539.0
0,20190406.0,토,오정로(부천시계),B-26,유입,오쇠삼거리->외발산사거리,7371.0,37.54318,126.8123,9시,677.0
0,20190406.0,토,오정로(부천시계),B-26,유입,오쇠삼거리->외발산사거리,7371.0,37.54318,126.8123,10시,605.0
0,20190406.0,토,오정로(부천시계),B-26,유입,오쇠삼거리->외발산사거리,7371.0,37.54318,126.8123,11시,719.0
0,20190406.0,토,오정로(부천시계),B-26,유입,오쇠삼거리->외발산사거리,7371.0,37.54318,126.8123,12시,689.0
0,20190406.0,토,오정로(부천시계),B-26,유입,오쇠삼거리->외발산사거리,7371.0,37.54318,126.8123,13시,641.0
0,20190406.0,토,오정로(부천시계),B-26,유입,오쇠삼거리->외발산사거리,7371.0,37.54318,126.8123,14시,658.0
0,20190406.0,토,오정로(부천시계),B-26,유입,오쇠삼거리->외발산사거리,7371.0,37.54318,126.8123,15시,608.0
0,20190406.0,토,오정로(부천시계),B-26,유입,오쇠삼거리->외발산사거리,7371.0,37.54318,126.8123,16시,599.0
0,20190406.0,토,오정로(부천시계),B-26,유입,오쇠삼거리->외발산사거리,7371.0,37.54318,126.8123,17시,547.0
0,20190406.0,토,오정로(부천시계),B-26,유입,오쇠삼거리->외발산사거리,7371.0,37.54318,126.8123,18시,438.0
0,20190406.0,토,오정로(부천시계),B-26,유입,오쇠삼거리->외발산사거리,7371.0,37.54318,126.8123,19시,344.0
0,20190406.0,토,오정로(부천시계),B-26,유입,오쇠삼거리->외발산사거리,7371.0,37.54318,126.8123,20시,307.0
0,20190407.0,일,오정로(부천시계),B-26,유입,오쇠삼거리->외발산사거리,6237.0,37.54318,126.8123,8시,354.0
0,20190407.0,일,오정로(부천시계),B-26,유입,오쇠삼거리->외발산사거리,6237.0,37.54318,126.8123,9시,462.0
0,20190407.0,일,오정로(부천시계),B-26,유입,오쇠삼거리->외발산사거리,6237.0,37.54318,126.8123,10시,447.0
0,20190407.0,일,오정로(부천시계),B-26,유입,오쇠삼거리->외발산사거리,6237.0,37.54318,126.8123,11시,485.0
0,20190407.0,일,오정로(부천시계),B-26,유입,오쇠삼거리->외발산사거리,6237.0,37.54318,126.8123,12시,543.0
0,20190407.0,일,오정로(부천시계),B-26,유입,오쇠삼거리->외발산사거리,6237.0,37.54318,126.8123,13시,584.0
0,20190407.0,일,오정로(부천시계),B-26,유입,오쇠삼거리->외발산사거리,6237.0,37.54318,126.8123,14시,547.0
0,20190407.0,일,오정로(부천시계),B-26,유입,오쇠삼거리->외발산사거리,6237.0,37.54318,126.8123,15시,541.0
0,20190407.0,일,오정로(부천시계),B-26,유입,오쇠삼거리->외발산사거리,6237.0,37.54318,126.8123,16시,556.0
0,20190407.0,일,오정로(부천시계),B-26,유입,오쇠삼거리->외발산사거리,6237.0,37.54318,126.8123,17시,526.0
0,20190407.0,일,오정로(부천시계),B-26,유입,오쇠삼거리->외발산사거리,6237.0,37.54318,126.8123,18시,486.0
0,20190407.0,일,오정로(부천시계),B-26,유입,오쇠삼거리->외발산사거리,6237.0,37.54318,126.8123,19시,423.0
0,20190407.0,일,오정로(부천시계),B-26,유입,오쇠삼거리->외발산사거리,6237.0,37.54318,126.8123,20시,283.0
0,20190408.0,월,오정로(부천시계),B-26,유입,오쇠삼거리->외발산사거리,7770.0,37.54318,126.8123,8시,836.0
0,20190408.0,월,오정로(부천시계),B-26,유입,오쇠삼거리->외발산사거리,7770.0,37.54318,126.8123,9시,695.0
0,20190408.0,월,오정로(부천시계),B-26,유입,오쇠삼거리->외발산사거리,7770.0,37.54318,126.8123,10시,666.0
0,20190408.0,월,오정로(부천시계),B-26,유입,오쇠삼거리->외발산사거리,7770.0,37.54318,126.8123,11시,598.0
0,20190408.0,월,오정로(부천시계),B-26,유입,오쇠삼거리->외발산사거리,7770.0,37.54318,126.8123,12시,537.0
0,20190408.0,월,오정로(부천시계),B-26,유입,오쇠삼거리->외발산사거리,7770.0,37.54318,126.8123,13시,535.0
0,20190408.0,월,오정로(부천시계),B-26,유입,오쇠삼거리->외발산사거리,7770.0,37.54318,126.8123,14시,572.0
0,20190408.0,월,오정로(부천시계),B-26,유입,오쇠삼거리->외발산사거리,7770.0,37.54318,126.8123,15시,572.0
0,20190408.0,월,오정로(부천시계),B-26,유입,오쇠삼거리->외발산사거리,7770.0,37.54318,126.8123,16시,570.0
0,20190408.0,월,오정로(부천시계),B-26,유입,오쇠삼거리->외발산사거리,7770.0,37.54318,126.8123,17시,747.0
0,20190408.0,월,오정로(부천시계),B-26,유입,오쇠삼거리->외발산사거리,7770.0,37.54318,126.8123,18시,619.0
0,20190408.0,월,오정로(부천시계),B-26,유입,오쇠삼거리->외발산사거리,7770.0,37.54318,126.8123,19시,460.0
0,20190408.0,월,오정로(부천시계),B-26,유입,오쇠삼거리->외발산사거리,7770.0,37.54318,126.8123,20시,363.0
0,20190409.0,화,오정로(부천시계),B-26,유입,오쇠삼거리->외발산사거리,7354.0,37.54318,126.8123,8시,771.0
0,20190409.0,화,오정로(부천시계),B-26,유입,오쇠삼거리->외발산사거리,7354.0,37.54318,126.8123,9시,686.0
0,20190409.0,화,오정로(부천시계),B-26,유입,오쇠삼거리->외발산사거리,7354.0,37.54318,126.8123,10시,621.0
0,20190409.0,화,오정로(부천시계),B-26,유입,오쇠삼거리->외발산사거리,7354.0,37.54318,126.8123,11시,597.0
0,20190409.0,화,오정로(부천시계),B-26,유입,오쇠삼거리->외발산사거리,7354.0,37.54318,126.8123,12시,523.0
0,20190409.0,화,오정로(부천시계),B-26,유입,오쇠삼거리->외발산사거리,7354.0,37.54318,126.8123,13시,546.0
0,20190409.0,화,오정로(부천시계),B-26,유입,오쇠삼거리->외발산사거리,7354.0,37.54318,126.8123,14시,536.0
0,20190409.0,화,오정로(부천시계),B-26,유입,오쇠삼거리->외발산사거리,7354.0,37.54318,126.8123,15시,518.0
0,20190409.0,화,오정로(부천시계),B-26,유입,오쇠삼거리->외발산사거리,7354.0,37.54318,126.8123,16시,569.0
0,20190409.0,화,오정로(부천시계),B-26,유입,오쇠삼거리->외발산사거리,7354.0,37.54318,126.8123,17시,643.0
0,20190409.0,화,오정로(부천시계),B-26,유입,오쇠삼거리->외발산사거리,7354.0,37.54318,126.8123,18시,552.0
0,20190409.0,화,오정로(부천시계),B-26,유입,오쇠삼거리->외발산사거리,7354.0,37.54318,126.8123,19시,429.0
0,20190409.0,화,오정로(부천시계),B-26,유입,오쇠삼거리->외발산사거리,7354.0,37.54318,126.8123,20시,363.0
0,20190410.0,수,오정로(부천시계),B-26,유입,오쇠삼거리->외발산사거리,7455.0,37.54318,126.8123,8시,793.0
0,20190410.0,수,오정로(부천시계),B-26,유입,오쇠삼거리->외발산사거리,7455.0,37.54318,126.8123,9시,694.0
0,20190410.0,수,오정로(부천시계),B-26,유입,오쇠삼거리->외발산사거리,7455.0,37.54318,126.8123,10시,573.0
0,20190410.0,수,오정로(부천시계),B-26,유입,오쇠삼거리->외발산사거리,7455.0,37.54318,126.8123,11시,601.0
0,20190410.0,수,오정로(부천시계),B-26,유입,오쇠삼거리->외발산사거리,7455.0,37.54318,126.8123,12시,544.0
0,20190410.0,수,오정로(부천시계),B-26,유입,오쇠삼거리->외발산사거리,7455.0,37.54318,126.8123,13시,504.0
0,20190410.0,수,오정로(부천시계),B-26,유입,오쇠삼거리->외발산사거리,7455.0,37.54318,126.8123,14시,530.0
0,20190410.0,수,오정로(부천시계),B-26,유입,오쇠삼거리->외발산사거리,7455.0,37.54318,126.8123,15시,494.0
0,20190410.0,수,오정로(부천시계),B-26,유입,오쇠삼거리->외발산사거리,7455.0,37.54318,126.8123,16시,550.0
0,20190410.0,수,오정로(부천시계),B-26,유입,오쇠삼거리->외발산사거리,7455.0,37.54318,126.8123,17시,730.0
0,20190410.0,수,오정로(부천시계),B-26,유입,오쇠삼거리->외발산사거리,7455.0,37.54318,126.8123,18시,571.0
0,20190410.0,수,오정로(부천시계),B-26,유입,오쇠삼거리->외발산사거리,7455.0,37.54318,126.8123,19시,474.0
0,20190410.0,수,오정로(부천시계),B-26,유입,오쇠삼거리->외발산사거리,7455.0,37.54318,126.8123,20시,397.0
0,20190411.0,목,오정로(부천시계),B-26,유입,오쇠삼거리->외발산사거리,7356.0,37.54318,126.8123,8시,777.0
0,20190411.0,목,오정로(부천시계),B-26,유입,오쇠삼거리->외발산사거리,7356.0,37.54318,126.8123,9시,698.0
0,20190411.0,목,오정로(부천시계),B-26,유입,오쇠삼거리->외발산사거리,7356.0,37.54318,126.8123,10시,588.0
0,20190411.0,목,오정로(부천시계),B-26,유입,오쇠삼거리->외발산사거리,7356.0,37.54318,126.8123,11시,573.0
0,20190411.0,목,오정로(부천시계),B-26,유입,오쇠삼거리->외발산사거리,7356.0,37.54318,126.8123,12시,522.0
0,20190411.0,목,오정로(부천시계),B-26,유입,오쇠삼거리->외발산사거리,7356.0,37.54318,126.8123,13시,530.0
0,20190411.0,목,오정로(부천시계),B-26,유입,오쇠삼거리->외발산사거리,7356.0,37.54318,126.8123,14시,547.0
0,20190411.0,목,오정로(부천시계),B-26,유입,오쇠삼거리->외발산사거리,7356.0,37.54318,126.8123,15시,508.0
0,20190411.0,목,오정로(부천시계),B-26,유입,오쇠삼거리->외발산사거리,7356.0,37.54318,126.8123,16시,573.0
0,20190411.0,목,오정로(부천시계),B-26,유입,오쇠삼거리->외발산사거리,7356.0,37.54318,126.8123,17시,683.0
0,20190411.0,목,오정로(부천시계),B-26,유입,오쇠삼거리->외발산사거리,7356.0,37.54318,126.8123,18시,522.0
0,20190411.0,목,오정로(부천시계),B-26,유입,오쇠삼거리->외발산사거리,7356.0,37.54318,126.8123,19시,481.0
0,20190411.0,목,오정로(부천시계),B-26,유입,오쇠삼거리->외발산사거리,7356.0,37.54318,126.8123,20시,354.0
0,20190412.0,금,오정로(부천시계),B-26,유입,오쇠삼거리->외발산사거리,7860.0,37.54318,126.8123,8시,786.0
0,20190412.0,금,오정로(부천시계),B-26,유입,오쇠삼거리->외발산사거리,7860.0,37.54318,126.8123,9시,715.0
0,20190412.0,금,오정로(부천시계),B-26,유입,오쇠삼거리->외발산사거리,7860.0,37.54318,126.8123,10시,597.0
0,20190412.0,금,오정로(부천시계),B-26,유입,오쇠삼거리->외발산사거리,7860.0,37.54318,126.8123,11시,612.0
0,20190412.0,금,오정로(부천시계),B-26,유입,오쇠삼거리->외발산사거리,7860.0,37.54318,126.8123,12시,568.0
0,20190412.0,금,오정로(부천시계),B-26,유입,오쇠삼거리->외발산사거리,7860.0,37.54318,126.8123,13시,588.0
0,20190412.0,금,오정로(부천시계),B-26,유입,오쇠삼거리->외발산사거리,7860.0,37.54318,126.8123,14시,547.0
0,20190412.0,금,오정로(부천시계),B-26,유입,오쇠삼거리->외발산사거리,7860.0,37.54318,126.8123,15시,626.0
0,20190412.0,금,오정로(부천시계),B-26,유입,오쇠삼거리->외발산사거리,7860.0,37.54318,126.8123,16시,612.0
0,20190412.0,금,오정로(부천시계),B-26,유입,오쇠삼거리->외발산사거리,7860.0,37.54318,126.8123,17시,763.0
0,20190412.0,금,오정로(부천시계),B-26,유입,오쇠삼거리->외발산사거리,7860.0,37.54318,126.8123,18시,609.0
0,20190412.0,금,오정로(부천시계),B-26,유입,오쇠삼거리->외발산사거리,7860.0,37.54318,126.8123,19시,487.0
0,20190412.0,금,오정로(부천시계),B-26,유입,오쇠삼거리->외발산사거리,7860.0,37.54318,126.8123,20시,350.0
0,20190413.0,토,오정로(부천시계),B-26,유입,오쇠삼거리->외발산사거리,7588.0,37.54318,126.8123,8시,621.0
0,20190413.0,토,오정로(부천시계),B-26,유입,오쇠삼거리->외발산사거리,7588.0,37.54318,126.8123,9시,641.0
0,20190413.0,토,오정로(부천시계),B-26,유입,오쇠삼거리->외발산사거리,7588.0,37.54318,126.8123,10시,602.0
0,20190413.0,토,오정로(부천시계),B-26,유입,오쇠삼거리->외발산사거리,7588.0,37.54318,126.8123,11시,631.0
0,20190413.0,토,오정로(부천시계),B-26,유입,오쇠삼거리->외발산사거리,7588.0,37.54318,126.8123,12시,691.0
0,20190413.0,토,오정로(부천시계),B-26,유입,오쇠삼거리->외발산사거리,7588.0,37.54318,126.8123,13시,643.0
0,20190413.0,토,오정로(부천시계),B-26,유입,오쇠삼거리->외발산사거리,7588.0,37.54318,126.8123,14시,623.0
0,20190413.0,토,오정로(부천시계),B-26,유입,오쇠삼거리->외발산사거리,7588.0,37.54318,126.8123,15시,667.0
0,20190413.0,토,오정로(부천시계),B-26,유입,오쇠삼거리->외발산사거리,7588.0,37.54318,126.8123,16시,580.0
0,20190413.0,토,오정로(부천시계),B-26,유입,오쇠삼거리->외발산사거리,7588.0,37.54318,126.8123,17시,628.0
0,20190413.0,토,오정로(부천시계),B-26,유입,오쇠삼거리->외발산사거리,7588.0,37.54318,126.8123,18시,569.0
0,20190413.0,토,오정로(부천시계),B-26,유입,오쇠삼거리->외발산사거리,7588.0,37.54318,126.8123,19시,392.0
0,20190413.0,토,오정로(부천시계),B-26,유입,오쇠삼거리->외발산사거리,7588.0,37.54318,126.8123,20시,300.0
0,20190414.0,일,오정로(부천시계),B-26,유입,오쇠삼거리->외발산사거리,5795.0,37.54318,126.8123,8시,352.0
0,20190414.0,일,오정로(부천시계),B-26,유입,오쇠삼거리->외발산사거리,5795.0,37.54318,126.8123,9시,449.0
0,20190414.0,일,오정로(부천시계),B-26,유입,오쇠삼거리->외발산사거리,5795.0,37.54318,126.8123,10시,418.0
0,20190414.0,일,오정로(부천시계),B-26,유입,오쇠삼거리->외발산사거리,5795.0,37.54318,126.8123,11시,444.0
0,20190414.0,일,오정로(부천시계),B-26,유입,오쇠삼거리->외발산사거리,5795.0,37.54318,126.8123,12시,464.0
0,20190414.0,일,오정로(부천시계),B-26,유입,오쇠삼거리->외발산사거리,5795.0,37.54318,126.8123,13시,521.0
0,20190414.0,일,오정로(부천시계),B-26,유입,오쇠삼거리->외발산사거리,5795.0,37.54318,126.8123,14시,509.0
0,20190414.0,일,오정로(부천시계),B-26,유입,오쇠삼거리->외발산사거리,5795.0,37.54318,126.8123,15시,482.0
0,20190414.0,일,오정로(부천시계),B-26,유입,오쇠삼거리->외발산사거리,5795.0,37.54318,126.8123,16시,528.0
0,20190414.0,일,오정로(부천시계),B-26,유입,오쇠삼거리->외발산사거리,5795.0,37.54318,126.8123,17시,531.0
0,20190414.0,일,오정로(부천시계),B-26,유입,오쇠삼거리->외발산사거리,5795.0,37.54318,126.8123,18시,450.0
0,20190414.0,일,오정로(부천시계),B-26,유입,오쇠삼거리->외발산사거리,5795.0,37.54318,126.8123,19시,346.0
0,20190414.0,일,오정로(부천시계),B-26,유입,오쇠삼거리->외발산사거리,5795.0,37.54318,126.8123,20시,301.0
0,20190415.0,월,오정로(부천시계),B-26,유입,오쇠삼거리->외발산사거리,7736.0,37.54318,126.8123,8시,754.0
0,20190415.0,월,오정로(부천시계),B-26,유입,오쇠삼거리->외발산사거리,7736.0,37.54318,126.8123,9시,761.0
0,20190415.0,월,오정로(부천시계),B-26,유입,오쇠삼거리->외발산사거리,7736.0,37.54318,126.8123,10시,600.0
0,20190415.0,월,오정로(부천시계),B-26,유입,오쇠삼거리->외발산사거리,7736.0,37.54318,126.8123,11시,614.0
0,20190415.0,월,오정로(부천시계),B-26,유입,오쇠삼거리->외발산사거리,7736.0,37.54318,126.8123,12시,604.0
0,20190415.0,월,오정로(부천시계),B-26,유입,오쇠삼거리->외발산사거리,7736.0,37.54318,126.8123,13시,552.0
0,20190415.0,월,오정로(부천시계),B-26,유입,오쇠삼거리->외발산사거리,7736.0,37.54318,126.8123,14시,532.0
0,20190415.0,월,오정로(부천시계),B-26,유입,오쇠삼거리->외발산사거리,7736.0,37.54318,126.8123,15시,520.0
0,20190415.0,월,오정로(부천시계),B-26,유입,오쇠삼거리->외발산사거리,7736.0,37.54318,126.8123,16시,586.0
0,20190415.0,월,오정로(부천시계),B-26,유입,오쇠삼거리->외발산사거리,7736.0,37.54318,126.8123,17시,709.0
0,20190415.0,월,오정로(부천시계),B-26,유입,오쇠삼거리->외발산사거리,7736.0,37.54318,126.8123,18시,569.0
0,20190415.0,월,오정로(부천시계),B-26,유입,오쇠삼거리->외발산사거리,7736.0,37.54318,126.8123,19시,513.0
0,20190415.0,월,오정로(부천시계),B-26,유입,오쇠삼거리->외발산사거리,7736.0,37.54318,126.8123,20시,422.0
0,20190416.0,화,오정로(부천시계),B-26,유입,오쇠삼거리->외발산사거리,7730.0,37.54318,126.8123,8시,742.0
0,20190416.0,화,오정로(부천시계),B-26,유입,오쇠삼거리->외발산사거리,7730.0,37.54318,126.8123,9시,755.0
0,20190416.0,화,오정로(부천시계),B-26,유입,오쇠삼거리->외발산사거리,7730.0,37.54318,126.8123,10시,646.0
0,20190416.0,화,오정로(부천시계),B-26,유입,오쇠삼거리->외발산사거리,7730.0,37.54318,126.8123,11시,640.0
0,20190416.0,화,오정로(부천시계),B-26,유입,오쇠삼거리->외발산사거리,7730.0,37.54318,126.8123,12시,548.0
0,20190416.0,화,오정로(부천시계),B-26,유입,오쇠삼거리->외발산사거리,7730.0,37.54318,126.8123,13시,571.0
0,20190416.0,화,오정로(부천시계),B-26,유입,오쇠삼거리->외발산사거리,7730.0,37.54318,126.8123,14시,534.0
0,20190416.0,화,오정로(부천시계),B-26,유입,오쇠삼거리->외발산사거리,7730.0,37.54318,126.8123,15시,565.0
0,20190416.0,화,오정로(부천시계),B-26,유입,오쇠삼거리->외발산사거리,7730.0,37.54318,126.8123,16시,561.0
0,20190416.0,화,오정로(부천시계),B-26,유입,오쇠삼거리->외발산사거리,7730.0,37.54318,126.8123,17시,686.0
0,20190416.0,화,오정로(부천시계),B-26,유입,오쇠삼거리->외발산사거리,7730.0,37.54318,126.8123,18시,626.0
0,20190416.0,화,오정로(부천시계),B-26,유입,오쇠삼거리->외발산사거리,7730.0,37.54318,126.8123,19시,480.0
0,20190416.0,화,오정로(부천시계),B-26,유입,오쇠삼거리->외발산사거리,7730.0,37.54318,126.8123,20시,376.0
0,20190417.0,수,오정로(부천시계),B-26,유입,오쇠삼거리->외발산사거리,7787.0,37.54318,126.8123,8시,794.0
0,20190417.0,수,오정로(부천시계),B-26,유입,오쇠삼거리->외발산사거리,7787.0,37.54318,126.8123,9시,760.0
0,20190417.0,수,오정로(부천시계),B-26,유입,오쇠삼거리->외발산사거리,7787.0,37.54318,126.8123,10시,592.0
0,20190417.0,수,오정로(부천시계),B-26,유입,오쇠삼거리->외발산사거리,7787.0,37.54318,126.8123,11시,638.0
0,20190417.0,수,오정로(부천시계),B-26,유입,오쇠삼거리->외발산사거리,7787.0,37.54318,126.8123,12시,560.0
0,20190417.0,수,오정로(부천시계),B-26,유입,오쇠삼거리->외발산사거리,7787.0,37.54318,126.8123,13시,574.0
0,20190417.0,수,오정로(부천시계),B-26,유입,오쇠삼거리->외발산사거리,7787.0,37.54318,126.8123,14시,564.0
0,20190417.0,수,오정로(부천시계),B-26,유입,오쇠삼거리->외발산사거리,7787.0,37.54318,126.8123,15시,556.0
0,20190417.0,수,오정로(부천시계),B-26,유입,오쇠삼거리->외발산사거리,7787.0,37.54318,126.8123,16시,562.0
0,20190417.0,수,오정로(부천시계),B-26,유입,오쇠삼거리->외발산사거리,7787.0,37.54318,126.8123,17시,701.0
0,20190417.0,수,오정로(부천시계),B-26,유입,오쇠삼거리->외발산사거리,7787.0,37.54318,126.8123,18시,583.0
0,20190417.0,수,오정로(부천시계),B-26,유입,오쇠삼거리->외발산사거리,7787.0,37.54318,126.8123,19시,524.0
0,20190417.0,수,오정로(부천시계),B-26,유입,오쇠삼거리->외발산사거리,7787.0,37.54318,126.8123,20시,379.0
0,20190418.0,목,오정로(부천시계),B-26,유입,오쇠삼거리->외발산사거리,7629.0,37.54318,126.8123,8시,815.0
0,20190418.0,목,오정로(부천시계),B-26,유입,오쇠삼거리->외발산사거리,7629.0,37.54318,126.8123,9시,694.0
0,20190418.0,목,오정로(부천시계),B-26,유입,오쇠삼거리->외발산사거리,7629.0,37.54318,126.8123,10시,642.0
0,20190418.0,목,오정로(부천시계),B-26,유입,오쇠삼거리->외발산사거리,7629.0,37.54318,126.8123,11시,612.0
0,20190418.0,목,오정로(부천시계),B-26,유입,오쇠삼거리->외발산사거리,7629.0,37.54318,126.8123,12시,514.0
0,20190418.0,목,오정로(부천시계),B-26,유입,오쇠삼거리->외발산사거리,7629.0,37.54318,126.8123,13시,564.0
0,20190418.0,목,오정로(부천시계),B-26,유입,오쇠삼거리->외발산사거리,7629.0,37.54318,126.8123,14시,547.0
0,20190418.0,목,오정로(부천시계),B-26,유입,오쇠삼거리->외발산사거리,7629.0,37.54318,126.8123,15시,563.0
0,20190418.0,목,오정로(부천시계),B-26,유입,오쇠삼거리->외발산사거리,7629.0,37.54318,126.8123,16시,617.0
0,20190418.0,목,오정로(부천시계),B-26,유입,오쇠삼거리->외발산사거리,7629.0,37.54318,126.8123,17시,689.0
0,20190418.0,목,오정로(부천시계),B-26,유입,오쇠삼거리->외발산사거리,7629.0,37.54318,126.8123,18시,548.0
0,20190418.0,목,오정로(부천시계),B-26,유입,오쇠삼거리->외발산사거리,7629.0,37.54318,126.8123,19시,463.0
0,20190418.0,목,오정로(부천시계),B-26,유입,오쇠삼거리->외발산사거리,7629.0,37.54318,126.8123,20시,361.0
0,20190419.0,금,오정로(부천시계),B-26,유입,오쇠삼거리->외발산사거리,7870.0,37.54318,126.8123,8시,802.0
0,20190419.0,금,오정로(부천시계),B-26,유입,오쇠삼거리->외발산사거리,7870.0,37.54318,126.8123,9시,670.0
0,20190419.0,금,오정로(부천시계),B-26,유입,오쇠삼거리->외발산사거리,7870.0,37.54318,126.8123,10시,669.0
0,20190419.0,금,오정로(부천시계),B-26,유입,오쇠삼거리->외발산사거리,7870.0,37.54318,126.8123,11시,617.0
0,20190419.0,금,오정로(부천시계),B-26,유입,오쇠삼거리->외발산사거리,7870.0,37.54318,126.8123,12시,548.0
0,20190419.0,금,오정로(부천시계),B-26,유입,오쇠삼거리->외발산사거리,7870.0,37.54318,126.8123,13시,563.0
0,20190419.0,금,오정로(부천시계),B-26,유입,오쇠삼거리->외발산사거리,7870.0,37.54318,126.8123,14시,594.0
0,20190419.0,금,오정로(부천시계),B-26,유입,오쇠삼거리->외발산사거리,7870.0,37.54318,126.8123,15시,593.0
0,20190419.0,금,오정로(부천시계),B-26,유입,오쇠삼거리->외발산사거리,7870.0,37.54318,126.8123,16시,589.0
0,20190419.0,금,오정로(부천시계),B-26,유입,오쇠삼거리->외발산사거리,7870.0,37.54318,126.8123,17시,724.0
0,20190419.0,금,오정로(부천시계),B-26,유입,오쇠삼거리->외발산사거리,7870.0,37.54318,126.8123,18시,583.0
0,20190419.0,금,오정로(부천시계),B-26,유입,오쇠삼거리->외발산사거리,7870.0,37.54318,126.8123,19시,551.0
0,20190419.0,금,오정로(부천시계),B-26,유입,오쇠삼거리->외발산사거리,7870.0,37.54318,126.8123,20시,367.0
0,20190420.0,토,오정로(부천시계),B-26,유입,오쇠삼거리->외발산사거리,7167.0,37.54318,126.8123,8시,577.0
0,20190420.0,토,오정로(부천시계),B-26,유입,오쇠삼거리->외발산사거리,7167.0,37.54318,126.8123,9시,608.0
0,20190420.0,토,오정로(부천시계),B-26,유입,오쇠삼거리->외발산사거리,7167.0,37.54318,126.8123,10시,582.0
0,20190420.0,토,오정로(부천시계),B-26,유입,오쇠삼거리->외발산사거리,7167.0,37.54318,126.8123,11시,599.0
0,20190420.0,토,오정로(부천시계),B-26,유입,오쇠삼거리->외발산사거리,7167.0,37.54318,126.8123,12시,628.0
0,20190420.0,토,오정로(부천시계),B-26,유입,오쇠삼거리->외발산사거리,7167.0,37.54318,126.8123,13시,634.0
0,20190420.0,토,오정로(부천시계),B-26,유입,오쇠삼거리->외발산사거리,7167.0,37.54318,126.8123,14시,572.0
0,20190420.0,토,오정로(부천시계),B-26,유입,오쇠삼거리->외발산사거리,7167.0,37.54318,126.8123,15시,589.0
0,20190420.0,토,오정로(부천시계),B-26,유입,오쇠삼거리->외발산사거리,7167.0,37.54318,126.8123,16시,581.0
0,20190420.0,토,오정로(부천시계),B-26,유입,오쇠삼거리->외발산사거리,7167.0,37.54318,126.8123,17시,606.0
0,20190420.0,토,오정로(부천시계),B-26,유입,오쇠삼거리->외발산사거리,7167.0,37.54318,126.8123,18시,527.0
0,20190420.0,토,오정로(부천시계),B-26,유입,오쇠삼거리->외발산사거리,7167.0,37.54318,126.8123,19시,350.0
0,20190420.0,토,오정로(부천시계),B-26,유입,오쇠삼거리->외발산사거리,7167.0,37.54318,126.8123,20시,314.0
0,20190421.0,일,오정로(부천시계),B-26,유입,오쇠삼거리->외발산사거리,5763.0,37.54318,126.8123,8시,323.0
0,20190421.0,일,오정로(부천시계),B-26,유입,오쇠삼거리->외발산사거리,5763.0,37.54318,126.8123,9시,437.0
0,20190421.0,일,오정로(부천시계),B-26,유입,오쇠삼거리->외발산사거리,5763.0,37.54318,126.8123,10시,429.0
0,20190421.0,일,오정로(부천시계),B-26,유입,오쇠삼거리->외발산사거리,5763.0,37.54318,126.8123,11시,450.0
0,20190421.0,일,오정로(부천시계),B-26,유입,오쇠삼거리->외발산사거리,5763.0,37.54318,126.8123,12시,465.0
0,20190421.0,일,오정로(부천시계),B-26,유입,오쇠삼거리->외발산사거리,5763.0,37.54318,126.8123,13시,471.0
0,20190421.0,일,오정로(부천시계),B-26,유입,오쇠삼거리->외발산사거리,5763.0,37.54318,126.8123,14시,509.0
0,20190421.0,일,오정로(부천시계),B-26,유입,오쇠삼거리->외발산사거리,5763.0,37.54318,126.8123,15시,460.0
0,20190421.0,일,오정로(부천시계),B-26,유입,오쇠삼거리->외발산사거리,5763.0,37.54318,126.8123,16시,504.0
0,20190421.0,일,오정로(부천시계),B-26,유입,오쇠삼거리->외발산사거리,5763.0,37.54318,126.8123,17시,540.0
0,20190421.0,일,오정로(부천시계),B-26,유입,오쇠삼거리->외발산사거리,5763.0,37.54318,126.8123,18시,460.0
0,20190421.0,일,오정로(부천시계),B-26,유입,오쇠삼거리->외발산사거리,5763.0,37.54318,126.8123,19시,375.0
0,20190421.0,일,오정로(부천시계),B-26,유입,오쇠삼거리->외발산사거리,5763.0,37.54318,126.8123,20시,340.0
0,20190422.0,월,오정로(부천시계),B-26,유입,오쇠삼거리->외발산사거리,7594.0,37.54318,126.8123,8시,826.0
0,20190422.0,월,오정로(부천시계),B-26,유입,오쇠삼거리->외발산사거리,7594.0,37.54318,126.8123,9시,676.0
0,20190422.0,월,오정로(부천시계),B-26,유입,오쇠삼거리->외발산사거리,7594.0,37.54318,126.8123,10시,617.0
0,20190422.0,월,오정로(부천시계),B-26,유입,오쇠삼거리->외발산사거리,7594.0,37.54318,126.8123,11시,630.0
0,20190422.0,월,오정로(부천시계),B-26,유입,오쇠삼거리->외발산사거리,7594.0,37.54318,126.8123,12시,580.0
0,20190422.0,월,오정로(부천시계),B-26,유입,오쇠삼거리->외발산사거리,7594.0,37.54318,126.8123,13시,542.0
0,20190422.0,월,오정로(부천시계),B-26,유입,오쇠삼거리->외발산사거리,7594.0,37.54318,126.8123,14시,472.0
0,20190422.0,월,오정로(부천시계),B-26,유입,오쇠삼거리->외발산사거리,7594.0,37.54318,126.8123,15시,523.0
0,20190422.0,월,오정로(부천시계),B-26,유입,오쇠삼거리->외발산사거리,7594.0,37.54318,126.8123,16시,505.0
0,20190422.0,월,오정로(부천시계),B-26,유입,오쇠삼거리->외발산사거리,7594.0,37.54318,126.8123,17시,696.0
0,20190422.0,월,오정로(부천시계),B-26,유입,오쇠삼거리->외발산사거리,7594.0,37.54318,126.8123,18시,597.0
0,20190422.0,월,오정로(부천시계),B-26,유입,오쇠삼거리->외발산사거리,7594.0,37.54318,126.8123,19시,542.0
0,20190422.0,월,오정로(부천시계),B-26,유입,오쇠삼거리->외발산사거리,7594.0,37.54318,126.8123,20시,388.0
0,20190423.0,화,오정로(부천시계),B-26,유입,오쇠삼거리->외발산사거리,7576.0,37.54318,126.8123,8시,753.0
0,20190423.0,화,오정로(부천시계),B-26,유입,오쇠삼거리->외발산사거리,7576.0,37.54318,126.8123,9시,713.0
0,20190423.0,화,오정로(부천시계),B-26,유입,오쇠삼거리->외발산사거리,7576.0,37.54318,126.8123,10시,614.0
0,20190423.0,화,오정로(부천시계),B-26,유입,오쇠삼거리->외발산사거리,7576.0,37.54318,126.8123,11시,597.0
0,20190423.0,화,오정로(부천시계),B-26,유입,오쇠삼거리->외발산사거리,7576.0,37.54318,126.8123,12시,570.0
0,20190423.0,화,오정로(부천시계),B-26,유입,오쇠삼거리->외발산사거리,7576.0,37.54318,126.8123,13시,552.0
0,20190423.0,화,오정로(부천시계),B-26,유입,오쇠삼거리->외발산사거리,7576.0,37.54318,126.8123,14시,528.0
0,20190423.0,화,오정로(부천시계),B-26,유입,오쇠삼거리->외발산사거리,7576.0,37.54318,126.8123,15시,542.0
0,20190423.0,화,오정로(부천시계),B-26,유입,오쇠삼거리->외발산사거리,7576.0,37.54318,126.8123,16시,545.0
0,20190423.0,화,오정로(부천시계),B-26,유입,오쇠삼거리->외발산사거리,7576.0,37.54318,126.8123,17시,723.0
0,20190423.0,화,오정로(부천시계),B-26,유입,오쇠삼거리->외발산사거리,7576.0,37.54318,126.8123,18시,558.0
0,20190423.0,화,오정로(부천시계),B-26,유입,오쇠삼거리->외발산사거리,7576.0,37.54318,126.8123,19시,488.0
0,20190423.0,화,오정로(부천시계),B-26,유입,오쇠삼거리->외발산사거리,7576.0,37.54318,126.8123,20시,393.0
0,20190424.0,수,오정로(부천시계),B-26,유입,오쇠삼거리->외발산사거리,7490.0,37.54318,126.8123,8시,794.0
0,20190424.0,수,오정로(부천시계),B-26,유입,오쇠삼거리->외발산사거리,7490.0,37.54318,126.8123,9시,723.0
0,20190424.0,수,오정로(부천시계),B-26,유입,오쇠삼거리->외발산사거리,7490.0,37.54318,126.8123,10시,571.0
0,20190424.0,수,오정로(부천시계),B-26,유입,오쇠삼거리->외발산사거리,7490.0,37.54318,126.8123,11시,599.0
0,20190424.0,수,오정로(부천시계),B-26,유입,오쇠삼거리->외발산사거리,7490.0,37.54318,126.8123,12시,502.0
0,20190424.0,수,오정로(부천시계),B-26,유입,오쇠삼거리->외발산사거리,7490.0,37.54318,126.8123,13시,534.0
0,20190424.0,수,오정로(부천시계),B-26,유입,오쇠삼거리->외발산사거리,7490.0,37.54318,126.8123,14시,522.0
0,20190424.0,수,오정로(부천시계),B-26,유입,오쇠삼거리->외발산사거리,7490.0,37.54318,126.8123,15시,456.0
0,20190424.0,수,오정로(부천시계),B-26,유입,오쇠삼거리->외발산사거리,7490.0,37.54318,126.8123,16시,575.0
0,20190424.0,수,오정로(부천시계),B-26,유입,오쇠삼거리->외발산사거리,7490.0,37.54318,126.8123,17시,734.0
0,20190424.0,수,오정로(부천시계),B-26,유입,오쇠삼거리->외발산사거리,7490.0,37.54318,126.8123,18시,571.0
0,20190424.0,수,오정로(부천시계),B-26,유입,오쇠삼거리->외발산사거리,7490.0,37.54318,126.8123,19시,513.0
0,20190424.0,수,오정로(부천시계),B-26,유입,오쇠삼거리->외발산사거리,7490.0,37.54318,126.8123,20시,396.0
0,20190425.0,목,오정로(부천시계),B-26,유입,오쇠삼거리->외발산사거리,7401.0,37.54318,126.8123,8시,759.0
0,20190425.0,목,오정로(부천시계),B-26,유입,오쇠삼거리->외발산사거리,7401.0,37.54318,126.8123,9시,676.0
0,20190425.0,목,오정로(부천시계),B-26,유입,오쇠삼거리->외발산사거리,7401.0,37.54318,126.8123,10시,624.0
0,20190425.0,목,오정로(부천시계),B-26,유입,오쇠삼거리->외발산사거리,7401.0,37.54318,126.8123,11시,603.0
0,20190425.0,목,오정로(부천시계),B-26,유입,오쇠삼거리->외발산사거리,7401.0,37.54318,126.8123,12시,546.0
0,20190425.0,목,오정로(부천시계),B-26,유입,오쇠삼거리->외발산사거리,7401.0,37.54318,126.8123,13시,548.0
0,20190425.0,목,오정로(부천시계),B-26,유입,오쇠삼거리->외발산사거리,7401.0,37.54318,126.8123,14시,524.0
0,20190425.0,목,오정로(부천시계),B-26,유입,오쇠삼거리->외발산사거리,7401.0,37.54318,126.8123,15시,501.0
0,20190425.0,목,오정로(부천시계),B-26,유입,오쇠삼거리->외발산사거리,7401.0,37.54318,126.8123,16시,526.0
0,20190425.0,목,오정로(부천시계),B-26,유입,오쇠삼거리->외발산사거리,7401.0,37.54318,126.8123,17시,732.0
0,20190425.0,목,오정로(부천시계),B-26,유입,오쇠삼거리->외발산사거리,7401.0,37.54318,126.8123,18시,545.0
0,20190425.0,목,오정로(부천시계),B-26,유입,오쇠삼거리->외발산사거리,7401.0,37.54318,126.8123,19시,446.0
0,20190425.0,목,오정로(부천시계),B-26,유입,오쇠삼거리->외발산사거리,7401.0,37.54318,126.8123,20시,371.0
0,20190426.0,금,오정로(부천시계),B-26,유입,오쇠삼거리->외발산사거리,7726.0,37.54318,126.8123,8시,819.0
0,20190426.0,금,오정로(부천시계),B-26,유입,오쇠삼거리->외발산사거리,7726.0,37.54318,126.8123,9시,711.0
0,20190426.0,금,오정로(부천시계),B-26,유입,오쇠삼거리->외발산사거리,7726.0,37.54318,126.8123,10시,650.0
0,20190426.0,금,오정로(부천시계),B-26,유입,오쇠삼거리->외발산사거리,7726.0,37.54318,126.8123,11시,587.0
0,20190426.0,금,오정로(부천시계),B-26,유입,오쇠삼거리->외발산사거리,7726.0,37.54318,126.8123,12시,537.0
0,20190426.0,금,오정로(부천시계),B-26,유입,오쇠삼거리->외발산사거리,7726.0,37.54318,126.8123,13시,561.0
0,20190426.0,금,오정로(부천시계),B-26,유입,오쇠삼거리->외발산사거리,7726.0,37.54318,126.8123,14시,516.0
0,20190426.0,금,오정로(부천시계),B-26,유입,오쇠삼거리->외발산사거리,7726.0,37.54318,126.8123,15시,534.0
0,20190426.0,금,오정로(부천시계),B-26,유입,오쇠삼거리->외발산사거리,7726.0,37.54318,126.8123,16시,582.0
0,20190426.0,금,오정로(부천시계),B-26,유입,오쇠삼거리->외발산사거리,7726.0,37.54318,126.8123,17시,761.0
0,20190426.0,금,오정로(부천시계),B-26,유입,오쇠삼거리->외발산사거리,7726.0,37.54318,126.8123,18시,599.0
0,20190426.0,금,오정로(부천시계),B-26,유입,오쇠삼거리->외발산사거리,7726.0,37.54318,126.8123,19시,477.0
0,20190426.0,금,오정로(부천시계),B-26,유입,오쇠삼거리->외발산사거리,7726.0,37.54318,126.8123,20시,392.0
0,20190427.0,토,오정로(부천시계),B-26,유입,오쇠삼거리->외발산사거리,7737.0,37.54318,126.8123,8시,529.0
0,20190427.0,토,오정로(부천시계),B-26,유입,오쇠삼거리->외발산사거리,7737.0,37.54318,126.8123,9시,609.0
0,20190427.0,토,오정로(부천시계),B-26,유입,오쇠삼거리->외발산사거리,7737.0,37.54318,126.8123,10시,663.0
0,20190427.0,토,오정로(부천시계),B-26,유입,오쇠삼거리->외발산사거리,7737.0,37.54318,126.8123,11시,710.0
0,20190427.0,토,오정로(부천시계),B-26,유입,오쇠삼거리->외발산사거리,7737.0,37.54318,126.8123,12시,696.0
0,20190427.0,토,오정로(부천시계),B-26,유입,오쇠삼거리->외발산사거리,7737.0,37.54318,126.8123,13시,699.0
0,20190427.0,토,오정로(부천시계),B-26,유입,오쇠삼거리->외발산사거리,7737.0,37.54318,126.8123,14시,693.0
0,20190427.0,토,오정로(부천시계),B-26,유입,오쇠삼거리->외발산사거리,7737.0,37.54318,126.8123,15시,713.0
0,20190427.0,토,오정로(부천시계),B-26,유입,오쇠삼거리->외발산사거리,7737.0,37.54318,126.8123,16시,579.0
0,20190427.0,토,오정로(부천시계),B-26,유입,오쇠삼거리->외발산사거리,7737.0,37.54318,126.8123,17시,654.0
0,20190427.0,토,오정로(부천시계),B-26,유입,오쇠삼거리->외발산사거리,7737.0,37.54318,126.8123,18시,511.0
0,20190427.0,토,오정로(부천시계),B-26,유입,오쇠삼거리->외발산사거리,7737.0,37.54318,126.8123,19시,375.0
0,20190427.0,토,오정로(부천시계),B-26,유입,오쇠삼거리->외발산사거리,7737.0,37.54318,126.8123,20시,306.0
0,20190428.0,일,오정로(부천시계),B-26,유입,오쇠삼거리->외발산사거리,6077.0,37.54318,126.8123,8시,359.0
0,20190428.0,일,오정로(부천시계),B-26,유입,오쇠삼거리->외발산사거리,6077.0,37.54318,126.8123,9시,478.0
0,20190428.0,일,오정로(부천시계),B-26,유입,오쇠삼거리->외발산사거리,6077.0,37.54318,126.8123,10시,473.0
0,20190428.0,일,오정로(부천시계),B-26,유입,오쇠삼거리->외발산사거리,6077.0,37.54318,126.8123,11시,479.0
0,20190428.0,일,오정로(부천시계),B-26,유입,오쇠삼거리->외발산사거리,6077.0,37.54318,126.8123,12시,535.0
0,20190428.0,일,오정로(부천시계),B-26,유입,오쇠삼거리->외발산사거리,6077.0,37.54318,126.8123,13시,548.0
0,20190428.0,일,오정로(부천시계),B-26,유입,오쇠삼거리->외발산사거리,6077.0,37.54318,126.8123,14시,533.0
0,20190428.0,일,오정로(부천시계),B-26,유입,오쇠삼거리->외발산사거리,6077.0,37.54318,126.8123,15시,488.0
0,20190428.0,일,오정로(부천시계),B-26,유입,오쇠삼거리->외발산사거리,6077.0,37.54318,126.8123,16시,541.0
0,20190428.0,일,오정로(부천시계),B-26,유입,오쇠삼거리->외발산사거리,6077.0,37.54318,126.8123,17시,518.0
0,20190428.0,일,오정로(부천시계),B-26,유입,오쇠삼거리->외발산사거리,6077.0,37.54318,126.8123,18시,430.0
0,20190428.0,일,오정로(부천시계),B-26,유입,오쇠삼거리->외발산사거리,6077.0,37.54318,126.8123,19시,356.0
0,20190428.0,일,오정로(부천시계),B-26,유입,오쇠삼거리->외발산사거리,6077.0,37.54318,126.8123,20시,339.0
0,20190429.0,월,오정로(부천시계),B-26,유입,오쇠삼거리->외발산사거리,7584.0,37.54318,126.8123,8시,786.0
0,20190429.0,월,오정로(부천시계),B-26,유입,오쇠삼거리->외발산사거리,7584.0,37.54318,126.8123,9시,718.0
0,20190429.0,월,오정로(부천시계),B-26,유입,오쇠삼거리->외발산사거리,7584.0,37.54318,126.8123,10시,607.0
0,20190429.0,월,오정로(부천시계),B-26,유입,오쇠삼거리->외발산사거리,7584.0,37.54318,126.8123,11시,629.0
0,20190429.0,월,오정로(부천시계),B-26,유입,오쇠삼거리->외발산사거리,7584.0,37.54318,126.8123,12시,506.0
0,20190429.0,월,오정로(부천시계),B-26,유입,오쇠삼거리->외발산사거리,7584.0,37.54318,126.8123,13시,571.0
0,20190429.0,월,오정로(부천시계),B-26,유입,오쇠삼거리->외발산사거리,7584.0,37.54318,126.8123,14시,526.0
0,20190429.0,월,오정로(부천시계),B-26,유입,오쇠삼거리->외발산사거리,7584.0,37.54318,126.8123,15시,540.0
0,20190429.0,월,오정로(부천시계),B-26,유입,오쇠삼거리->외발산사거리,7584.0,37.54318,126.8123,16시,562.0
0,20190429.0,월,오정로(부천시계),B-26,유입,오쇠삼거리->외발산사거리,7584.0,37.54318,126.8123,17시,684.0
0,20190429.0,월,오정로(부천시계),B-26,유입,오쇠삼거리->외발산사거리,7584.0,37.54318,126.8123,18시,587.0
0,20190429.0,월,오정로(부천시계),B-26,유입,오쇠삼거리->외발산사거리,7584.0,37.54318,126.8123,19시,480.0
0,20190429.0,월,오정로(부천시계),B-26,유입,오쇠삼거리->외발산사거리,7584.0,37.54318,126.8123,20시,388.0
0,20190430.0,화,오정로(부천시계),B-26,유입,오쇠삼거리->외발산사거리,7826.0,37.54318,126.8123,8시,765.0
0,20190430.0,화,오정로(부천시계),B-26,유입,오쇠삼거리->외발산사거리,7826.0,37.54318,126.8123,9시,796.0
0,20190430.0,화,오정로(부천시계),B-26,유입,오쇠삼거리->외발산사거리,7826.0,37.54318,126.8123,10시,605.0
0,20190430.0,화,오정로(부천시계),B-26,유입,오쇠삼거리->외발산사거리,7826.0,37.54318,126.8123,11시,636.0
0,20190430.0,화,오정로(부천시계),B-26,유입,오쇠삼거리->외발산사거리,7826.0,37.54318,126.8123,12시,553.0
0,20190430.0,화,오정로(부천시계),B-26,유입,오쇠삼거리->외발산사거리,7826.0,37.54318,126.8123,13시,556.0
0,20190430.0,화,오정로(부천시계),B-26,유입,오쇠삼거리->외발산사거리,7826.0,37.54318,126.8123,14시,552.0
0,20190430.0,화,오정로(부천시계),B-26,유입,오쇠삼거리->외발산사거리,7826.0,37.54318,126.8123,15시,533.0
0,20190430.0,화,오정로(부천시계),B-26,유입,오쇠삼거리->외발산사거리,7826.0,37.54318,126.8123,16시,565.0
0,20190430.0,화,오정로(부천시계),B-26,유입,오쇠삼거리->외발산사거리,7826.0,37.54318,126.8123,17시,731.0
0,20190430.0,화,오정로(부천시계),B-26,유입,오쇠삼거리->외발산사거리,7826.0,37.54318,126.8123,18시,605.0
0,20190430.0,화,오정로(부천시계),B-26,유입,오쇠삼거리->외발산사거리,7826.0,37.54318,126.8123,19시,481.0
0,20190430.0,화,오정로(부천시계),B-26,유입,오쇠삼거리->외발산사거리,7826.0,37.54318,126.8123,20시,448.0
0,20190401.0,월,오정로(부천시계),B-26,유출,외발산사거리->오쇠삼거리,10863.0,37.54318,126.8123,8시,1003.0
0,20190401.0,월,오정로(부천시계),B-26,유출,외발산사거리->오쇠삼거리,10863.0,37.54318,126.8123,9시,683.0
0,20190401.0,월,오정로(부천시계),B-26,유출,외발산사거리->오쇠삼거리,10863.0,37.54318,126.8123,10시,669.0
0,20190401.0,월,오정로(부천시계),B-26,유출,외발산사거리->오쇠삼거리,10863.0,37.54318,126.8123,11시,705.0
0,20190401.0,월,오정로(부천시계),B-26,유출,외발산사거리->오쇠삼거리,10863.0,37.54318,126.8123,12시,631.0
0,20190401.0,월,오정로(부천시계),B-26,유출,외발산사거리->오쇠삼거리,10863.0,37.54318,126.8123,13시,676.0
0,20190401.0,월,오정로(부천시계),B-26,유출,외발산사거리->오쇠삼거리,10863.0,37.54318,126.8123,14시,688.0
0,20190401.0,월,오정로(부천시계),B-26,유출,외발산사거리->오쇠삼거리,10863.0,37.54318,126.8123,15시,801.0
0,20190401.0,월,오정로(부천시계),B-26,유출,외발산사거리->오쇠삼거리,10863.0,37.54318,126.8123,16시,975.0
0,20190401.0,월,오정로(부천시계),B-26,유출,외발산사거리->오쇠삼거리,10863.0,37.54318,126.8123,17시,1231.0
0,20190401.0,월,오정로(부천시계),B-26,유출,외발산사거리->오쇠삼거리,10863.0,37.54318,126.8123,18시,1309.0
0,20190401.0,월,오정로(부천시계),B-26,유출,외발산사거리->오쇠삼거리,10863.0,37.54318,126.8123,19시,938.0
0,20190401.0,월,오정로(부천시계),B-26,유출,외발산사거리->오쇠삼거리,10863.0,37.54318,126.8123,20시,554.0
0,20190402.0,화,오정로(부천시계),B-26,유출,외발산사거리->오쇠삼거리,10877.0,37.54318,126.8123,8시,945.0
0,20190402.0,화,오정로(부천시계),B-26,유출,외발산사거리->오쇠삼거리,10877.0,37.54318,126.8123,9시,687.0
0,20190402.0,화,오정로(부천시계),B-26,유출,외발산사거리->오쇠삼거리,10877.0,37.54318,126.8123,10시,715.0
0,20190402.0,화,오정로(부천시계),B-26,유출,외발산사거리->오쇠삼거리,10877.0,37.54318,126.8123,11시,640.0
0,20190402.0,화,오정로(부천시계),B-26,유출,외발산사거리->오쇠삼거리,10877.0,37.54318,126.8123,12시,647.0
0,20190402.0,화,오정로(부천시계),B-26,유출,외발산사거리->오쇠삼거리,10877.0,37.54318,126.8123,13시,657.0
0,20190402.0,화,오정로(부천시계),B-26,유출,외발산사거리->오쇠삼거리,10877.0,37.54318,126.8123,14시,709.0
0,20190402.0,화,오정로(부천시계),B-26,유출,외발산사거리->오쇠삼거리,10877.0,37.54318,126.8123,15시,795.0
0,20190402.0,화,오정로(부천시계),B-26,유출,외발산사거리->오쇠삼거리,10877.0,37.54318,126.8123,16시,903.0
0,20190402.0,화,오정로(부천시계),B-26,유출,외발산사거리->오쇠삼거리,10877.0,37.54318,126.8123,17시,1264.0
0,20190402.0,화,오정로(부천시계),B-26,유출,외발산사거리->오쇠삼거리,10877.0,37.54318,126.8123,18시,1361.0
0,20190402.0,화,오정로(부천시계),B-26,유출,외발산사거리->오쇠삼거리,10877.0,37.54318,126.8123,19시,991.0
0,20190402.0,화,오정로(부천시계),B-26,유출,외발산사거리->오쇠삼거리,10877.0,37.54318,126.8123,20시,563.0
0,20190403.0,수,오정로(부천시계),B-26,유출,외발산사거리->오쇠삼거리,10939.0,37.54318,126.8123,8시,947.0
0,20190403.0,수,오정로(부천시계),B-26,유출,외발산사거리->오쇠삼거리,10939.0,37.54318,126.8123,9시,691.0
0,20190403.0,수,오정로(부천시계),B-26,유출,외발산사거리->오쇠삼거리,10939.0,37.54318,126.8123,10시,709.0
0,20190403.0,수,오정로(부천시계),B-26,유출,외발산사거리->오쇠삼거리,10939.0,37.54318,126.8123,11시,736.0
0,20190403.0,수,오정로(부천시계),B-26,유출,외발산사거리->오쇠삼거리,10939.0,37.54318,126.8123,12시,619.0
0,20190403.0,수,오정로(부천시계),B-26,유출,외발산사거리->오쇠삼거리,10939.0,37.54318,126.8123,13시,647.0
0,20190403.0,수,오정로(부천시계),B-26,유출,외발산사거리->오쇠삼거리,10939.0,37.54318,126.8123,14시,689.0
0,20190403.0,수,오정로(부천시계),B-26,유출,외발산사거리->오쇠삼거리,10939.0,37.54318,126.8123,15시,824.0
0,20190403.0,수,오정로(부천시계),B-26,유출,외발산사거리->오쇠삼거리,10939.0,37.54318,126.8123,16시,929.0
0,20190403.0,수,오정로(부천시계),B-26,유출,외발산사거리->오쇠삼거리,10939.0,37.54318,126.8123,17시,1234.0
0,20190403.0,수,오정로(부천시계),B-26,유출,외발산사거리->오쇠삼거리,10939.0,37.54318,126.8123,18시,1320.0
0,20190403.0,수,오정로(부천시계),B-26,유출,외발산사거리->오쇠삼거리,10939.0,37.54318,126.8123,19시,1023.0
0,20190403.0,수,오정로(부천시계),B-26,유출,외발산사거리->오쇠삼거리,10939.0,37.54318,126.8123,20시,571.0
0,20190404.0,목,오정로(부천시계),B-26,유출,외발산사거리->오쇠삼거리,11132.0,37.54318,126.8123,8시,936.0
0,20190404.0,목,오정로(부천시계),B-26,유출,외발산사거리->오쇠삼거리,11132.0,37.54318,126.8123,9시,741.0
0,20190404.0,목,오정로(부천시계),B-26,유출,외발산사거리->오쇠삼거리,11132.0,37.54318,126.8123,10시,716.0
0,20190404.0,목,오정로(부천시계),B-26,유출,외발산사거리->오쇠삼거리,11132.0,37.54318,126.8123,11시,739.0
0,20190404.0,목,오정로(부천시계),B-26,유출,외발산사거리->오쇠삼거리,11132.0,37.54318,126.8123,12시,657.0
0,20190404.0,목,오정로(부천시계),B-26,유출,외발산사거리->오쇠삼거리,11132.0,37.54318,126.8123,13시,716.0
0,20190404.0,목,오정로(부천시계),B-26,유출,외발산사거리->오쇠삼거리,11132.0,37.54318,126.8123,14시,774.0
0,20190404.0,목,오정로(부천시계),B-26,유출,외발산사거리->오쇠삼거리,11132.0,37.54318,126.8123,15시,772.0
0,20190404.0,목,오정로(부천시계),B-26,유출,외발산사거리->오쇠삼거리,11132.0,37.54318,126.8123,16시,992.0
0,20190404.0,목,오정로(부천시계),B-26,유출,외발산사거리->오쇠삼거리,11132.0,37.54318,126.8123,17시,1235.0
0,20190404.0,목,오정로(부천시계),B-26,유출,외발산사거리->오쇠삼거리,11132.0,37.54318,126.8123,18시,1308.0
0,20190404.0,목,오정로(부천시계),B-26,유출,외발산사거리->오쇠삼거리,11132.0,37.54318,126.8123,19시,975.0
0,20190404.0,목,오정로(부천시계),B-26,유출,외발산사거리->오쇠삼거리,11132.0,37.54318,126.8123,20시,571.0
0,20190405.0,금,오정로(부천시계),B-26,유출,외발산사거리->오쇠삼거리,12060.0,37.54318,126.8123,8시,959.0
0,20190405.0,금,오정로(부천시계),B-26,유출,외발산사거리->오쇠삼거리,12060.0,37.54318,126.8123,9시,795.0
0,20190405.0,금,오정로(부천시계),B-26,유출,외발산사거리->오쇠삼거리,12060.0,37.54318,126.8123,10시,739.0
0,20190405.0,금,오정로(부천시계),B-26,유출,외발산사거리->오쇠삼거리,12060.0,37.54318,126.8123,11시,728.0
0,20190405.0,금,오정로(부천시계),B-26,유출,외발산사거리->오쇠삼거리,12060.0,37.54318,126.8123,12시,676.0
0,20190405.0,금,오정로(부천시계),B-26,유출,외발산사거리->오쇠삼거리,12060.0,37.54318,126.8123,13시,739.0
0,20190405.0,금,오정로(부천시계),B-26,유출,외발산사거리->오쇠삼거리,12060.0,37.54318,126.8123,14시,813.0
0,20190405.0,금,오정로(부천시계),B-26,유출,외발산사거리->오쇠삼거리,12060.0,37.54318,126.8123,15시,895.0
0,20190405.0,금,오정로(부천시계),B-26,유출,외발산사거리->오쇠삼거리,12060.0,37.54318,126.8123,16시,1098.0
0,20190405.0,금,오정로(부천시계),B-26,유출,외발산사거리->오쇠삼거리,12060.0,37.54318,126.8123,17시,1270.0
0,20190405.0,금,오정로(부천시계),B-26,유출,외발산사거리->오쇠삼거리,12060.0,37.54318,126.8123,18시,1431.0
0,20190405.0,금,오정로(부천시계),B-26,유출,외발산사거리->오쇠삼거리,12060.0,37.54318,126.8123,19시,1186.0
0,20190405.0,금,오정로(부천시계),B-26,유출,외발산사거리->오쇠삼거리,12060.0,37.54318,126.8123,20시,731.0
0,20190406.0,토,오정로(부천시계),B-26,유출,외발산사거리->오쇠삼거리,10066.0,37.54318,126.8123,8시,590.0
0,20190406.0,토,오정로(부천시계),B-26,유출,외발산사거리->오쇠삼거리,10066.0,37.54318,126.8123,9시,643.0
0,20190406.0,토,오정로(부천시계),B-26,유출,외발산사거리->오쇠삼거리,10066.0,37.54318,126.8123,10시,705.0
0,20190406.0,토,오정로(부천시계),B-26,유출,외발산사거리->오쇠삼거리,10066.0,37.54318,126.8123,11시,721.0
0,20190406.0,토,오정로(부천시계),B-26,유출,외발산사거리->오쇠삼거리,10066.0,37.54318,126.8123,12시,696.0
0,20190406.0,토,오정로(부천시계),B-26,유출,외발산사거리->오쇠삼거리,10066.0,37.54318,126.8123,13시,797.0
0,20190406.0,토,오정로(부천시계),B-26,유출,외발산사거리->오쇠삼거리,10066.0,37.54318,126.8123,14시,833.0
0,20190406.0,토,오정로(부천시계),B-26,유출,외발산사거리->오쇠삼거리,10066.0,37.54318,126.8123,15시,938.0
0,20190406.0,토,오정로(부천시계),B-26,유출,외발산사거리->오쇠삼거리,10066.0,37.54318,126.8123,16시,1072.0
0,20190406.0,토,오정로(부천시계),B-26,유출,외발산사거리->오쇠삼거리,10066.0,37.54318,126.8123,17시,1055.0
0,20190406.0,토,오정로(부천시계),B-26,유출,외발산사거리->오쇠삼거리,10066.0,37.54318,126.8123,18시,878.0
0,20190406.0,토,오정로(부천시계),B-26,유출,외발산사거리->오쇠삼거리,10066.0,37.54318,126.8123,19시,646.0
0,20190406.0,토,오정로(부천시계),B-26,유출,외발산사거리->오쇠삼거리,10066.0,37.54318,126.8123,20시,492.0
0,20190407.0,일,오정로(부천시계),B-26,유출,외발산사거리->오쇠삼거리,7929.0,37.54318,126.8123,8시,340.0
0,20190407.0,일,오정로(부천시계),B-26,유출,외발산사거리->오쇠삼거리,7929.0,37.54318,126.8123,9시,445.0
0,20190407.0,일,오정로(부천시계),B-26,유출,외발산사거리->오쇠삼거리,7929.0,37.54318,126.8123,10시,542.0
0,20190407.0,일,오정로(부천시계),B-26,유출,외발산사거리->오쇠삼거리,7929.0,37.54318,126.8123,11시,498.0
0,20190407.0,일,오정로(부천시계),B-26,유출,외발산사거리->오쇠삼거리,7929.0,37.54318,126.8123,12시,534.0
0,20190407.0,일,오정로(부천시계),B-26,유출,외발산사거리->오쇠삼거리,7929.0,37.54318,126.8123,13시,629.0
0,20190407.0,일,오정로(부천시계),B-26,유출,외발산사거리->오쇠삼거리,7929.0,37.54318,126.8123,14시,687.0
0,20190407.0,일,오정로(부천시계),B-26,유출,외발산사거리->오쇠삼거리,7929.0,37.54318,126.8123,15시,748.0
0,20190407.0,일,오정로(부천시계),B-26,유출,외발산사거리->오쇠삼거리,7929.0,37.54318,126.8123,16시,858.0
0,20190407.0,일,오정로(부천시계),B-26,유출,외발산사거리->오쇠삼거리,7929.0,37.54318,126.8123,17시,816.0
0,20190407.0,일,오정로(부천시계),B-26,유출,외발산사거리->오쇠삼거리,7929.0,37.54318,126.8123,18시,732.0
0,20190407.0,일,오정로(부천시계),B-26,유출,외발산사거리->오쇠삼거리,7929.0,37.54318,126.8123,19시,613.0
0,20190407.0,일,오정로(부천시계),B-26,유출,외발산사거리->오쇠삼거리,7929.0,37.54318,126.8123,20시,487.0
0,20190408.0,월,오정로(부천시계),B-26,유출,외발산사거리->오쇠삼거리,10880.0,37.54318,126.8123,8시,949.0
0,20190408.0,월,오정로(부천시계),B-26,유출,외발산사거리->오쇠삼거리,10880.0,37.54318,126.8123,9시,740.0
0,20190408.0,월,오정로(부천시계),B-26,유출,외발산사거리->오쇠삼거리,10880.0,37.54318,126.8123,10시,716.0
0,20190408.0,월,오정로(부천시계),B-26,유출,외발산사거리->오쇠삼거리,10880.0,37.54318,126.8123,11시,688.0
0,20190408.0,월,오정로(부천시계),B-26,유출,외발산사거리->오쇠삼거리,10880.0,37.54318,126.8123,12시,623.0
0,20190408.0,월,오정로(부천시계),B-26,유출,외발산사거리->오쇠삼거리,10880.0,37.54318,126.8123,13시,599.0
0,20190408.0,월,오정로(부천시계),B-26,유출,외발산사거리->오쇠삼거리,10880.0,37.54318,126.8123,14시,742.0
0,20190408.0,월,오정로(부천시계),B-26,유출,외발산사거리->오쇠삼거리,10880.0,37.54318,126.8123,15시,808.0
0,20190408.0,월,오정로(부천시계),B-26,유출,외발산사거리->오쇠삼거리,10880.0,37.54318,126.8123,16시,936.0
0,20190408.0,월,오정로(부천시계),B-26,유출,외발산사거리->오쇠삼거리,10880.0,37.54318,126.8123,17시,1204.0
0,20190408.0,월,오정로(부천시계),B-26,유출,외발산사거리->오쇠삼거리,10880.0,37.54318,126.8123,18시,1349.0
0,20190408.0,월,오정로(부천시계),B-26,유출,외발산사거리->오쇠삼거리,10880.0,37.54318,126.8123,19시,970.0
0,20190408.0,월,오정로(부천시계),B-26,유출,외발산사거리->오쇠삼거리,10880.0,37.54318,126.8123,20시,556.0
0,20190409.0,화,오정로(부천시계),B-26,유출,외발산사거리->오쇠삼거리,11116.0,37.54318,126.8123,8시,984.0
0,20190409.0,화,오정로(부천시계),B-26,유출,외발산사거리->오쇠삼거리,11116.0,37.54318,126.8123,9시,706.0
0,20190409.0,화,오정로(부천시계),B-26,유출,외발산사거리->오쇠삼거리,11116.0,37.54318,126.8123,10시,748.0
0,20190409.0,화,오정로(부천시계),B-26,유출,외발산사거리->오쇠삼거리,11116.0,37.54318,126.8123,11시,686.0
0,20190409.0,화,오정로(부천시계),B-26,유출,외발산사거리->오쇠삼거리,11116.0,37.54318,126.8123,12시,619.0
0,20190409.0,화,오정로(부천시계),B-26,유출,외발산사거리->오쇠삼거리,11116.0,37.54318,126.8123,13시,701.0
0,20190409.0,화,오정로(부천시계),B-26,유출,외발산사거리->오쇠삼거리,11116.0,37.54318,126.8123,14시,760.0
0,20190409.0,화,오정로(부천시계),B-26,유출,외발산사거리->오쇠삼거리,11116.0,37.54318,126.8123,15시,792.0
0,20190409.0,화,오정로(부천시계),B-26,유출,외발산사거리->오쇠삼거리,11116.0,37.54318,126.8123,16시,1014.0
0,20190409.0,화,오정로(부천시계),B-26,유출,외발산사거리->오쇠삼거리,11116.0,37.54318,126.8123,17시,1230.0
0,20190409.0,화,오정로(부천시계),B-26,유출,외발산사거리->오쇠삼거리,11116.0,37.54318,126.8123,18시,1257.0
0,20190409.0,화,오정로(부천시계),B-26,유출,외발산사거리->오쇠삼거리,11116.0,37.54318,126.8123,19시,1009.0
0,20190409.0,화,오정로(부천시계),B-26,유출,외발산사거리->오쇠삼거리,11116.0,37.54318,126.8123,20시,610.0
0,20190410.0,수,오정로(부천시계),B-26,유출,외발산사거리->오쇠삼거리,10650.0,37.54318,126.8123,8시,916.0
0,20190410.0,수,오정로(부천시계),B-26,유출,외발산사거리->오쇠삼거리,10650.0,37.54318,126.8123,9시,701.0
0,20190410.0,수,오정로(부천시계),B-26,유출,외발산사거리->오쇠삼거리,10650.0,37.54318,126.8123,10시,681.0
0,20190410.0,수,오정로(부천시계),B-26,유출,외발산사거리->오쇠삼거리,10650.0,37.54318,126.8123,11시,696.0
0,20190410.0,수,오정로(부천시계),B-26,유출,외발산사거리->오쇠삼거리,10650.0,37.54318,126.8123,12시,648.0
0,20190410.0,수,오정로(부천시계),B-26,유출,외발산사거리->오쇠삼거리,10650.0,37.54318,126.8123,13시,700.0
0,20190410.0,수,오정로(부천시계),B-26,유출,외발산사거리->오쇠삼거리,10650.0,37.54318,126.8123,14시,653.0
0,20190410.0,수,오정로(부천시계),B-26,유출,외발산사거리->오쇠삼거리,10650.0,37.54318,126.8123,15시,794.0
0,20190410.0,수,오정로(부천시계),B-26,유출,외발산사거리->오쇠삼거리,10650.0,37.54318,126.8123,16시,922.0
0,20190410.0,수,오정로(부천시계),B-26,유출,외발산사거리->오쇠삼거리,10650.0,37.54318,126.8123,17시,1159.0
0,20190410.0,수,오정로(부천시계),B-26,유출,외발산사거리->오쇠삼거리,10650.0,37.54318,126.8123,18시,1283.0
0,20190410.0,수,오정로(부천시계),B-26,유출,외발산사거리->오쇠삼거리,10650.0,37.54318,126.8123,19시,887.0
0,20190410.0,수,오정로(부천시계),B-26,유출,외발산사거리->오쇠삼거리,10650.0,37.54318,126.8123,20시,610.0
0,20190411.0,목,오정로(부천시계),B-26,유출,외발산사거리->오쇠삼거리,10989.0,37.54318,126.8123,8시,876.0
0,20190411.0,목,오정로(부천시계),B-26,유출,외발산사거리->오쇠삼거리,10989.0,37.54318,126.8123,9시,749.0
0,20190411.0,목,오정로(부천시계),B-26,유출,외발산사거리->오쇠삼거리,10989.0,37.54318,126.8123,10시,702.0
0,20190411.0,목,오정로(부천시계),B-26,유출,외발산사거리->오쇠삼거리,10989.0,37.54318,126.8123,11시,688.0
0,20190411.0,목,오정로(부천시계),B-26,유출,외발산사거리->오쇠삼거리,10989.0,37.54318,126.8123,12시,647.0
0,20190411.0,목,오정로(부천시계),B-26,유출,외발산사거리->오쇠삼거리,10989.0,37.54318,126.8123,13시,674.0
0,20190411.0,목,오정로(부천시계),B-26,유출,외발산사거리->오쇠삼거리,10989.0,37.54318,126.8123,14시,751.0
0,20190411.0,목,오정로(부천시계),B-26,유출,외발산사거리->오쇠삼거리,10989.0,37.54318,126.8123,15시,810.0
0,20190411.0,목,오정로(부천시계),B-26,유출,외발산사거리->오쇠삼거리,10989.0,37.54318,126.8123,16시,949.0
0,20190411.0,목,오정로(부천시계),B-26,유출,외발산사거리->오쇠삼거리,10989.0,37.54318,126.8123,17시,1294.0
0,20190411.0,목,오정로(부천시계),B-26,유출,외발산사거리->오쇠삼거리,10989.0,37.54318,126.8123,18시,1269.0
0,20190411.0,목,오정로(부천시계),B-26,유출,외발산사거리->오쇠삼거리,10989.0,37.54318,126.8123,19시,966.0
0,20190411.0,목,오정로(부천시계),B-26,유출,외발산사거리->오쇠삼거리,10989.0,37.54318,126.8123,20시,614.0
0,20190412.0,금,오정로(부천시계),B-26,유출,외발산사거리->오쇠삼거리,11827.0,37.54318,126.8123,8시,909.0
0,20190412.0,금,오정로(부천시계),B-26,유출,외발산사거리->오쇠삼거리,11827.0,37.54318,126.8123,9시,812.0
0,20190412.0,금,오정로(부천시계),B-26,유출,외발산사거리->오쇠삼거리,11827.0,37.54318,126.8123,10시,726.0
0,20190412.0,금,오정로(부천시계),B-26,유출,외발산사거리->오쇠삼거리,11827.0,37.54318,126.8123,11시,726.0
0,20190412.0,금,오정로(부천시계),B-26,유출,외발산사거리->오쇠삼거리,11827.0,37.54318,126.8123,12시,692.0
0,20190412.0,금,오정로(부천시계),B-26,유출,외발산사거리->오쇠삼거리,11827.0,37.54318,126.8123,13시,706.0
0,20190412.0,금,오정로(부천시계),B-26,유출,외발산사거리->오쇠삼거리,11827.0,37.54318,126.8123,14시,831.0
0,20190412.0,금,오정로(부천시계),B-26,유출,외발산사거리->오쇠삼거리,11827.0,37.54318,126.8123,15시,881.0
0,20190412.0,금,오정로(부천시계),B-26,유출,외발산사거리->오쇠삼거리,11827.0,37.54318,126.8123,16시,1018.0
0,20190412.0,금,오정로(부천시계),B-26,유출,외발산사거리->오쇠삼거리,11827.0,37.54318,126.8123,17시,1309.0
0,20190412.0,금,오정로(부천시계),B-26,유출,외발산사거리->오쇠삼거리,11827.0,37.54318,126.8123,18시,1443.0
0,20190412.0,금,오정로(부천시계),B-26,유출,외발산사거리->오쇠삼거리,11827.0,37.54318,126.8123,19시,1064.0
0,20190412.0,금,오정로(부천시계),B-26,유출,외발산사거리->오쇠삼거리,11827.0,37.54318,126.8123,20시,710.0
0,20190413.0,토,오정로(부천시계),B-26,유출,외발산사거리->오쇠삼거리,10656.0,37.54318,126.8123,8시,640.0
0,20190413.0,토,오정로(부천시계),B-26,유출,외발산사거리->오쇠삼거리,10656.0,37.54318,126.8123,9시,666.0
0,20190413.0,토,오정로(부천시계),B-26,유출,외발산사거리->오쇠삼거리,10656.0,37.54318,126.8123,10시,703.0
0,20190413.0,토,오정로(부천시계),B-26,유출,외발산사거리->오쇠삼거리,10656.0,37.54318,126.8123,11시,779.0
0,20190413.0,토,오정로(부천시계),B-26,유출,외발산사거리->오쇠삼거리,10656.0,37.54318,126.8123,12시,797.0
0,20190413.0,토,오정로(부천시계),B-26,유출,외발산사거리->오쇠삼거리,10656.0,37.54318,126.8123,13시,773.0
0,20190413.0,토,오정로(부천시계),B-26,유출,외발산사거리->오쇠삼거리,10656.0,37.54318,126.8123,14시,881.0
0,20190413.0,토,오정로(부천시계),B-26,유출,외발산사거리->오쇠삼거리,10656.0,37.54318,126.8123,15시,919.0
0,20190413.0,토,오정로(부천시계),B-26,유출,외발산사거리->오쇠삼거리,10656.0,37.54318,126.8123,16시,1068.0
0,20190413.0,토,오정로(부천시계),B-26,유출,외발산사거리->오쇠삼거리,10656.0,37.54318,126.8123,17시,1075.0
0,20190413.0,토,오정로(부천시계),B-26,유출,외발산사거리->오쇠삼거리,10656.0,37.54318,126.8123,18시,1025.0
0,20190413.0,토,오정로(부천시계),B-26,유출,외발산사거리->오쇠삼거리,10656.0,37.54318,126.8123,19시,791.0
0,20190413.0,토,오정로(부천시계),B-26,유출,외발산사거리->오쇠삼거리,10656.0,37.54318,126.8123,20시,539.0
0,20190414.0,일,오정로(부천시계),B-26,유출,외발산사거리->오쇠삼거리,7207.0,37.54318,126.8123,8시,331.0
0,20190414.0,일,오정로(부천시계),B-26,유출,외발산사거리->오쇠삼거리,7207.0,37.54318,126.8123,9시,409.0
0,20190414.0,일,오정로(부천시계),B-26,유출,외발산사거리->오쇠삼거리,7207.0,37.54318,126.8123,10시,448.0
0,20190414.0,일,오정로(부천시계),B-26,유출,외발산사거리->오쇠삼거리,7207.0,37.54318,126.8123,11시,542.0
0,20190414.0,일,오정로(부천시계),B-26,유출,외발산사거리->오쇠삼거리,7207.0,37.54318,126.8123,12시,535.0
0,20190414.0,일,오정로(부천시계),B-26,유출,외발산사거리->오쇠삼거리,7207.0,37.54318,126.8123,13시,597.0
0,20190414.0,일,오정로(부천시계),B-26,유출,외발산사거리->오쇠삼거리,7207.0,37.54318,126.8123,14시,646.0
0,20190414.0,일,오정로(부천시계),B-26,유출,외발산사거리->오쇠삼거리,7207.0,37.54318,126.8123,15시,637.0
0,20190414.0,일,오정로(부천시계),B-26,유출,외발산사거리->오쇠삼거리,7207.0,37.54318,126.8123,16시,728.0
0,20190414.0,일,오정로(부천시계),B-26,유출,외발산사거리->오쇠삼거리,7207.0,37.54318,126.8123,17시,702.0
0,20190414.0,일,오정로(부천시계),B-26,유출,외발산사거리->오쇠삼거리,7207.0,37.54318,126.8123,18시,640.0
0,20190414.0,일,오정로(부천시계),B-26,유출,외발산사거리->오쇠삼거리,7207.0,37.54318,126.8123,19시,545.0
0,20190414.0,일,오정로(부천시계),B-26,유출,외발산사거리->오쇠삼거리,7207.0,37.54318,126.8123,20시,447.0
0,20190415.0,월,오정로(부천시계),B-26,유출,외발산사거리->오쇠삼거리,11040.0,37.54318,126.8123,8시,942.0
0,20190415.0,월,오정로(부천시계),B-26,유출,외발산사거리->오쇠삼거리,11040.0,37.54318,126.8123,9시,722.0
0,20190415.0,월,오정로(부천시계),B-26,유출,외발산사거리->오쇠삼거리,11040.0,37.54318,126.8123,10시,664.0
0,20190415.0,월,오정로(부천시계),B-26,유출,외발산사거리->오쇠삼거리,11040.0,37.54318,126.8123,11시,761.0
0,20190415.0,월,오정로(부천시계),B-26,유출,외발산사거리->오쇠삼거리,11040.0,37.54318,126.8123,12시,641.0
0,20190415.0,월,오정로(부천시계),B-26,유출,외발산사거리->오쇠삼거리,11040.0,37.54318,126.8123,13시,653.0
0,20190415.0,월,오정로(부천시계),B-26,유출,외발산사거리->오쇠삼거리,11040.0,37.54318,126.8123,14시,763.0
0,20190415.0,월,오정로(부천시계),B-26,유출,외발산사거리->오쇠삼거리,11040.0,37.54318,126.8123,15시,779.0
0,20190415.0,월,오정로(부천시계),B-26,유출,외발산사거리->오쇠삼거리,11040.0,37.54318,126.8123,16시,992.0
0,20190415.0,월,오정로(부천시계),B-26,유출,외발산사거리->오쇠삼거리,11040.0,37.54318,126.8123,17시,1212.0
0,20190415.0,월,오정로(부천시계),B-26,유출,외발산사거리->오쇠삼거리,11040.0,37.54318,126.8123,18시,1373.0
0,20190415.0,월,오정로(부천시계),B-26,유출,외발산사거리->오쇠삼거리,11040.0,37.54318,126.8123,19시,943.0
0,20190415.0,월,오정로(부천시계),B-26,유출,외발산사거리->오쇠삼거리,11040.0,37.54318,126.8123,20시,595.0
0,20190416.0,화,오정로(부천시계),B-26,유출,외발산사거리->오쇠삼거리,11120.0,37.54318,126.8123,8시,750.0
0,20190416.0,화,오정로(부천시계),B-26,유출,외발산사거리->오쇠삼거리,11120.0,37.54318,126.8123,9시,700.0
0,20190416.0,화,오정로(부천시계),B-26,유출,외발산사거리->오쇠삼거리,11120.0,37.54318,126.8123,10시,750.0
0,20190416.0,화,오정로(부천시계),B-26,유출,외발산사거리->오쇠삼거리,11120.0,37.54318,126.8123,11시,751.0
0,20190416.0,화,오정로(부천시계),B-26,유출,외발산사거리->오쇠삼거리,11120.0,37.54318,126.8123,12시,654.0
0,20190416.0,화,오정로(부천시계),B-26,유출,외발산사거리->오쇠삼거리,11120.0,37.54318,126.8123,13시,722.0
0,20190416.0,화,오정로(부천시계),B-26,유출,외발산사거리->오쇠삼거리,11120.0,37.54318,126.8123,14시,795.0
0,20190416.0,화,오정로(부천시계),B-26,유출,외발산사거리->오쇠삼거리,11120.0,37.54318,126.8123,15시,822.0
0,20190416.0,화,오정로(부천시계),B-26,유출,외발산사거리->오쇠삼거리,11120.0,37.54318,126.8123,16시,961.0
0,20190416.0,화,오정로(부천시계),B-26,유출,외발산사거리->오쇠삼거리,11120.0,37.54318,126.8123,17시,1257.0
0,20190416.0,화,오정로(부천시계),B-26,유출,외발산사거리->오쇠삼거리,11120.0,37.54318,126.8123,18시,1315.0
0,20190416.0,화,오정로(부천시계),B-26,유출,외발산사거리->오쇠삼거리,11120.0,37.54318,126.8123,19시,1057.0
0,20190416.0,화,오정로(부천시계),B-26,유출,외발산사거리->오쇠삼거리,11120.0,37.54318,126.8123,20시,586.0
0,20190417.0,수,오정로(부천시계),B-26,유출,외발산사거리->오쇠삼거리,11363.0,37.54318,126.8123,8시,1002.0
0,20190417.0,수,오정로(부천시계),B-26,유출,외발산사거리->오쇠삼거리,11363.0,37.54318,126.8123,9시,769.0
0,20190417.0,수,오정로(부천시계),B-26,유출,외발산사거리->오쇠삼거리,11363.0,37.54318,126.8123,10시,784.0
0,20190417.0,수,오정로(부천시계),B-26,유출,외발산사거리->오쇠삼거리,11363.0,37.54318,126.8123,11시,703.0
0,20190417.0,수,오정로(부천시계),B-26,유출,외발산사거리->오쇠삼거리,11363.0,37.54318,126.8123,12시,638.0
0,20190417.0,수,오정로(부천시계),B-26,유출,외발산사거리->오쇠삼거리,11363.0,37.54318,126.8123,13시,684.0
0,20190417.0,수,오정로(부천시계),B-26,유출,외발산사거리->오쇠삼거리,11363.0,37.54318,126.8123,14시,737.0
0,20190417.0,수,오정로(부천시계),B-26,유출,외발산사거리->오쇠삼거리,11363.0,37.54318,126.8123,15시,807.0
0,20190417.0,수,오정로(부천시계),B-26,유출,외발산사거리->오쇠삼거리,11363.0,37.54318,126.8123,16시,974.0
0,20190417.0,수,오정로(부천시계),B-26,유출,외발산사거리->오쇠삼거리,11363.0,37.54318,126.8123,17시,1252.0
0,20190417.0,수,오정로(부천시계),B-26,유출,외발산사거리->오쇠삼거리,11363.0,37.54318,126.8123,18시,1322.0
0,20190417.0,수,오정로(부천시계),B-26,유출,외발산사거리->오쇠삼거리,11363.0,37.54318,126.8123,19시,1098.0
0,20190417.0,수,오정로(부천시계),B-26,유출,외발산사거리->오쇠삼거리,11363.0,37.54318,126.8123,20시,593.0
0,20190418.0,목,오정로(부천시계),B-26,유출,외발산사거리->오쇠삼거리,11005.0,37.54318,126.8123,8시,968.0
0,20190418.0,목,오정로(부천시계),B-26,유출,외발산사거리->오쇠삼거리,11005.0,37.54318,126.8123,9시,708.0
0,20190418.0,목,오정로(부천시계),B-26,유출,외발산사거리->오쇠삼거리,11005.0,37.54318,126.8123,10시,720.0
0,20190418.0,목,오정로(부천시계),B-26,유출,외발산사거리->오쇠삼거리,11005.0,37.54318,126.8123,11시,659.0
0,20190418.0,목,오정로(부천시계),B-26,유출,외발산사거리->오쇠삼거리,11005.0,37.54318,126.8123,12시,640.0
0,20190418.0,목,오정로(부천시계),B-26,유출,외발산사거리->오쇠삼거리,11005.0,37.54318,126.8123,13시,769.0
0,20190418.0,목,오정로(부천시계),B-26,유출,외발산사거리->오쇠삼거리,11005.0,37.54318,126.8123,14시,696.0
0,20190418.0,목,오정로(부천시계),B-26,유출,외발산사거리->오쇠삼거리,11005.0,37.54318,126.8123,15시,832.0
0,20190418.0,목,오정로(부천시계),B-26,유출,외발산사거리->오쇠삼거리,11005.0,37.54318,126.8123,16시,997.0
0,20190418.0,목,오정로(부천시계),B-26,유출,외발산사거리->오쇠삼거리,11005.0,37.54318,126.8123,17시,1271.0
0,20190418.0,목,오정로(부천시계),B-26,유출,외발산사거리->오쇠삼거리,11005.0,37.54318,126.8123,18시,1243.0
0,20190418.0,목,오정로(부천시계),B-26,유출,외발산사거리->오쇠삼거리,11005.0,37.54318,126.8123,19시,951.0
0,20190418.0,목,오정로(부천시계),B-26,유출,외발산사거리->오쇠삼거리,11005.0,37.54318,126.8123,20시,551.0
0,20190419.0,금,오정로(부천시계),B-26,유출,외발산사거리->오쇠삼거리,11717.0,37.54318,126.8123,8시,956.0
0,20190419.0,금,오정로(부천시계),B-26,유출,외발산사거리->오쇠삼거리,11717.0,37.54318,126.8123,9시,773.0
0,20190419.0,금,오정로(부천시계),B-26,유출,외발산사거리->오쇠삼거리,11717.0,37.54318,126.8123,10시,711.0
0,20190419.0,금,오정로(부천시계),B-26,유출,외발산사거리->오쇠삼거리,11717.0,37.54318,126.8123,11시,704.0
0,20190419.0,금,오정로(부천시계),B-26,유출,외발산사거리->오쇠삼거리,11717.0,37.54318,126.8123,12시,665.0
0,20190419.0,금,오정로(부천시계),B-26,유출,외발산사거리->오쇠삼거리,11717.0,37.54318,126.8123,13시,720.0
0,20190419.0,금,오정로(부천시계),B-26,유출,외발산사거리->오쇠삼거리,11717.0,37.54318,126.8123,14시,778.0
0,20190419.0,금,오정로(부천시계),B-26,유출,외발산사거리->오쇠삼거리,11717.0,37.54318,126.8123,15시,828.0
0,20190419.0,금,오정로(부천시계),B-26,유출,외발산사거리->오쇠삼거리,11717.0,37.54318,126.8123,16시,1095.0
0,20190419.0,금,오정로(부천시계),B-26,유출,외발산사거리->오쇠삼거리,11717.0,37.54318,126.8123,17시,1286.0
0,20190419.0,금,오정로(부천시계),B-26,유출,외발산사거리->오쇠삼거리,11717.0,37.54318,126.8123,18시,1289.0
0,20190419.0,금,오정로(부천시계),B-26,유출,외발산사거리->오쇠삼거리,11717.0,37.54318,126.8123,19시,1219.0
0,20190419.0,금,오정로(부천시계),B-26,유출,외발산사거리->오쇠삼거리,11717.0,37.54318,126.8123,20시,693.0
0,20190420.0,토,오정로(부천시계),B-26,유출,외발산사거리->오쇠삼거리,9893.0,37.54318,126.8123,8시,596.0
0,20190420.0,토,오정로(부천시계),B-26,유출,외발산사거리->오쇠삼거리,9893.0,37.54318,126.8123,9시,593.0
0,20190420.0,토,오정로(부천시계),B-26,유출,외발산사거리->오쇠삼거리,9893.0,37.54318,126.8123,10시,671.0
0,20190420.0,토,오정로(부천시계),B-26,유출,외발산사거리->오쇠삼거리,9893.0,37.54318,126.8123,11시,711.0
0,20190420.0,토,오정로(부천시계),B-26,유출,외발산사거리->오쇠삼거리,9893.0,37.54318,126.8123,12시,694.0
0,20190420.0,토,오정로(부천시계),B-26,유출,외발산사거리->오쇠삼거리,9893.0,37.54318,126.8123,13시,728.0
0,20190420.0,토,오정로(부천시계),B-26,유출,외발산사거리->오쇠삼거리,9893.0,37.54318,126.8123,14시,793.0
0,20190420.0,토,오정로(부천시계),B-26,유출,외발산사거리->오쇠삼거리,9893.0,37.54318,126.8123,15시,925.0
0,20190420.0,토,오정로(부천시계),B-26,유출,외발산사거리->오쇠삼거리,9893.0,37.54318,126.8123,16시,1031.0
0,20190420.0,토,오정로(부천시계),B-26,유출,외발산사거리->오쇠삼거리,9893.0,37.54318,126.8123,17시,1027.0
0,20190420.0,토,오정로(부천시계),B-26,유출,외발산사거리->오쇠삼거리,9893.0,37.54318,126.8123,18시,967.0
0,20190420.0,토,오정로(부천시계),B-26,유출,외발산사거리->오쇠삼거리,9893.0,37.54318,126.8123,19시,660.0
0,20190420.0,토,오정로(부천시계),B-26,유출,외발산사거리->오쇠삼거리,9893.0,37.54318,126.8123,20시,497.0
0,20190421.0,일,오정로(부천시계),B-26,유출,외발산사거리->오쇠삼거리,7516.0,37.54318,126.8123,8시,337.0
0,20190421.0,일,오정로(부천시계),B-26,유출,외발산사거리->오쇠삼거리,7516.0,37.54318,126.8123,9시,455.0
0,20190421.0,일,오정로(부천시계),B-26,유출,외발산사거리->오쇠삼거리,7516.0,37.54318,126.8123,10시,519.0
0,20190421.0,일,오정로(부천시계),B-26,유출,외발산사거리->오쇠삼거리,7516.0,37.54318,126.8123,11시,528.0
0,20190421.0,일,오정로(부천시계),B-26,유출,외발산사거리->오쇠삼거리,7516.0,37.54318,126.8123,12시,534.0
0,20190421.0,일,오정로(부천시계),B-26,유출,외발산사거리->오쇠삼거리,7516.0,37.54318,126.8123,13시,587.0
0,20190421.0,일,오정로(부천시계),B-26,유출,외발산사거리->오쇠삼거리,7516.0,37.54318,126.8123,14시,627.0
0,20190421.0,일,오정로(부천시계),B-26,유출,외발산사거리->오쇠삼거리,7516.0,37.54318,126.8123,15시,692.0
0,20190421.0,일,오정로(부천시계),B-26,유출,외발산사거리->오쇠삼거리,7516.0,37.54318,126.8123,16시,755.0
0,20190421.0,일,오정로(부천시계),B-26,유출,외발산사거리->오쇠삼거리,7516.0,37.54318,126.8123,17시,719.0
0,20190421.0,일,오정로(부천시계),B-26,유출,외발산사거리->오쇠삼거리,7516.0,37.54318,126.8123,18시,674.0
0,20190421.0,일,오정로(부천시계),B-26,유출,외발산사거리->오쇠삼거리,7516.0,37.54318,126.8123,19시,561.0
0,20190421.0,일,오정로(부천시계),B-26,유출,외발산사거리->오쇠삼거리,7516.0,37.54318,126.8123,20시,528.0
0,20190422.0,월,오정로(부천시계),B-26,유출,외발산사거리->오쇠삼거리,10850.0,37.54318,126.8123,8시,943.0
0,20190422.0,월,오정로(부천시계),B-26,유출,외발산사거리->오쇠삼거리,10850.0,37.54318,126.8123,9시,701.0
0,20190422.0,월,오정로(부천시계),B-26,유출,외발산사거리->오쇠삼거리,10850.0,37.54318,126.8123,10시,724.0
0,20190422.0,월,오정로(부천시계),B-26,유출,외발산사거리->오쇠삼거리,10850.0,37.54318,126.8123,11시,679.0
0,20190422.0,월,오정로(부천시계),B-26,유출,외발산사거리->오쇠삼거리,10850.0,37.54318,126.8123,12시,664.0
0,20190422.0,월,오정로(부천시계),B-26,유출,외발산사거리->오쇠삼거리,10850.0,37.54318,126.8123,13시,655.0
0,20190422.0,월,오정로(부천시계),B-26,유출,외발산사거리->오쇠삼거리,10850.0,37.54318,126.8123,14시,731.0
0,20190422.0,월,오정로(부천시계),B-26,유출,외발산사거리->오쇠삼거리,10850.0,37.54318,126.8123,15시,766.0
0,20190422.0,월,오정로(부천시계),B-26,유출,외발산사거리->오쇠삼거리,10850.0,37.54318,126.8123,16시,917.0
0,20190422.0,월,오정로(부천시계),B-26,유출,외발산사거리->오쇠삼거리,10850.0,37.54318,126.8123,17시,1217.0
0,20190422.0,월,오정로(부천시계),B-26,유출,외발산사거리->오쇠삼거리,10850.0,37.54318,126.8123,18시,1349.0
0,20190422.0,월,오정로(부천시계),B-26,유출,외발산사거리->오쇠삼거리,10850.0,37.54318,126.8123,19시,894.0
0,20190422.0,월,오정로(부천시계),B-26,유출,외발산사거리->오쇠삼거리,10850.0,37.54318,126.8123,20시,610.0
0,20190423.0,화,오정로(부천시계),B-26,유출,외발산사거리->오쇠삼거리,10889.0,37.54318,126.8123,8시,931.0
0,20190423.0,화,오정로(부천시계),B-26,유출,외발산사거리->오쇠삼거리,10889.0,37.54318,126.8123,9시,724.0
0,20190423.0,화,오정로(부천시계),B-26,유출,외발산사거리->오쇠삼거리,10889.0,37.54318,126.8123,10시,685.0
0,20190423.0,화,오정로(부천시계),B-26,유출,외발산사거리->오쇠삼거리,10889.0,37.54318,126.8123,11시,715.0
0,20190423.0,화,오정로(부천시계),B-26,유출,외발산사거리->오쇠삼거리,10889.0,37.54318,126.8123,12시,619.0
0,20190423.0,화,오정로(부천시계),B-26,유출,외발산사거리->오쇠삼거리,10889.0,37.54318,126.8123,13시,656.0
0,20190423.0,화,오정로(부천시계),B-26,유출,외발산사거리->오쇠삼거리,10889.0,37.54318,126.8123,14시,729.0
0,20190423.0,화,오정로(부천시계),B-26,유출,외발산사거리->오쇠삼거리,10889.0,37.54318,126.8123,15시,828.0
0,20190423.0,화,오정로(부천시계),B-26,유출,외발산사거리->오쇠삼거리,10889.0,37.54318,126.8123,16시,982.0
0,20190423.0,화,오정로(부천시계),B-26,유출,외발산사거리->오쇠삼거리,10889.0,37.54318,126.8123,17시,1213.0
0,20190423.0,화,오정로(부천시계),B-26,유출,외발산사거리->오쇠삼거리,10889.0,37.54318,126.8123,18시,1342.0
0,20190423.0,화,오정로(부천시계),B-26,유출,외발산사거리->오쇠삼거리,10889.0,37.54318,126.8123,19시,893.0
0,20190423.0,화,오정로(부천시계),B-26,유출,외발산사거리->오쇠삼거리,10889.0,37.54318,126.8123,20시,572.0
0,20190424.0,수,오정로(부천시계),B-26,유출,외발산사거리->오쇠삼거리,10792.0,37.54318,126.8123,8시,971.0
0,20190424.0,수,오정로(부천시계),B-26,유출,외발산사거리->오쇠삼거리,10792.0,37.54318,126.8123,9시,687.0
0,20190424.0,수,오정로(부천시계),B-26,유출,외발산사거리->오쇠삼거리,10792.0,37.54318,126.8123,10시,738.0
0,20190424.0,수,오정로(부천시계),B-26,유출,외발산사거리->오쇠삼거리,10792.0,37.54318,126.8123,11시,642.0
0,20190424.0,수,오정로(부천시계),B-26,유출,외발산사거리->오쇠삼거리,10792.0,37.54318,126.8123,12시,623.0
0,20190424.0,수,오정로(부천시계),B-26,유출,외발산사거리->오쇠삼거리,10792.0,37.54318,126.8123,13시,669.0
0,20190424.0,수,오정로(부천시계),B-26,유출,외발산사거리->오쇠삼거리,10792.0,37.54318,126.8123,14시,687.0
0,20190424.0,수,오정로(부천시계),B-26,유출,외발산사거리->오쇠삼거리,10792.0,37.54318,126.8123,15시,745.0
0,20190424.0,수,오정로(부천시계),B-26,유출,외발산사거리->오쇠삼거리,10792.0,37.54318,126.8123,16시,971.0
0,20190424.0,수,오정로(부천시계),B-26,유출,외발산사거리->오쇠삼거리,10792.0,37.54318,126.8123,17시,1210.0
0,20190424.0,수,오정로(부천시계),B-26,유출,외발산사거리->오쇠삼거리,10792.0,37.54318,126.8123,18시,1323.0
0,20190424.0,수,오정로(부천시계),B-26,유출,외발산사거리->오쇠삼거리,10792.0,37.54318,126.8123,19시,963.0
0,20190424.0,수,오정로(부천시계),B-26,유출,외발산사거리->오쇠삼거리,10792.0,37.54318,126.8123,20시,563.0
0,20190425.0,목,오정로(부천시계),B-26,유출,외발산사거리->오쇠삼거리,11140.0,37.54318,126.8123,8시,952.0
0,20190425.0,목,오정로(부천시계),B-26,유출,외발산사거리->오쇠삼거리,11140.0,37.54318,126.8123,9시,711.0
0,20190425.0,목,오정로(부천시계),B-26,유출,외발산사거리->오쇠삼거리,11140.0,37.54318,126.8123,10시,672.0
0,20190425.0,목,오정로(부천시계),B-26,유출,외발산사거리->오쇠삼거리,11140.0,37.54318,126.8123,11시,702.0
0,20190425.0,목,오정로(부천시계),B-26,유출,외발산사거리->오쇠삼거리,11140.0,37.54318,126.8123,12시,668.0
0,20190425.0,목,오정로(부천시계),B-26,유출,외발산사거리->오쇠삼거리,11140.0,37.54318,126.8123,13시,710.0
0,20190425.0,목,오정로(부천시계),B-26,유출,외발산사거리->오쇠삼거리,11140.0,37.54318,126.8123,14시,805.0
0,20190425.0,목,오정로(부천시계),B-26,유출,외발산사거리->오쇠삼거리,11140.0,37.54318,126.8123,15시,826.0
0,20190425.0,목,오정로(부천시계),B-26,유출,외발산사거리->오쇠삼거리,11140.0,37.54318,126.8123,16시,1033.0
0,20190425.0,목,오정로(부천시계),B-26,유출,외발산사거리->오쇠삼거리,11140.0,37.54318,126.8123,17시,1095.0
0,20190425.0,목,오정로(부천시계),B-26,유출,외발산사거리->오쇠삼거리,11140.0,37.54318,126.8123,18시,1315.0
0,20190425.0,목,오정로(부천시계),B-26,유출,외발산사거리->오쇠삼거리,11140.0,37.54318,126.8123,19시,1060.0
0,20190425.0,목,오정로(부천시계),B-26,유출,외발산사거리->오쇠삼거리,11140.0,37.54318,126.8123,20시,591.0
0,20190426.0,금,오정로(부천시계),B-26,유출,외발산사거리->오쇠삼거리,11738.0,37.54318,126.8123,8시,946.0
0,20190426.0,금,오정로(부천시계),B-26,유출,외발산사거리->오쇠삼거리,11738.0,37.54318,126.8123,9시,736.0
0,20190426.0,금,오정로(부천시계),B-26,유출,외발산사거리->오쇠삼거리,11738.0,37.54318,126.8123,10시,742.0
0,20190426.0,금,오정로(부천시계),B-26,유출,외발산사거리->오쇠삼거리,11738.0,37.54318,126.8123,11시,740.0
0,20190426.0,금,오정로(부천시계),B-26,유출,외발산사거리->오쇠삼거리,11738.0,37.54318,126.8123,12시,719.0
0,20190426.0,금,오정로(부천시계),B-26,유출,외발산사거리->오쇠삼거리,11738.0,37.54318,126.8123,13시,725.0
0,20190426.0,금,오정로(부천시계),B-26,유출,외발산사거리->오쇠삼거리,11738.0,37.54318,126.8123,14시,759.0
0,20190426.0,금,오정로(부천시계),B-26,유출,외발산사거리->오쇠삼거리,11738.0,37.54318,126.8123,15시,911.0
0,20190426.0,금,오정로(부천시계),B-26,유출,외발산사거리->오쇠삼거리,11738.0,37.54318,126.8123,16시,1096.0
0,20190426.0,금,오정로(부천시계),B-26,유출,외발산사거리->오쇠삼거리,11738.0,37.54318,126.8123,17시,1292.0
0,20190426.0,금,오정로(부천시계),B-26,유출,외발산사거리->오쇠삼거리,11738.0,37.54318,126.8123,18시,1349.0
0,20190426.0,금,오정로(부천시계),B-26,유출,외발산사거리->오쇠삼거리,11738.0,37.54318,126.8123,19시,1071.0
0,20190426.0,금,오정로(부천시계),B-26,유출,외발산사거리->오쇠삼거리,11738.0,37.54318,126.8123,20시,652.0
0,20190427.0,토,오정로(부천시계),B-26,유출,외발산사거리->오쇠삼거리,10223.0,37.54318,126.8123,8시,530.0
0,20190427.0,토,오정로(부천시계),B-26,유출,외발산사거리->오쇠삼거리,10223.0,37.54318,126.8123,9시,634.0
0,20190427.0,토,오정로(부천시계),B-26,유출,외발산사거리->오쇠삼거리,10223.0,37.54318,126.8123,10시,675.0
0,20190427.0,토,오정로(부천시계),B-26,유출,외발산사거리->오쇠삼거리,10223.0,37.54318,126.8123,11시,735.0
0,20190427.0,토,오정로(부천시계),B-26,유출,외발산사거리->오쇠삼거리,10223.0,37.54318,126.8123,12시,756.0
0,20190427.0,토,오정로(부천시계),B-26,유출,외발산사거리->오쇠삼거리,10223.0,37.54318,126.8123,13시,800.0
0,20190427.0,토,오정로(부천시계),B-26,유출,외발산사거리->오쇠삼거리,10223.0,37.54318,126.8123,14시,851.0
0,20190427.0,토,오정로(부천시계),B-26,유출,외발산사거리->오쇠삼거리,10223.0,37.54318,126.8123,15시,915.0
0,20190427.0,토,오정로(부천시계),B-26,유출,외발산사거리->오쇠삼거리,10223.0,37.54318,126.8123,16시,1033.0
0,20190427.0,토,오정로(부천시계),B-26,유출,외발산사거리->오쇠삼거리,10223.0,37.54318,126.8123,17시,1127.0
0,20190427.0,토,오정로(부천시계),B-26,유출,외발산사거리->오쇠삼거리,10223.0,37.54318,126.8123,18시,902.0
0,20190427.0,토,오정로(부천시계),B-26,유출,외발산사거리->오쇠삼거리,10223.0,37.54318,126.8123,19시,717.0
0,20190427.0,토,오정로(부천시계),B-26,유출,외발산사거리->오쇠삼거리,10223.0,37.54318,126.8123,20시,548.0
0,20190428.0,일,오정로(부천시계),B-26,유출,외발산사거리->오쇠삼거리,7900.0,37.54318,126.8123,8시,366.0
0,20190428.0,일,오정로(부천시계),B-26,유출,외발산사거리->오쇠삼거리,7900.0,37.54318,126.8123,9시,419.0
0,20190428.0,일,오정로(부천시계),B-26,유출,외발산사거리->오쇠삼거리,7900.0,37.54318,126.8123,10시,470.0
0,20190428.0,일,오정로(부천시계),B-26,유출,외발산사거리->오쇠삼거리,7900.0,37.54318,126.8123,11시,496.0
0,20190428.0,일,오정로(부천시계),B-26,유출,외발산사거리->오쇠삼거리,7900.0,37.54318,126.8123,12시,539.0
0,20190428.0,일,오정로(부천시계),B-26,유출,외발산사거리->오쇠삼거리,7900.0,37.54318,126.8123,13시,627.0
0,20190428.0,일,오정로(부천시계),B-26,유출,외발산사거리->오쇠삼거리,7900.0,37.54318,126.8123,14시,728.0
0,20190428.0,일,오정로(부천시계),B-26,유출,외발산사거리->오쇠삼거리,7900.0,37.54318,126.8123,15시,736.0
0,20190428.0,일,오정로(부천시계),B-26,유출,외발산사거리->오쇠삼거리,7900.0,37.54318,126.8123,16시,844.0
0,20190428.0,일,오정로(부천시계),B-26,유출,외발산사거리->오쇠삼거리,7900.0,37.54318,126.8123,17시,841.0
0,20190428.0,일,오정로(부천시계),B-26,유출,외발산사거리->오쇠삼거리,7900.0,37.54318,126.8123,18시,698.0
0,20190428.0,일,오정로(부천시계),B-26,유출,외발산사거리->오쇠삼거리,7900.0,37.54318,126.8123,19시,620.0
0,20190428.0,일,오정로(부천시계),B-26,유출,외발산사거리->오쇠삼거리,7900.0,37.54318,126.8123,20시,516.0
0,20190429.0,월,오정로(부천시계),B-26,유출,외발산사거리->오쇠삼거리,10951.0,37.54318,126.8123,8시,954.0
0,20190429.0,월,오정로(부천시계),B-26,유출,외발산사거리->오쇠삼거리,10951.0,37.54318,126.8123,9시,702.0
0,20190429.0,월,오정로(부천시계),B-26,유출,외발산사거리->오쇠삼거리,10951.0,37.54318,126.8123,10시,685.0
0,20190429.0,월,오정로(부천시계),B-26,유출,외발산사거리->오쇠삼거리,10951.0,37.54318,126.8123,11시,734.0
0,20190429.0,월,오정로(부천시계),B-26,유출,외발산사거리->오쇠삼거리,10951.0,37.54318,126.8123,12시,687.0
0,20190429.0,월,오정로(부천시계),B-26,유출,외발산사거리->오쇠삼거리,10951.0,37.54318,126.8123,13시,690.0
0,20190429.0,월,오정로(부천시계),B-26,유출,외발산사거리->오쇠삼거리,10951.0,37.54318,126.8123,14시,715.0
0,20190429.0,월,오정로(부천시계),B-26,유출,외발산사거리->오쇠삼거리,10951.0,37.54318,126.8123,15시,796.0
0,20190429.0,월,오정로(부천시계),B-26,유출,외발산사거리->오쇠삼거리,10951.0,37.54318,126.8123,16시,997.0
0,20190429.0,월,오정로(부천시계),B-26,유출,외발산사거리->오쇠삼거리,10951.0,37.54318,126.8123,17시,1202.0
0,20190429.0,월,오정로(부천시계),B-26,유출,외발산사거리->오쇠삼거리,10951.0,37.54318,126.8123,18시,1279.0
0,20190429.0,월,오정로(부천시계),B-26,유출,외발산사거리->오쇠삼거리,10951.0,37.54318,126.8123,19시,914.0
0,20190429.0,월,오정로(부천시계),B-26,유출,외발산사거리->오쇠삼거리,10951.0,37.54318,126.8123,20시,596.0
0,20190430.0,화,오정로(부천시계),B-26,유출,외발산사거리->오쇠삼거리,11521.0,37.54318,126.8123,8시,964.0
0,20190430.0,화,오정로(부천시계),B-26,유출,외발산사거리->오쇠삼거리,11521.0,37.54318,126.8123,9시,759.0
0,20190430.0,화,오정로(부천시계),B-26,유출,외발산사거리->오쇠삼거리,11521.0,37.54318,126.8123,10시,704.0
0,20190430.0,화,오정로(부천시계),B-26,유출,외발산사거리->오쇠삼거리,11521.0,37.54318,126.8123,11시,732.0
0,20190430.0,화,오정로(부천시계),B-26,유출,외발산사거리->오쇠삼거리,11521.0,37.54318,126.8123,12시,675.0
0,20190430.0,화,오정로(부천시계),B-26,유출,외발산사거리->오쇠삼거리,11521.0,37.54318,126.8123,13시,656.0
0,20190430.0,화,오정로(부천시계),B-26,유출,외발산사거리->오쇠삼거리,11521.0,37.54318,126.8123,14시,802.0
0,20190430.0,화,오정로(부천시계),B-26,유출,외발산사거리->오쇠삼거리,11521.0,37.54318,126.8123,15시,891.0
0,20190430.0,화,오정로(부천시계),B-26,유출,외발산사거리->오쇠삼거리,11521.0,37.54318,126.8123,16시,1020.0
0,20190430.0,화,오정로(부천시계),B-26,유출,외발산사거리->오쇠삼거리,11521.0,37.54318,126.8123,17시,1253.0
0,20190430.0,화,오정로(부천시계),B-26,유출,외발산사거리->오쇠삼거리,11521.0,37.54318,126.8123,18시,1356.0
0,20190430.0,화,오정로(부천시계),B-26,유출,외발산사거리->오쇠삼거리,11521.0,37.54318,126.8123,19시,1004.0
0,20190430.0,화,오정로(부천시계),B-26,유출,외발산사거리->오쇠삼거리,11521.0,37.54318,126.8123,20시,705.0
0,20190501.0,수,오정로(부천시계),B-26,유입,오쇠삼거리->외발산사거리,6808.0,37.54318,126.8123,8시,508.0
0,20190501.0,수,오정로(부천시계),B-26,유입,오쇠삼거리->외발산사거리,6808.0,37.54318,126.8123,9시,554.0
0,20190501.0,수,오정로(부천시계),B-26,유입,오쇠삼거리->외발산사거리,6808.0,37.54318,126.8123,10시,593.0
0,20190501.0,수,오정로(부천시계),B-26,유입,오쇠삼거리->외발산사거리,6808.0,37.54318,126.8123,11시,667.0
0,20190501.0,수,오정로(부천시계),B-26,유입,오쇠삼거리->외발산사거리,6808.0,37.54318,126.8123,12시,692.0
0,20190501.0,수,오정로(부천시계),B-26,유입,오쇠삼거리->외발산사거리,6808.0,37.54318,126.8123,13시,537.0
0,20190501.0,수,오정로(부천시계),B-26,유입,오쇠삼거리->외발산사거리,6808.0,37.54318,126.8123,14시,591.0
0,20190501.0,수,오정로(부천시계),B-26,유입,오쇠삼거리->외발산사거리,6808.0,37.54318,126.8123,15시,460.0
0,20190501.0,수,오정로(부천시계),B-26,유입,오쇠삼거리->외발산사거리,6808.0,37.54318,126.8123,16시,498.0
0,20190501.0,수,오정로(부천시계),B-26,유입,오쇠삼거리->외발산사거리,6808.0,37.54318,126.8123,17시,513.0
0,20190501.0,수,오정로(부천시계),B-26,유입,오쇠삼거리->외발산사거리,6808.0,37.54318,126.8123,18시,464.0
0,20190501.0,수,오정로(부천시계),B-26,유입,오쇠삼거리->외발산사거리,6808.0,37.54318,126.8123,19시,386.0
0,20190501.0,수,오정로(부천시계),B-26,유입,오쇠삼거리->외발산사거리,6808.0,37.54318,126.8123,20시,345.0
0,20190502.0,목,오정로(부천시계),B-26,유입,오쇠삼거리->외발산사거리,7679.0,37.54318,126.8123,8시,818.0
0,20190502.0,목,오정로(부천시계),B-26,유입,오쇠삼거리->외발산사거리,7679.0,37.54318,126.8123,9시,685.0
0,20190502.0,목,오정로(부천시계),B-26,유입,오쇠삼거리->외발산사거리,7679.0,37.54318,126.8123,10시,641.0
0,20190502.0,목,오정로(부천시계),B-26,유입,오쇠삼거리->외발산사거리,7679.0,37.54318,126.8123,11시,657.0
0,20190502.0,목,오정로(부천시계),B-26,유입,오쇠삼거리->외발산사거리,7679.0,37.54318,126.8123,12시,506.0
0,20190502.0,목,오정로(부천시계),B-26,유입,오쇠삼거리->외발산사거리,7679.0,37.54318,126.8123,13시,546.0
0,20190502.0,목,오정로(부천시계),B-26,유입,오쇠삼거리->외발산사거리,7679.0,37.54318,126.8123,14시,567.0
0,20190502.0,목,오정로(부천시계),B-26,유입,오쇠삼거리->외발산사거리,7679.0,37.54318,126.8123,15시,514.0
0,20190502.0,목,오정로(부천시계),B-26,유입,오쇠삼거리->외발산사거리,7679.0,37.54318,126.8123,16시,584.0
0,20190502.0,목,오정로(부천시계),B-26,유입,오쇠삼거리->외발산사거리,7679.0,37.54318,126.8123,17시,678.0
0,20190502.0,목,오정로(부천시계),B-26,유입,오쇠삼거리->외발산사거리,7679.0,37.54318,126.8123,18시,586.0
0,20190502.0,목,오정로(부천시계),B-26,유입,오쇠삼거리->외발산사거리,7679.0,37.54318,126.8123,19시,467.0
0,20190502.0,목,오정로(부천시계),B-26,유입,오쇠삼거리->외발산사거리,7679.0,37.54318,126.8123,20시,430.0
0,20190503.0,금,오정로(부천시계),B-26,유입,오쇠삼거리->외발산사거리,7831.0,37.54318,126.8123,8시,817.0
0,20190503.0,금,오정로(부천시계),B-26,유입,오쇠삼거리->외발산사거리,7831.0,37.54318,126.8123,9시,703.0
0,20190503.0,금,오정로(부천시계),B-26,유입,오쇠삼거리->외발산사거리,7831.0,37.54318,126.8123,10시,602.0
0,20190503.0,금,오정로(부천시계),B-26,유입,오쇠삼거리->외발산사거리,7831.0,37.54318,126.8123,11시,677.0
0,20190503.0,금,오정로(부천시계),B-26,유입,오쇠삼거리->외발산사거리,7831.0,37.54318,126.8123,12시,532.0
0,20190503.0,금,오정로(부천시계),B-26,유입,오쇠삼거리->외발산사거리,7831.0,37.54318,126.8123,13시,516.0
0,20190503.0,금,오정로(부천시계),B-26,유입,오쇠삼거리->외발산사거리,7831.0,37.54318,126.8123,14시,557.0
0,20190503.0,금,오정로(부천시계),B-26,유입,오쇠삼거리->외발산사거리,7831.0,37.54318,126.8123,15시,568.0
0,20190503.0,금,오정로(부천시계),B-26,유입,오쇠삼거리->외발산사거리,7831.0,37.54318,126.8123,16시,601.0
0,20190503.0,금,오정로(부천시계),B-26,유입,오쇠삼거리->외발산사거리,7831.0,37.54318,126.8123,17시,740.0
0,20190503.0,금,오정로(부천시계),B-26,유입,오쇠삼거리->외발산사거리,7831.0,37.54318,126.8123,18시,636.0
0,20190503.0,금,오정로(부천시계),B-26,유입,오쇠삼거리->외발산사거리,7831.0,37.54318,126.8123,19시,490.0
0,20190503.0,금,오정로(부천시계),B-26,유입,오쇠삼거리->외발산사거리,7831.0,37.54318,126.8123,20시,392.0
0,20190504.0,토,오정로(부천시계),B-26,유입,오쇠삼거리->외발산사거리,7774.0,37.54318,126.8123,8시,527.0
0,20190504.0,토,오정로(부천시계),B-26,유입,오쇠삼거리->외발산사거리,7774.0,37.54318,126.8123,9시,625.0
0,20190504.0,토,오정로(부천시계),B-26,유입,오쇠삼거리->외발산사거리,7774.0,37.54318,126.8123,10시,664.0
0,20190504.0,토,오정로(부천시계),B-26,유입,오쇠삼거리->외발산사거리,7774.0,37.54318,126.8123,11시,713.0
0,20190504.0,토,오정로(부천시계),B-26,유입,오쇠삼거리->외발산사거리,7774.0,37.54318,126.8123,12시,749.0
0,20190504.0,토,오정로(부천시계),B-26,유입,오쇠삼거리->외발산사거리,7774.0,37.54318,126.8123,13시,743.0
0,20190504.0,토,오정로(부천시계),B-26,유입,오쇠삼거리->외발산사거리,7774.0,37.54318,126.8123,14시,626.0
0,20190504.0,토,오정로(부천시계),B-26,유입,오쇠삼거리->외발산사거리,7774.0,37.54318,126.8123,15시,586.0
0,20190504.0,토,오정로(부천시계),B-26,유입,오쇠삼거리->외발산사거리,7774.0,37.54318,126.8123,16시,656.0
0,20190504.0,토,오정로(부천시계),B-26,유입,오쇠삼거리->외발산사거리,7774.0,37.54318,126.8123,17시,631.0
0,20190504.0,토,오정로(부천시계),B-26,유입,오쇠삼거리->외발산사거리,7774.0,37.54318,126.8123,18시,519.0
0,20190504.0,토,오정로(부천시계),B-26,유입,오쇠삼거리->외발산사거리,7774.0,37.54318,126.8123,19시,406.0
0,20190504.0,토,오정로(부천시계),B-26,유입,오쇠삼거리->외발산사거리,7774.0,37.54318,126.8123,20시,329.0
0,20190505.0,일,오정로(부천시계),B-26,유입,오쇠삼거리->외발산사거리,6439.0,37.54318,126.8123,8시,369.0
0,20190505.0,일,오정로(부천시계),B-26,유입,오쇠삼거리->외발산사거리,6439.0,37.54318,126.8123,9시,478.0
0,20190505.0,일,오정로(부천시계),B-26,유입,오쇠삼거리->외발산사거리,6439.0,37.54318,126.8123,10시,499.0
0,20190505.0,일,오정로(부천시계),B-26,유입,오쇠삼거리->외발산사거리,6439.0,37.54318,126.8123,11시,608.0
0,20190505.0,일,오정로(부천시계),B-26,유입,오쇠삼거리->외발산사거리,6439.0,37.54318,126.8123,12시,587.0
0,20190505.0,일,오정로(부천시계),B-26,유입,오쇠삼거리->외발산사거리,6439.0,37.54318,126.8123,13시,615.0
0,20190505.0,일,오정로(부천시계),B-26,유입,오쇠삼거리->외발산사거리,6439.0,37.54318,126.8123,14시,547.0
0,20190505.0,일,오정로(부천시계),B-26,유입,오쇠삼거리->외발산사거리,6439.0,37.54318,126.8123,15시,525.0
0,20190505.0,일,오정로(부천시계),B-26,유입,오쇠삼거리->외발산사거리,6439.0,37.54318,126.8123,16시,553.0
0,20190505.0,일,오정로(부천시계),B-26,유입,오쇠삼거리->외발산사거리,6439.0,37.54318,126.8123,17시,510.0
0,20190505.0,일,오정로(부천시계),B-26,유입,오쇠삼거리->외발산사거리,6439.0,37.54318,126.8123,18시,460.0
0,20190505.0,일,오정로(부천시계),B-26,유입,오쇠삼거리->외발산사거리,6439.0,37.54318,126.8123,19시,375.0
0,20190505.0,일,오정로(부천시계),B-26,유입,오쇠삼거리->외발산사거리,6439.0,37.54318,126.8123,20시,313.0
0,20190506.0,월,오정로(부천시계),B-26,유입,오쇠삼거리->외발산사거리,7037.0,37.54318,126.8123,8시,434.0
0,20190506.0,월,오정로(부천시계),B-26,유입,오쇠삼거리->외발산사거리,7037.0,37.54318,126.8123,9시,540.0
0,20190506.0,월,오정로(부천시계),B-26,유입,오쇠삼거리->외발산사거리,7037.0,37.54318,126.8123,10시,526.0
0,20190506.0,월,오정로(부천시계),B-26,유입,오쇠삼거리->외발산사거리,7037.0,37.54318,126.8123,11시,698.0
0,20190506.0,월,오정로(부천시계),B-26,유입,오쇠삼거리->외발산사거리,7037.0,37.54318,126.8123,12시,676.0
0,20190506.0,월,오정로(부천시계),B-26,유입,오쇠삼거리->외발산사거리,7037.0,37.54318,126.8123,13시,655.0
0,20190506.0,월,오정로(부천시계),B-26,유입,오쇠삼거리->외발산사거리,7037.0,37.54318,126.8123,14시,552.0
0,20190506.0,월,오정로(부천시계),B-26,유입,오쇠삼거리->외발산사거리,7037.0,37.54318,126.8123,15시,522.0
0,20190506.0,월,오정로(부천시계),B-26,유입,오쇠삼거리->외발산사거리,7037.0,37.54318,126.8123,16시,532.0
0,20190506.0,월,오정로(부천시계),B-26,유입,오쇠삼거리->외발산사거리,7037.0,37.54318,126.8123,17시,639.0
0,20190506.0,월,오정로(부천시계),B-26,유입,오쇠삼거리->외발산사거리,7037.0,37.54318,126.8123,18시,494.0
0,20190506.0,월,오정로(부천시계),B-26,유입,오쇠삼거리->외발산사거리,7037.0,37.54318,126.8123,19시,448.0
0,20190506.0,월,오정로(부천시계),B-26,유입,오쇠삼거리->외발산사거리,7037.0,37.54318,126.8123,20시,321.0
0,20190507.0,화,오정로(부천시계),B-26,유입,오쇠삼거리->외발산사거리,7657.0,37.54318,126.8123,8시,800.0
0,20190507.0,화,오정로(부천시계),B-26,유입,오쇠삼거리->외발산사거리,7657.0,37.54318,126.8123,9시,728.0
0,20190507.0,화,오정로(부천시계),B-26,유입,오쇠삼거리->외발산사거리,7657.0,37.54318,126.8123,10시,607.0
0,20190507.0,화,오정로(부천시계),B-26,유입,오쇠삼거리->외발산사거리,7657.0,37.54318,126.8123,11시,592.0
0,20190507.0,화,오정로(부천시계),B-26,유입,오쇠삼거리->외발산사거리,7657.0,37.54318,126.8123,12시,505.0
0,20190507.0,화,오정로(부천시계),B-26,유입,오쇠삼거리->외발산사거리,7657.0,37.54318,126.8123,13시,552.0
0,20190507.0,화,오정로(부천시계),B-26,유입,오쇠삼거리->외발산사거리,7657.0,37.54318,126.8123,14시,545.0
0,20190507.0,화,오정로(부천시계),B-26,유입,오쇠삼거리->외발산사거리,7657.0,37.54318,126.8123,15시,559.0
0,20190507.0,화,오정로(부천시계),B-26,유입,오쇠삼거리->외발산사거리,7657.0,37.54318,126.8123,16시,573.0
0,20190507.0,화,오정로(부천시계),B-26,유입,오쇠삼거리->외발산사거리,7657.0,37.54318,126.8123,17시,728.0
0,20190507.0,화,오정로(부천시계),B-26,유입,오쇠삼거리->외발산사거리,7657.0,37.54318,126.8123,18시,572.0
0,20190507.0,화,오정로(부천시계),B-26,유입,오쇠삼거리->외발산사거리,7657.0,37.54318,126.8123,19시,504.0
0,20190507.0,화,오정로(부천시계),B-26,유입,오쇠삼거리->외발산사거리,7657.0,37.54318,126.8123,20시,392.0
0,20190508.0,수,오정로(부천시계),B-26,유입,오쇠삼거리->외발산사거리,7797.0,37.54318,126.8123,8시,840.0
0,20190508.0,수,오정로(부천시계),B-26,유입,오쇠삼거리->외발산사거리,7797.0,37.54318,126.8123,9시,747.0
0,20190508.0,수,오정로(부천시계),B-26,유입,오쇠삼거리->외발산사거리,7797.0,37.54318,126.8123,10시,569.0
0,20190508.0,수,오정로(부천시계),B-26,유입,오쇠삼거리->외발산사거리,7797.0,37.54318,126.8123,11시,634.0
0,20190508.0,수,오정로(부천시계),B-26,유입,오쇠삼거리->외발산사거리,7797.0,37.54318,126.8123,12시,529.0
0,20190508.0,수,오정로(부천시계),B-26,유입,오쇠삼거리->외발산사거리,7797.0,37.54318,126.8123,13시,530.0
0,20190508.0,수,오정로(부천시계),B-26,유입,오쇠삼거리->외발산사거리,7797.0,37.54318,126.8123,14시,596.0
0,20190508.0,수,오정로(부천시계),B-26,유입,오쇠삼거리->외발산사거리,7797.0,37.54318,126.8123,15시,541.0
0,20190508.0,수,오정로(부천시계),B-26,유입,오쇠삼거리->외발산사거리,7797.0,37.54318,126.8123,16시,559.0
0,20190508.0,수,오정로(부천시계),B-26,유입,오쇠삼거리->외발산사거리,7797.0,37.54318,126.8123,17시,754.0
0,20190508.0,수,오정로(부천시계),B-26,유입,오쇠삼거리->외발산사거리,7797.0,37.54318,126.8123,18시,577.0
0,20190508.0,수,오정로(부천시계),B-26,유입,오쇠삼거리->외발산사거리,7797.0,37.54318,126.8123,19시,531.0
0,20190508.0,수,오정로(부천시계),B-26,유입,오쇠삼거리->외발산사거리,7797.0,37.54318,126.8123,20시,390.0
0,20190509.0,목,오정로(부천시계),B-26,유입,오쇠삼거리->외발산사거리,7713.0,37.54318,126.8123,8시,831.0
0,20190509.0,목,오정로(부천시계),B-26,유입,오쇠삼거리->외발산사거리,7713.0,37.54318,126.8123,9시,725.0
0,20190509.0,목,오정로(부천시계),B-26,유입,오쇠삼거리->외발산사거리,7713.0,37.54318,126.8123,10시,580.0
0,20190509.0,목,오정로(부천시계),B-26,유입,오쇠삼거리->외발산사거리,7713.0,37.54318,126.8123,11시,609.0
0,20190509.0,목,오정로(부천시계),B-26,유입,오쇠삼거리->외발산사거리,7713.0,37.54318,126.8123,12시,556.0
0,20190509.0,목,오정로(부천시계),B-26,유입,오쇠삼거리->외발산사거리,7713.0,37.54318,126.8123,13시,557.0
0,20190509.0,목,오정로(부천시계),B-26,유입,오쇠삼거리->외발산사거리,7713.0,37.54318,126.8123,14시,547.0
0,20190509.0,목,오정로(부천시계),B-26,유입,오쇠삼거리->외발산사거리,7713.0,37.54318,126.8123,15시,577.0
0,20190509.0,목,오정로(부천시계),B-26,유입,오쇠삼거리->외발산사거리,7713.0,37.54318,126.8123,16시,564.0
0,20190509.0,목,오정로(부천시계),B-26,유입,오쇠삼거리->외발산사거리,7713.0,37.54318,126.8123,17시,752.0
0,20190509.0,목,오정로(부천시계),B-26,유입,오쇠삼거리->외발산사거리,7713.0,37.54318,126.8123,18시,579.0
0,20190509.0,목,오정로(부천시계),B-26,유입,오쇠삼거리->외발산사거리,7713.0,37.54318,126.8123,19시,455.0
0,20190509.0,목,오정로(부천시계),B-26,유입,오쇠삼거리->외발산사거리,7713.0,37.54318,126.8123,20시,381.0
0,20190510.0,금,오정로(부천시계),B-26,유입,오쇠삼거리->외발산사거리,7784.0,37.54318,126.8123,8시,814.0
0,20190510.0,금,오정로(부천시계),B-26,유입,오쇠삼거리->외발산사거리,7784.0,37.54318,126.8123,9시,674.0
0,20190510.0,금,오정로(부천시계),B-26,유입,오쇠삼거리->외발산사거리,7784.0,37.54318,126.8123,10시,591.0
0,20190510.0,금,오정로(부천시계),B-26,유입,오쇠삼거리->외발산사거리,7784.0,37.54318,126.8123,11시,620.0
0,20190510.0,금,오정로(부천시계),B-26,유입,오쇠삼거리->외발산사거리,7784.0,37.54318,126.8123,12시,558.0
0,20190510.0,금,오정로(부천시계),B-26,유입,오쇠삼거리->외발산사거리,7784.0,37.54318,126.8123,13시,552.0
0,20190510.0,금,오정로(부천시계),B-26,유입,오쇠삼거리->외발산사거리,7784.0,37.54318,126.8123,14시,584.0
0,20190510.0,금,오정로(부천시계),B-26,유입,오쇠삼거리->외발산사거리,7784.0,37.54318,126.8123,15시,569.0
0,20190510.0,금,오정로(부천시계),B-26,유입,오쇠삼거리->외발산사거리,7784.0,37.54318,126.8123,16시,584.0
0,20190510.0,금,오정로(부천시계),B-26,유입,오쇠삼거리->외발산사거리,7784.0,37.54318,126.8123,17시,709.0
0,20190510.0,금,오정로(부천시계),B-26,유입,오쇠삼거리->외발산사거리,7784.0,37.54318,126.8123,18시,576.0
0,20190510.0,금,오정로(부천시계),B-26,유입,오쇠삼거리->외발산사거리,7784.0,37.54318,126.8123,19시,557.0
0,20190510.0,금,오정로(부천시계),B-26,유입,오쇠삼거리->외발산사거리,7784.0,37.54318,126.8123,20시,396.0
0,20190511.0,토,오정로(부천시계),B-26,유입,오쇠삼거리->외발산사거리,7744.0,37.54318,126.8123,8시,559.0
0,20190511.0,토,오정로(부천시계),B-26,유입,오쇠삼거리->외발산사거리,7744.0,37.54318,126.8123,9시,697.0
0,20190511.0,토,오정로(부천시계),B-26,유입,오쇠삼거리->외발산사거리,7744.0,37.54318,126.8123,10시,661.0
0,20190511.0,토,오정로(부천시계),B-26,유입,오쇠삼거리->외발산사거리,7744.0,37.54318,126.8123,11시,704.0
0,20190511.0,토,오정로(부천시계),B-26,유입,오쇠삼거리->외발산사거리,7744.0,37.54318,126.8123,12시,755.0
0,20190511.0,토,오정로(부천시계),B-26,유입,오쇠삼거리->외발산사거리,7744.0,37.54318,126.8123,13시,684.0
0,20190511.0,토,오정로(부천시계),B-26,유입,오쇠삼거리->외발산사거리,7744.0,37.54318,126.8123,14시,641.0
0,20190511.0,토,오정로(부천시계),B-26,유입,오쇠삼거리->외발산사거리,7744.0,37.54318,126.8123,15시,599.0
0,20190511.0,토,오정로(부천시계),B-26,유입,오쇠삼거리->외발산사거리,7744.0,37.54318,126.8123,16시,573.0
0,20190511.0,토,오정로(부천시계),B-26,유입,오쇠삼거리->외발산사거리,7744.0,37.54318,126.8123,17시,632.0
0,20190511.0,토,오정로(부천시계),B-26,유입,오쇠삼거리->외발산사거리,7744.0,37.54318,126.8123,18시,515.0
0,20190511.0,토,오정로(부천시계),B-26,유입,오쇠삼거리->외발산사거리,7744.0,37.54318,126.8123,19시,396.0
0,20190511.0,토,오정로(부천시계),B-26,유입,오쇠삼거리->외발산사거리,7744.0,37.54318,126.8123,20시,328.0
0,20190512.0,일,오정로(부천시계),B-26,유입,오쇠삼거리->외발산사거리,6018.0,37.54318,126.8123,8시,392.0
0,20190512.0,일,오정로(부천시계),B-26,유입,오쇠삼거리->외발산사거리,6018.0,37.54318,126.8123,9시,482.0
0,20190512.0,일,오정로(부천시계),B-26,유입,오쇠삼거리->외발산사거리,6018.0,37.54318,126.8123,10시,474.0
0,20190512.0,일,오정로(부천시계),B-26,유입,오쇠삼거리->외발산사거리,6018.0,37.54318,126.8123,11시,494.0
0,20190512.0,일,오정로(부천시계),B-26,유입,오쇠삼거리->외발산사거리,6018.0,37.54318,126.8123,12시,508.0
0,20190512.0,일,오정로(부천시계),B-26,유입,오쇠삼거리->외발산사거리,6018.0,37.54318,126.8123,13시,551.0
0,20190512.0,일,오정로(부천시계),B-26,유입,오쇠삼거리->외발산사거리,6018.0,37.54318,126.8123,14시,524.0
0,20190512.0,일,오정로(부천시계),B-26,유입,오쇠삼거리->외발산사거리,6018.0,37.54318,126.8123,15시,446.0
0,20190512.0,일,오정로(부천시계),B-26,유입,오쇠삼거리->외발산사거리,6018.0,37.54318,126.8123,16시,476.0
0,20190512.0,일,오정로(부천시계),B-26,유입,오쇠삼거리->외발산사거리,6018.0,37.54318,126.8123,17시,506.0
0,20190512.0,일,오정로(부천시계),B-26,유입,오쇠삼거리->외발산사거리,6018.0,37.54318,126.8123,18시,441.0
0,20190512.0,일,오정로(부천시계),B-26,유입,오쇠삼거리->외발산사거리,6018.0,37.54318,126.8123,19시,374.0
0,20190512.0,일,오정로(부천시계),B-26,유입,오쇠삼거리->외발산사거리,6018.0,37.54318,126.8123,20시,350.0
0,20190513.0,월,오정로(부천시계),B-26,유입,오쇠삼거리->외발산사거리,7636.0,37.54318,126.8123,8시,795.0
0,20190513.0,월,오정로(부천시계),B-26,유입,오쇠삼거리->외발산사거리,7636.0,37.54318,126.8123,9시,717.0
0,20190513.0,월,오정로(부천시계),B-26,유입,오쇠삼거리->외발산사거리,7636.0,37.54318,126.8123,10시,573.0
0,20190513.0,월,오정로(부천시계),B-26,유입,오쇠삼거리->외발산사거리,7636.0,37.54318,126.8123,11시,601.0
0,20190513.0,월,오정로(부천시계),B-26,유입,오쇠삼거리->외발산사거리,7636.0,37.54318,126.8123,12시,605.0
0,20190513.0,월,오정로(부천시계),B-26,유입,오쇠삼거리->외발산사거리,7636.0,37.54318,126.8123,13시,526.0
0,20190513.0,월,오정로(부천시계),B-26,유입,오쇠삼거리->외발산사거리,7636.0,37.54318,126.8123,14시,543.0
0,20190513.0,월,오정로(부천시계),B-26,유입,오쇠삼거리->외발산사거리,7636.0,37.54318,126.8123,15시,546.0
0,20190513.0,월,오정로(부천시계),B-26,유입,오쇠삼거리->외발산사거리,7636.0,37.54318,126.8123,16시,592.0
0,20190513.0,월,오정로(부천시계),B-26,유입,오쇠삼거리->외발산사거리,7636.0,37.54318,126.8123,17시,735.0
0,20190513.0,월,오정로(부천시계),B-26,유입,오쇠삼거리->외발산사거리,7636.0,37.54318,126.8123,18시,568.0
0,20190513.0,월,오정로(부천시계),B-26,유입,오쇠삼거리->외발산사거리,7636.0,37.54318,126.8123,19시,476.0
0,20190513.0,월,오정로(부천시계),B-26,유입,오쇠삼거리->외발산사거리,7636.0,37.54318,126.8123,20시,359.0
0,20190514.0,화,오정로(부천시계),B-26,유입,오쇠삼거리->외발산사거리,7573.0,37.54318,126.8123,8시,812.0
0,20190514.0,화,오정로(부천시계),B-26,유입,오쇠삼거리->외발산사거리,7573.0,37.54318,126.8123,9시,698.0
0,20190514.0,화,오정로(부천시계),B-26,유입,오쇠삼거리->외발산사거리,7573.0,37.54318,126.8123,10시,594.0
0,20190514.0,화,오정로(부천시계),B-26,유입,오쇠삼거리->외발산사거리,7573.0,37.54318,126.8123,11시,607.0
0,20190514.0,화,오정로(부천시계),B-26,유입,오쇠삼거리->외발산사거리,7573.0,37.54318,126.8123,12시,536.0
0,20190514.0,화,오정로(부천시계),B-26,유입,오쇠삼거리->외발산사거리,7573.0,37.54318,126.8123,13시,505.0
0,20190514.0,화,오정로(부천시계),B-26,유입,오쇠삼거리->외발산사거리,7573.0,37.54318,126.8123,14시,498.0
0,20190514.0,화,오정로(부천시계),B-26,유입,오쇠삼거리->외발산사거리,7573.0,37.54318,126.8123,15시,557.0
0,20190514.0,화,오정로(부천시계),B-26,유입,오쇠삼거리->외발산사거리,7573.0,37.54318,126.8123,16시,566.0
0,20190514.0,화,오정로(부천시계),B-26,유입,오쇠삼거리->외발산사거리,7573.0,37.54318,126.8123,17시,676.0
0,20190514.0,화,오정로(부천시계),B-26,유입,오쇠삼거리->외발산사거리,7573.0,37.54318,126.8123,18시,577.0
0,20190514.0,화,오정로(부천시계),B-26,유입,오쇠삼거리->외발산사거리,7573.0,37.54318,126.8123,19시,534.0
0,20190514.0,화,오정로(부천시계),B-26,유입,오쇠삼거리->외발산사거리,7573.0,37.54318,126.8123,20시,413.0
0,20190515.0,수,오정로(부천시계),B-26,유입,오쇠삼거리->외발산사거리,7616.0,37.54318,126.8123,8시,813.0
0,20190515.0,수,오정로(부천시계),B-26,유입,오쇠삼거리->외발산사거리,7616.0,37.54318,126.8123,9시,715.0
0,20190515.0,수,오정로(부천시계),B-26,유입,오쇠삼거리->외발산사거리,7616.0,37.54318,126.8123,10시,547.0
0,20190515.0,수,오정로(부천시계),B-26,유입,오쇠삼거리->외발산사거리,7616.0,37.54318,126.8123,11시,571.0
0,20190515.0,수,오정로(부천시계),B-26,유입,오쇠삼거리->외발산사거리,7616.0,37.54318,126.8123,12시,519.0
0,20190515.0,수,오정로(부천시계),B-26,유입,오쇠삼거리->외발산사거리,7616.0,37.54318,126.8123,13시,538.0
0,20190515.0,수,오정로(부천시계),B-26,유입,오쇠삼거리->외발산사거리,7616.0,37.54318,126.8123,14시,589.0
0,20190515.0,수,오정로(부천시계),B-26,유입,오쇠삼거리->외발산사거리,7616.0,37.54318,126.8123,15시,524.0
0,20190515.0,수,오정로(부천시계),B-26,유입,오쇠삼거리->외발산사거리,7616.0,37.54318,126.8123,16시,592.0
0,20190515.0,수,오정로(부천시계),B-26,유입,오쇠삼거리->외발산사거리,7616.0,37.54318,126.8123,17시,712.0
0,20190515.0,수,오정로(부천시계),B-26,유입,오쇠삼거리->외발산사거리,7616.0,37.54318,126.8123,18시,575.0
0,20190515.0,수,오정로(부천시계),B-26,유입,오쇠삼거리->외발산사거리,7616.0,37.54318,126.8123,19시,533.0
0,20190515.0,수,오정로(부천시계),B-26,유입,오쇠삼거리->외발산사거리,7616.0,37.54318,126.8123,20시,388.0
0,20190516.0,목,오정로(부천시계),B-26,유입,오쇠삼거리->외발산사거리,7512.0,37.54318,126.8123,8시,842.0
0,20190516.0,목,오정로(부천시계),B-26,유입,오쇠삼거리->외발산사거리,7512.0,37.54318,126.8123,9시,723.0
0,20190516.0,목,오정로(부천시계),B-26,유입,오쇠삼거리->외발산사거리,7512.0,37.54318,126.8123,10시,562.0
0,20190516.0,목,오정로(부천시계),B-26,유입,오쇠삼거리->외발산사거리,7512.0,37.54318,126.8123,11시,628.0
0,20190516.0,목,오정로(부천시계),B-26,유입,오쇠삼거리->외발산사거리,7512.0,37.54318,126.8123,12시,479.0
0,20190516.0,목,오정로(부천시계),B-26,유입,오쇠삼거리->외발산사거리,7512.0,37.54318,126.8123,13시,569.0
0,20190516.0,목,오정로(부천시계),B-26,유입,오쇠삼거리->외발산사거리,7512.0,37.54318,126.8123,14시,491.0
0,20190516.0,목,오정로(부천시계),B-26,유입,오쇠삼거리->외발산사거리,7512.0,37.54318,126.8123,15시,484.0
0,20190516.0,목,오정로(부천시계),B-26,유입,오쇠삼거리->외발산사거리,7512.0,37.54318,126.8123,16시,585.0
0,20190516.0,목,오정로(부천시계),B-26,유입,오쇠삼거리->외발산사거리,7512.0,37.54318,126.8123,17시,658.0
0,20190516.0,목,오정로(부천시계),B-26,유입,오쇠삼거리->외발산사거리,7512.0,37.54318,126.8123,18시,586.0
0,20190516.0,목,오정로(부천시계),B-26,유입,오쇠삼거리->외발산사거리,7512.0,37.54318,126.8123,19시,535.0
0,20190516.0,목,오정로(부천시계),B-26,유입,오쇠삼거리->외발산사거리,7512.0,37.54318,126.8123,20시,370.0
0,20190517.0,금,오정로(부천시계),B-26,유입,오쇠삼거리->외발산사거리,7725.0,37.54318,126.8123,8시,813.0
0,20190517.0,금,오정로(부천시계),B-26,유입,오쇠삼거리->외발산사거리,7725.0,37.54318,126.8123,9시,707.0
0,20190517.0,금,오정로(부천시계),B-26,유입,오쇠삼거리->외발산사거리,7725.0,37.54318,126.8123,10시,581.0
0,20190517.0,금,오정로(부천시계),B-26,유입,오쇠삼거리->외발산사거리,7725.0,37.54318,126.8123,11시,570.0
0,20190517.0,금,오정로(부천시계),B-26,유입,오쇠삼거리->외발산사거리,7725.0,37.54318,126.8123,12시,553.0
0,20190517.0,금,오정로(부천시계),B-26,유입,오쇠삼거리->외발산사거리,7725.0,37.54318,126.8123,13시,497.0
0,20190517.0,금,오정로(부천시계),B-26,유입,오쇠삼거리->외발산사거리,7725.0,37.54318,126.8123,14시,572.0
0,20190517.0,금,오정로(부천시계),B-26,유입,오쇠삼거리->외발산사거리,7725.0,37.54318,126.8123,15시,551.0
0,20190517.0,금,오정로(부천시계),B-26,유입,오쇠삼거리->외발산사거리,7725.0,37.54318,126.8123,16시,625.0
0,20190517.0,금,오정로(부천시계),B-26,유입,오쇠삼거리->외발산사거리,7725.0,37.54318,126.8123,17시,762.0
0,20190517.0,금,오정로(부천시계),B-26,유입,오쇠삼거리->외발산사거리,7725.0,37.54318,126.8123,18시,593.0
0,20190517.0,금,오정로(부천시계),B-26,유입,오쇠삼거리->외발산사거리,7725.0,37.54318,126.8123,19시,505.0
0,20190517.0,금,오정로(부천시계),B-26,유입,오쇠삼거리->외발산사거리,7725.0,37.54318,126.8123,20시,396.0
0,20190518.0,토,오정로(부천시계),B-26,유입,오쇠삼거리->외발산사거리,7155.0,37.54318,126.8123,8시,523.0
0,20190518.0,토,오정로(부천시계),B-26,유입,오쇠삼거리->외발산사거리,7155.0,37.54318,126.8123,9시,604.0
0,20190518.0,토,오정로(부천시계),B-26,유입,오쇠삼거리->외발산사거리,7155.0,37.54318,126.8123,10시,656.0
0,20190518.0,토,오정로(부천시계),B-26,유입,오쇠삼거리->외발산사거리,7155.0,37.54318,126.8123,11시,628.0
0,20190518.0,토,오정로(부천시계),B-26,유입,오쇠삼거리->외발산사거리,7155.0,37.54318,126.8123,12시,603.0
0,20190518.0,토,오정로(부천시계),B-26,유입,오쇠삼거리->외발산사거리,7155.0,37.54318,126.8123,13시,608.0
0,20190518.0,토,오정로(부천시계),B-26,유입,오쇠삼거리->외발산사거리,7155.0,37.54318,126.8123,14시,605.0
0,20190518.0,토,오정로(부천시계),B-26,유입,오쇠삼거리->외발산사거리,7155.0,37.54318,126.8123,15시,589.0
0,20190518.0,토,오정로(부천시계),B-26,유입,오쇠삼거리->외발산사거리,7155.0,37.54318,126.8123,16시,539.0
0,20190518.0,토,오정로(부천시계),B-26,유입,오쇠삼거리->외발산사거리,7155.0,37.54318,126.8123,17시,578.0
0,20190518.0,토,오정로(부천시계),B-26,유입,오쇠삼거리->외발산사거리,7155.0,37.54318,126.8123,18시,523.0
0,20190518.0,토,오정로(부천시계),B-26,유입,오쇠삼거리->외발산사거리,7155.0,37.54318,126.8123,19시,396.0
0,20190518.0,토,오정로(부천시계),B-26,유입,오쇠삼거리->외발산사거리,7155.0,37.54318,126.8123,20시,303.0
0,20190519.0,일,오정로(부천시계),B-26,유입,오쇠삼거리->외발산사거리,5512.0,37.54318,126.8123,8시,305.0
0,20190519.0,일,오정로(부천시계),B-26,유입,오쇠삼거리->외발산사거리,5512.0,37.54318,126.8123,9시,450.0
0,20190519.0,일,오정로(부천시계),B-26,유입,오쇠삼거리->외발산사거리,5512.0,37.54318,126.8123,10시,429.0
0,20190519.0,일,오정로(부천시계),B-26,유입,오쇠삼거리->외발산사거리,5512.0,37.54318,126.8123,11시,423.0
0,20190519.0,일,오정로(부천시계),B-26,유입,오쇠삼거리->외발산사거리,5512.0,37.54318,126.8123,12시,465.0
0,20190519.0,일,오정로(부천시계),B-26,유입,오쇠삼거리->외발산사거리,5512.0,37.54318,126.8123,13시,504.0
0,20190519.0,일,오정로(부천시계),B-26,유입,오쇠삼거리->외발산사거리,5512.0,37.54318,126.8123,14시,508.0
0,20190519.0,일,오정로(부천시계),B-26,유입,오쇠삼거리->외발산사거리,5512.0,37.54318,126.8123,15시,437.0
0,20190519.0,일,오정로(부천시계),B-26,유입,오쇠삼거리->외발산사거리,5512.0,37.54318,126.8123,16시,460.0
0,20190519.0,일,오정로(부천시계),B-26,유입,오쇠삼거리->외발산사거리,5512.0,37.54318,126.8123,17시,496.0
0,20190519.0,일,오정로(부천시계),B-26,유입,오쇠삼거리->외발산사거리,5512.0,37.54318,126.8123,18시,421.0
0,20190519.0,일,오정로(부천시계),B-26,유입,오쇠삼거리->외발산사거리,5512.0,37.54318,126.8123,19시,302.0
0,20190519.0,일,오정로(부천시계),B-26,유입,오쇠삼거리->외발산사거리,5512.0,37.54318,126.8123,20시,312.0
0,20190520.0,월,오정로(부천시계),B-26,유입,오쇠삼거리->외발산사거리,7450.0,37.54318,126.8123,8시,780.0
0,20190520.0,월,오정로(부천시계),B-26,유입,오쇠삼거리->외발산사거리,7450.0,37.54318,126.8123,9시,679.0
0,20190520.0,월,오정로(부천시계),B-26,유입,오쇠삼거리->외발산사거리,7450.0,37.54318,126.8123,10시,607.0
0,20190520.0,월,오정로(부천시계),B-26,유입,오쇠삼거리->외발산사거리,7450.0,37.54318,126.8123,11시,567.0
0,20190520.0,월,오정로(부천시계),B-26,유입,오쇠삼거리->외발산사거리,7450.0,37.54318,126.8123,12시,531.0
0,20190520.0,월,오정로(부천시계),B-26,유입,오쇠삼거리->외발산사거리,7450.0,37.54318,126.8123,13시,558.0
0,20190520.0,월,오정로(부천시계),B-26,유입,오쇠삼거리->외발산사거리,7450.0,37.54318,126.8123,14시,509.0
0,20190520.0,월,오정로(부천시계),B-26,유입,오쇠삼거리->외발산사거리,7450.0,37.54318,126.8123,15시,547.0
0,20190520.0,월,오정로(부천시계),B-26,유입,오쇠삼거리->외발산사거리,7450.0,37.54318,126.8123,16시,518.0
0,20190520.0,월,오정로(부천시계),B-26,유입,오쇠삼거리->외발산사거리,7450.0,37.54318,126.8123,17시,677.0
0,20190520.0,월,오정로(부천시계),B-26,유입,오쇠삼거리->외발산사거리,7450.0,37.54318,126.8123,18시,575.0
0,20190520.0,월,오정로(부천시계),B-26,유입,오쇠삼거리->외발산사거리,7450.0,37.54318,126.8123,19시,512.0
0,20190520.0,월,오정로(부천시계),B-26,유입,오쇠삼거리->외발산사거리,7450.0,37.54318,126.8123,20시,390.0
0,20190521.0,화,오정로(부천시계),B-26,유입,오쇠삼거리->외발산사거리,7692.0,37.54318,126.8123,8시,813.0
0,20190521.0,화,오정로(부천시계),B-26,유입,오쇠삼거리->외발산사거리,7692.0,37.54318,126.8123,9시,775.0
0,20190521.0,화,오정로(부천시계),B-26,유입,오쇠삼거리->외발산사거리,7692.0,37.54318,126.8123,10시,584.0
0,20190521.0,화,오정로(부천시계),B-26,유입,오쇠삼거리->외발산사거리,7692.0,37.54318,126.8123,11시,604.0
0,20190521.0,화,오정로(부천시계),B-26,유입,오쇠삼거리->외발산사거리,7692.0,37.54318,126.8123,12시,559.0
0,20190521.0,화,오정로(부천시계),B-26,유입,오쇠삼거리->외발산사거리,7692.0,37.54318,126.8123,13시,552.0
0,20190521.0,화,오정로(부천시계),B-26,유입,오쇠삼거리->외발산사거리,7692.0,37.54318,126.8123,14시,541.0
0,20190521.0,화,오정로(부천시계),B-26,유입,오쇠삼거리->외발산사거리,7692.0,37.54318,126.8123,15시,501.0
0,20190521.0,화,오정로(부천시계),B-26,유입,오쇠삼거리->외발산사거리,7692.0,37.54318,126.8123,16시,577.0
0,20190521.0,화,오정로(부천시계),B-26,유입,오쇠삼거리->외발산사거리,7692.0,37.54318,126.8123,17시,712.0
0,20190521.0,화,오정로(부천시계),B-26,유입,오쇠삼거리->외발산사거리,7692.0,37.54318,126.8123,18시,567.0
0,20190521.0,화,오정로(부천시계),B-26,유입,오쇠삼거리->외발산사거리,7692.0,37.54318,126.8123,19시,515.0
0,20190521.0,화,오정로(부천시계),B-26,유입,오쇠삼거리->외발산사거리,7692.0,37.54318,126.8123,20시,392.0
0,20190522.0,수,오정로(부천시계),B-26,유입,오쇠삼거리->외발산사거리,7606.0,37.54318,126.8123,8시,860.0
0,20190522.0,수,오정로(부천시계),B-26,유입,오쇠삼거리->외발산사거리,7606.0,37.54318,126.8123,9시,663.0
0,20190522.0,수,오정로(부천시계),B-26,유입,오쇠삼거리->외발산사거리,7606.0,37.54318,126.8123,10시,582.0
0,20190522.0,수,오정로(부천시계),B-26,유입,오쇠삼거리->외발산사거리,7606.0,37.54318,126.8123,11시,625.0
0,20190522.0,수,오정로(부천시계),B-26,유입,오쇠삼거리->외발산사거리,7606.0,37.54318,126.8123,12시,529.0
0,20190522.0,수,오정로(부천시계),B-26,유입,오쇠삼거리->외발산사거리,7606.0,37.54318,126.8123,13시,514.0
0,20190522.0,수,오정로(부천시계),B-26,유입,오쇠삼거리->외발산사거리,7606.0,37.54318,126.8123,14시,518.0
0,20190522.0,수,오정로(부천시계),B-26,유입,오쇠삼거리->외발산사거리,7606.0,37.54318,126.8123,15시,539.0
0,20190522.0,수,오정로(부천시계),B-26,유입,오쇠삼거리->외발산사거리,7606.0,37.54318,126.8123,16시,570.0
0,20190522.0,수,오정로(부천시계),B-26,유입,오쇠삼거리->외발산사거리,7606.0,37.54318,126.8123,17시,700.0
0,20190522.0,수,오정로(부천시계),B-26,유입,오쇠삼거리->외발산사거리,7606.0,37.54318,126.8123,18시,596.0
0,20190522.0,수,오정로(부천시계),B-26,유입,오쇠삼거리->외발산사거리,7606.0,37.54318,126.8123,19시,514.0
0,20190522.0,수,오정로(부천시계),B-26,유입,오쇠삼거리->외발산사거리,7606.0,37.54318,126.8123,20시,396.0
0,20190523.0,목,오정로(부천시계),B-26,유입,오쇠삼거리->외발산사거리,7653.0,37.54318,126.8123,8시,823.0
0,20190523.0,목,오정로(부천시계),B-26,유입,오쇠삼거리->외발산사거리,7653.0,37.54318,126.8123,9시,728.0
0,20190523.0,목,오정로(부천시계),B-26,유입,오쇠삼거리->외발산사거리,7653.0,37.54318,126.8123,10시,620.0
0,20190523.0,목,오정로(부천시계),B-26,유입,오쇠삼거리->외발산사거리,7653.0,37.54318,126.8123,11시,655.0
0,20190523.0,목,오정로(부천시계),B-26,유입,오쇠삼거리->외발산사거리,7653.0,37.54318,126.8123,12시,538.0
0,20190523.0,목,오정로(부천시계),B-26,유입,오쇠삼거리->외발산사거리,7653.0,37.54318,126.8123,13시,518.0
0,20190523.0,목,오정로(부천시계),B-26,유입,오쇠삼거리->외발산사거리,7653.0,37.54318,126.8123,14시,544.0
0,20190523.0,목,오정로(부천시계),B-26,유입,오쇠삼거리->외발산사거리,7653.0,37.54318,126.8123,15시,496.0
0,20190523.0,목,오정로(부천시계),B-26,유입,오쇠삼거리->외발산사거리,7653.0,37.54318,126.8123,16시,571.0
0,20190523.0,목,오정로(부천시계),B-26,유입,오쇠삼거리->외발산사거리,7653.0,37.54318,126.8123,17시,701.0
0,20190523.0,목,오정로(부천시계),B-26,유입,오쇠삼거리->외발산사거리,7653.0,37.54318,126.8123,18시,568.0
0,20190523.0,목,오정로(부천시계),B-26,유입,오쇠삼거리->외발산사거리,7653.0,37.54318,126.8123,19시,507.0
0,20190523.0,목,오정로(부천시계),B-26,유입,오쇠삼거리->외발산사거리,7653.0,37.54318,126.8123,20시,384.0
0,20190524.0,금,오정로(부천시계),B-26,유입,오쇠삼거리->외발산사거리,7851.0,37.54318,126.8123,8시,814.0
0,20190524.0,금,오정로(부천시계),B-26,유입,오쇠삼거리->외발산사거리,7851.0,37.54318,126.8123,9시,678.0
0,20190524.0,금,오정로(부천시계),B-26,유입,오쇠삼거리->외발산사거리,7851.0,37.54318,126.8123,10시,613.0
0,20190524.0,금,오정로(부천시계),B-26,유입,오쇠삼거리->외발산사거리,7851.0,37.54318,126.8123,11시,662.0
0,20190524.0,금,오정로(부천시계),B-26,유입,오쇠삼거리->외발산사거리,7851.0,37.54318,126.8123,12시,541.0
0,20190524.0,금,오정로(부천시계),B-26,유입,오쇠삼거리->외발산사거리,7851.0,37.54318,126.8123,13시,584.0
0,20190524.0,금,오정로(부천시계),B-26,유입,오쇠삼거리->외발산사거리,7851.0,37.54318,126.8123,14시,558.0
0,20190524.0,금,오정로(부천시계),B-26,유입,오쇠삼거리->외발산사거리,7851.0,37.54318,126.8123,15시,512.0
0,20190524.0,금,오정로(부천시계),B-26,유입,오쇠삼거리->외발산사거리,7851.0,37.54318,126.8123,16시,596.0
0,20190524.0,금,오정로(부천시계),B-26,유입,오쇠삼거리->외발산사거리,7851.0,37.54318,126.8123,17시,718.0
0,20190524.0,금,오정로(부천시계),B-26,유입,오쇠삼거리->외발산사거리,7851.0,37.54318,126.8123,18시,598.0
0,20190524.0,금,오정로(부천시계),B-26,유입,오쇠삼거리->외발산사거리,7851.0,37.54318,126.8123,19시,563.0
0,20190524.0,금,오정로(부천시계),B-26,유입,오쇠삼거리->외발산사거리,7851.0,37.54318,126.8123,20시,414.0
0,20190525.0,토,오정로(부천시계),B-26,유입,오쇠삼거리->외발산사거리,7637.0,37.54318,126.8123,8시,563.0
0,20190525.0,토,오정로(부천시계),B-26,유입,오쇠삼거리->외발산사거리,7637.0,37.54318,126.8123,9시,676.0
0,20190525.0,토,오정로(부천시계),B-26,유입,오쇠삼거리->외발산사거리,7637.0,37.54318,126.8123,10시,708.0
0,20190525.0,토,오정로(부천시계),B-26,유입,오쇠삼거리->외발산사거리,7637.0,37.54318,126.8123,11시,744.0
0,20190525.0,토,오정로(부천시계),B-26,유입,오쇠삼거리->외발산사거리,7637.0,37.54318,126.8123,12시,625.0
0,20190525.0,토,오정로(부천시계),B-26,유입,오쇠삼거리->외발산사거리,7637.0,37.54318,126.8123,13시,627.0
0,20190525.0,토,오정로(부천시계),B-26,유입,오쇠삼거리->외발산사거리,7637.0,37.54318,126.8123,14시,621.0
0,20190525.0,토,오정로(부천시계),B-26,유입,오쇠삼거리->외발산사거리,7637.0,37.54318,126.8123,15시,648.0
0,20190525.0,토,오정로(부천시계),B-26,유입,오쇠삼거리->외발산사거리,7637.0,37.54318,126.8123,16시,577.0
0,20190525.0,토,오정로(부천시계),B-26,유입,오쇠삼거리->외발산사거리,7637.0,37.54318,126.8123,17시,572.0
0,20190525.0,토,오정로(부천시계),B-26,유입,오쇠삼거리->외발산사거리,7637.0,37.54318,126.8123,18시,506.0
0,20190525.0,토,오정로(부천시계),B-26,유입,오쇠삼거리->외발산사거리,7637.0,37.54318,126.8123,19시,444.0
0,20190525.0,토,오정로(부천시계),B-26,유입,오쇠삼거리->외발산사거리,7637.0,37.54318,126.8123,20시,326.0
0,20190526.0,일,오정로(부천시계),B-26,유입,오쇠삼거리->외발산사거리,5970.0,37.54318,126.8123,8시,353.0
0,20190526.0,일,오정로(부천시계),B-26,유입,오쇠삼거리->외발산사거리,5970.0,37.54318,126.8123,9시,487.0
0,20190526.0,일,오정로(부천시계),B-26,유입,오쇠삼거리->외발산사거리,5970.0,37.54318,126.8123,10시,463.0
0,20190526.0,일,오정로(부천시계),B-26,유입,오쇠삼거리->외발산사거리,5970.0,37.54318,126.8123,11시,473.0
0,20190526.0,일,오정로(부천시계),B-26,유입,오쇠삼거리->외발산사거리,5970.0,37.54318,126.8123,12시,489.0
0,20190526.0,일,오정로(부천시계),B-26,유입,오쇠삼거리->외발산사거리,5970.0,37.54318,126.8123,13시,532.0
0,20190526.0,일,오정로(부천시계),B-26,유입,오쇠삼거리->외발산사거리,5970.0,37.54318,126.8123,14시,512.0
0,20190526.0,일,오정로(부천시계),B-26,유입,오쇠삼거리->외발산사거리,5970.0,37.54318,126.8123,15시,495.0
0,20190526.0,일,오정로(부천시계),B-26,유입,오쇠삼거리->외발산사거리,5970.0,37.54318,126.8123,16시,478.0
0,20190526.0,일,오정로(부천시계),B-26,유입,오쇠삼거리->외발산사거리,5970.0,37.54318,126.8123,17시,525.0
0,20190526.0,일,오정로(부천시계),B-26,유입,오쇠삼거리->외발산사거리,5970.0,37.54318,126.8123,18시,457.0
0,20190526.0,일,오정로(부천시계),B-26,유입,오쇠삼거리->외발산사거리,5970.0,37.54318,126.8123,19시,371.0
0,20190526.0,일,오정로(부천시계),B-26,유입,오쇠삼거리->외발산사거리,5970.0,37.54318,126.8123,20시,335.0
0,20190527.0,월,오정로(부천시계),B-26,유입,오쇠삼거리->외발산사거리,7206.0,37.54318,126.8123,8시,761.0
0,20190527.0,월,오정로(부천시계),B-26,유입,오쇠삼거리->외발산사거리,7206.0,37.54318,126.8123,9시,690.0
0,20190527.0,월,오정로(부천시계),B-26,유입,오쇠삼거리->외발산사거리,7206.0,37.54318,126.8123,10시,523.0
0,20190527.0,월,오정로(부천시계),B-26,유입,오쇠삼거리->외발산사거리,7206.0,37.54318,126.8123,11시,575.0
0,20190527.0,월,오정로(부천시계),B-26,유입,오쇠삼거리->외발산사거리,7206.0,37.54318,126.8123,12시,530.0
0,20190527.0,월,오정로(부천시계),B-26,유입,오쇠삼거리->외발산사거리,7206.0,37.54318,126.8123,13시,520.0
0,20190527.0,월,오정로(부천시계),B-26,유입,오쇠삼거리->외발산사거리,7206.0,37.54318,126.8123,14시,498.0
0,20190527.0,월,오정로(부천시계),B-26,유입,오쇠삼거리->외발산사거리,7206.0,37.54318,126.8123,15시,487.0
0,20190527.0,월,오정로(부천시계),B-26,유입,오쇠삼거리->외발산사거리,7206.0,37.54318,126.8123,16시,563.0
0,20190527.0,월,오정로(부천시계),B-26,유입,오쇠삼거리->외발산사거리,7206.0,37.54318,126.8123,17시,681.0
0,20190527.0,월,오정로(부천시계),B-26,유입,오쇠삼거리->외발산사거리,7206.0,37.54318,126.8123,18시,567.0
0,20190527.0,월,오정로(부천시계),B-26,유입,오쇠삼거리->외발산사거리,7206.0,37.54318,126.8123,19시,490.0
0,20190527.0,월,오정로(부천시계),B-26,유입,오쇠삼거리->외발산사거리,7206.0,37.54318,126.8123,20시,321.0
0,20190528.0,화,오정로(부천시계),B-26,유입,오쇠삼거리->외발산사거리,7598.0,37.54318,126.8123,8시,783.0
0,20190528.0,화,오정로(부천시계),B-26,유입,오쇠삼거리->외발산사거리,7598.0,37.54318,126.8123,9시,691.0
0,20190528.0,화,오정로(부천시계),B-26,유입,오쇠삼거리->외발산사거리,7598.0,37.54318,126.8123,10시,635.0
0,20190528.0,화,오정로(부천시계),B-26,유입,오쇠삼거리->외발산사거리,7598.0,37.54318,126.8123,11시,637.0
0,20190528.0,화,오정로(부천시계),B-26,유입,오쇠삼거리->외발산사거리,7598.0,37.54318,126.8123,12시,513.0
0,20190528.0,화,오정로(부천시계),B-26,유입,오쇠삼거리->외발산사거리,7598.0,37.54318,126.8123,13시,522.0
0,20190528.0,화,오정로(부천시계),B-26,유입,오쇠삼거리->외발산사거리,7598.0,37.54318,126.8123,14시,521.0
0,20190528.0,화,오정로(부천시계),B-26,유입,오쇠삼거리->외발산사거리,7598.0,37.54318,126.8123,15시,546.0
0,20190528.0,화,오정로(부천시계),B-26,유입,오쇠삼거리->외발산사거리,7598.0,37.54318,126.8123,16시,578.0
0,20190528.0,화,오정로(부천시계),B-26,유입,오쇠삼거리->외발산사거리,7598.0,37.54318,126.8123,17시,687.0
0,20190528.0,화,오정로(부천시계),B-26,유입,오쇠삼거리->외발산사거리,7598.0,37.54318,126.8123,18시,569.0
0,20190528.0,화,오정로(부천시계),B-26,유입,오쇠삼거리->외발산사거리,7598.0,37.54318,126.8123,19시,530.0
0,20190528.0,화,오정로(부천시계),B-26,유입,오쇠삼거리->외발산사거리,7598.0,37.54318,126.8123,20시,386.0
0,20190529.0,수,오정로(부천시계),B-26,유입,오쇠삼거리->외발산사거리,7653.0,37.54318,126.8123,8시,804.0
0,20190529.0,수,오정로(부천시계),B-26,유입,오쇠삼거리->외발산사거리,7653.0,37.54318,126.8123,9시,714.0
0,20190529.0,수,오정로(부천시계),B-26,유입,오쇠삼거리->외발산사거리,7653.0,37.54318,126.8123,10시,571.0
0,20190529.0,수,오정로(부천시계),B-26,유입,오쇠삼거리->외발산사거리,7653.0,37.54318,126.8123,11시,576.0
0,20190529.0,수,오정로(부천시계),B-26,유입,오쇠삼거리->외발산사거리,7653.0,37.54318,126.8123,12시,546.0
0,20190529.0,수,오정로(부천시계),B-26,유입,오쇠삼거리->외발산사거리,7653.0,37.54318,126.8123,13시,583.0
0,20190529.0,수,오정로(부천시계),B-26,유입,오쇠삼거리->외발산사거리,7653.0,37.54318,126.8123,14시,498.0
0,20190529.0,수,오정로(부천시계),B-26,유입,오쇠삼거리->외발산사거리,7653.0,37.54318,126.8123,15시,550.0
0,20190529.0,수,오정로(부천시계),B-26,유입,오쇠삼거리->외발산사거리,7653.0,37.54318,126.8123,16시,520.0
0,20190529.0,수,오정로(부천시계),B-26,유입,오쇠삼거리->외발산사거리,7653.0,37.54318,126.8123,17시,729.0
0,20190529.0,수,오정로(부천시계),B-26,유입,오쇠삼거리->외발산사거리,7653.0,37.54318,126.8123,18시,579.0
0,20190529.0,수,오정로(부천시계),B-26,유입,오쇠삼거리->외발산사거리,7653.0,37.54318,126.8123,19시,549.0
0,20190529.0,수,오정로(부천시계),B-26,유입,오쇠삼거리->외발산사거리,7653.0,37.54318,126.8123,20시,434.0
0,20190530.0,목,오정로(부천시계),B-26,유입,오쇠삼거리->외발산사거리,7581.0,37.54318,126.8123,8시,784.0
0,20190530.0,목,오정로(부천시계),B-26,유입,오쇠삼거리->외발산사거리,7581.0,37.54318,126.8123,9시,664.0
0,20190530.0,목,오정로(부천시계),B-26,유입,오쇠삼거리->외발산사거리,7581.0,37.54318,126.8123,10시,553.0
0,20190530.0,목,오정로(부천시계),B-26,유입,오쇠삼거리->외발산사거리,7581.0,37.54318,126.8123,11시,625.0
0,20190530.0,목,오정로(부천시계),B-26,유입,오쇠삼거리->외발산사거리,7581.0,37.54318,126.8123,12시,508.0
0,20190530.0,목,오정로(부천시계),B-26,유입,오쇠삼거리->외발산사거리,7581.0,37.54318,126.8123,13시,501.0
0,20190530.0,목,오정로(부천시계),B-26,유입,오쇠삼거리->외발산사거리,7581.0,37.54318,126.8123,14시,547.0
0,20190530.0,목,오정로(부천시계),B-26,유입,오쇠삼거리->외발산사거리,7581.0,37.54318,126.8123,15시,570.0
0,20190530.0,목,오정로(부천시계),B-26,유입,오쇠삼거리->외발산사거리,7581.0,37.54318,126.8123,16시,622.0
0,20190530.0,목,오정로(부천시계),B-26,유입,오쇠삼거리->외발산사거리,7581.0,37.54318,126.8123,17시,732.0
0,20190530.0,목,오정로(부천시계),B-26,유입,오쇠삼거리->외발산사거리,7581.0,37.54318,126.8123,18시,574.0
0,20190530.0,목,오정로(부천시계),B-26,유입,오쇠삼거리->외발산사거리,7581.0,37.54318,126.8123,19시,518.0
0,20190530.0,목,오정로(부천시계),B-26,유입,오쇠삼거리->외발산사거리,7581.0,37.54318,126.8123,20시,383.0
0,20190531.0,금,오정로(부천시계),B-26,유입,오쇠삼거리->외발산사거리,7764.0,37.54318,126.8123,8시,788.0
0,20190531.0,금,오정로(부천시계),B-26,유입,오쇠삼거리->외발산사거리,7764.0,37.54318,126.8123,9시,703.0
0,20190531.0,금,오정로(부천시계),B-26,유입,오쇠삼거리->외발산사거리,7764.0,37.54318,126.8123,10시,588.0
0,20190531.0,금,오정로(부천시계),B-26,유입,오쇠삼거리->외발산사거리,7764.0,37.54318,126.8123,11시,593.0
0,20190531.0,금,오정로(부천시계),B-26,유입,오쇠삼거리->외발산사거리,7764.0,37.54318,126.8123,12시,554.0
0,20190531.0,금,오정로(부천시계),B-26,유입,오쇠삼거리->외발산사거리,7764.0,37.54318,126.8123,13시,554.0
0,20190531.0,금,오정로(부천시계),B-26,유입,오쇠삼거리->외발산사거리,7764.0,37.54318,126.8123,14시,561.0
0,20190531.0,금,오정로(부천시계),B-26,유입,오쇠삼거리->외발산사거리,7764.0,37.54318,126.8123,15시,580.0
0,20190531.0,금,오정로(부천시계),B-26,유입,오쇠삼거리->외발산사거리,7764.0,37.54318,126.8123,16시,593.0
0,20190531.0,금,오정로(부천시계),B-26,유입,오쇠삼거리->외발산사거리,7764.0,37.54318,126.8123,17시,696.0
0,20190531.0,금,오정로(부천시계),B-26,유입,오쇠삼거리->외발산사거리,7764.0,37.54318,126.8123,18시,657.0
0,20190531.0,금,오정로(부천시계),B-26,유입,오쇠삼거리->외발산사거리,7764.0,37.54318,126.8123,19시,511.0
0,20190531.0,금,오정로(부천시계),B-26,유입,오쇠삼거리->외발산사거리,7764.0,37.54318,126.8123,20시,386.0
0,20190501.0,수,오정로(부천시계),B-26,유출,외발산사거리->오쇠삼거리,8554.0,37.54318,126.8123,8시,562.0
0,20190501.0,수,오정로(부천시계),B-26,유출,외발산사거리->오쇠삼거리,8554.0,37.54318,126.8123,9시,599.0
0,20190501.0,수,오정로(부천시계),B-26,유출,외발산사거리->오쇠삼거리,8554.0,37.54318,126.8123,10시,591.0
0,20190501.0,수,오정로(부천시계),B-26,유출,외발산사거리->오쇠삼거리,8554.0,37.54318,126.8123,11시,606.0
0,20190501.0,수,오정로(부천시계),B-26,유출,외발산사거리->오쇠삼거리,8554.0,37.54318,126.8123,12시,553.0
0,20190501.0,수,오정로(부천시계),B-26,유출,외발산사거리->오쇠삼거리,8554.0,37.54318,126.8123,13시,614.0
0,20190501.0,수,오정로(부천시계),B-26,유출,외발산사거리->오쇠삼거리,8554.0,37.54318,126.8123,14시,710.0
0,20190501.0,수,오정로(부천시계),B-26,유출,외발산사거리->오쇠삼거리,8554.0,37.54318,126.8123,15시,731.0
0,20190501.0,수,오정로(부천시계),B-26,유출,외발산사거리->오쇠삼거리,8554.0,37.54318,126.8123,16시,819.0
0,20190501.0,수,오정로(부천시계),B-26,유출,외발산사거리->오쇠삼거리,8554.0,37.54318,126.8123,17시,887.0
0,20190501.0,수,오정로(부천시계),B-26,유출,외발산사거리->오쇠삼거리,8554.0,37.54318,126.8123,18시,817.0
0,20190501.0,수,오정로(부천시계),B-26,유출,외발산사거리->오쇠삼거리,8554.0,37.54318,126.8123,19시,564.0
0,20190501.0,수,오정로(부천시계),B-26,유출,외발산사거리->오쇠삼거리,8554.0,37.54318,126.8123,20시,501.0
0,20190502.0,목,오정로(부천시계),B-26,유출,외발산사거리->오쇠삼거리,11178.0,37.54318,126.8123,8시,949.0
0,20190502.0,목,오정로(부천시계),B-26,유출,외발산사거리->오쇠삼거리,11178.0,37.54318,126.8123,9시,769.0
0,20190502.0,목,오정로(부천시계),B-26,유출,외발산사거리->오쇠삼거리,11178.0,37.54318,126.8123,10시,738.0
0,20190502.0,목,오정로(부천시계),B-26,유출,외발산사거리->오쇠삼거리,11178.0,37.54318,126.8123,11시,694.0
0,20190502.0,목,오정로(부천시계),B-26,유출,외발산사거리->오쇠삼거리,11178.0,37.54318,126.8123,12시,671.0
0,20190502.0,목,오정로(부천시계),B-26,유출,외발산사거리->오쇠삼거리,11178.0,37.54318,126.8123,13시,688.0
0,20190502.0,목,오정로(부천시계),B-26,유출,외발산사거리->오쇠삼거리,11178.0,37.54318,126.8123,14시,727.0
0,20190502.0,목,오정로(부천시계),B-26,유출,외발산사거리->오쇠삼거리,11178.0,37.54318,126.8123,15시,771.0
0,20190502.0,목,오정로(부천시계),B-26,유출,외발산사거리->오쇠삼거리,11178.0,37.54318,126.8123,16시,961.0
0,20190502.0,목,오정로(부천시계),B-26,유출,외발산사거리->오쇠삼거리,11178.0,37.54318,126.8123,17시,1282.0
0,20190502.0,목,오정로(부천시계),B-26,유출,외발산사거리->오쇠삼거리,11178.0,37.54318,126.8123,18시,1315.0
0,20190502.0,목,오정로(부천시계),B-26,유출,외발산사거리->오쇠삼거리,11178.0,37.54318,126.8123,19시,963.0
0,20190502.0,목,오정로(부천시계),B-26,유출,외발산사거리->오쇠삼거리,11178.0,37.54318,126.8123,20시,650.0
0,20190503.0,금,오정로(부천시계),B-26,유출,외발산사거리->오쇠삼거리,12276.0,37.54318,126.8123,8시,917.0
0,20190503.0,금,오정로(부천시계),B-26,유출,외발산사거리->오쇠삼거리,12276.0,37.54318,126.8123,9시,714.0
0,20190503.0,금,오정로(부천시계),B-26,유출,외발산사거리->오쇠삼거리,12276.0,37.54318,126.8123,10시,740.0
0,20190503.0,금,오정로(부천시계),B-26,유출,외발산사거리->오쇠삼거리,12276.0,37.54318,126.8123,11시,776.0
0,20190503.0,금,오정로(부천시계),B-26,유출,외발산사거리->오쇠삼거리,12276.0,37.54318,126.8123,12시,708.0
0,20190503.0,금,오정로(부천시계),B-26,유출,외발산사거리->오쇠삼거리,12276.0,37.54318,126.8123,13시,747.0
0,20190503.0,금,오정로(부천시계),B-26,유출,외발산사거리->오쇠삼거리,12276.0,37.54318,126.8123,14시,798.0
0,20190503.0,금,오정로(부천시계),B-26,유출,외발산사거리->오쇠삼거리,12276.0,37.54318,126.8123,15시,989.0
0,20190503.0,금,오정로(부천시계),B-26,유출,외발산사거리->오쇠삼거리,12276.0,37.54318,126.8123,16시,1157.0
0,20190503.0,금,오정로(부천시계),B-26,유출,외발산사거리->오쇠삼거리,12276.0,37.54318,126.8123,17시,1294.0
0,20190503.0,금,오정로(부천시계),B-26,유출,외발산사거리->오쇠삼거리,12276.0,37.54318,126.8123,18시,1365.0
0,20190503.0,금,오정로(부천시계),B-26,유출,외발산사거리->오쇠삼거리,12276.0,37.54318,126.8123,19시,1252.0
0,20190503.0,금,오정로(부천시계),B-26,유출,외발산사거리->오쇠삼거리,12276.0,37.54318,126.8123,20시,819.0
0,20190504.0,토,오정로(부천시계),B-26,유출,외발산사거리->오쇠삼거리,9892.0,37.54318,126.8123,8시,586.0
0,20190504.0,토,오정로(부천시계),B-26,유출,외발산사거리->오쇠삼거리,9892.0,37.54318,126.8123,9시,549.0
0,20190504.0,토,오정로(부천시계),B-26,유출,외발산사거리->오쇠삼거리,9892.0,37.54318,126.8123,10시,655.0
0,20190504.0,토,오정로(부천시계),B-26,유출,외발산사거리->오쇠삼거리,9892.0,37.54318,126.8123,11시,716.0
0,20190504.0,토,오정로(부천시계),B-26,유출,외발산사거리->오쇠삼거리,9892.0,37.54318,126.8123,12시,686.0
0,20190504.0,토,오정로(부천시계),B-26,유출,외발산사거리->오쇠삼거리,9892.0,37.54318,126.8123,13시,712.0
0,20190504.0,토,오정로(부천시계),B-26,유출,외발산사거리->오쇠삼거리,9892.0,37.54318,126.8123,14시,818.0
0,20190504.0,토,오정로(부천시계),B-26,유출,외발산사거리->오쇠삼거리,9892.0,37.54318,126.8123,15시,832.0
0,20190504.0,토,오정로(부천시계),B-26,유출,외발산사거리->오쇠삼거리,9892.0,37.54318,126.8123,16시,1064.0
0,20190504.0,토,오정로(부천시계),B-26,유출,외발산사거리->오쇠삼거리,9892.0,37.54318,126.8123,17시,1112.0
0,20190504.0,토,오정로(부천시계),B-26,유출,외발산사거리->오쇠삼거리,9892.0,37.54318,126.8123,18시,974.0
0,20190504.0,토,오정로(부천시계),B-26,유출,외발산사거리->오쇠삼거리,9892.0,37.54318,126.8123,19시,688.0
0,20190504.0,토,오정로(부천시계),B-26,유출,외발산사거리->오쇠삼거리,9892.0,37.54318,126.8123,20시,500.0
0,20190505.0,일,오정로(부천시계),B-26,유출,외발산사거리->오쇠삼거리,7894.0,37.54318,126.8123,8시,339.0
0,20190505.0,일,오정로(부천시계),B-26,유출,외발산사거리->오쇠삼거리,7894.0,37.54318,126.8123,9시,408.0
0,20190505.0,일,오정로(부천시계),B-26,유출,외발산사거리->오쇠삼거리,7894.0,37.54318,126.8123,10시,501.0
0,20190505.0,일,오정로(부천시계),B-26,유출,외발산사거리->오쇠삼거리,7894.0,37.54318,126.8123,11시,545.0
0,20190505.0,일,오정로(부천시계),B-26,유출,외발산사거리->오쇠삼거리,7894.0,37.54318,126.8123,12시,522.0
0,20190505.0,일,오정로(부천시계),B-26,유출,외발산사거리->오쇠삼거리,7894.0,37.54318,126.8123,13시,620.0
0,20190505.0,일,오정로(부천시계),B-26,유출,외발산사거리->오쇠삼거리,7894.0,37.54318,126.8123,14시,627.0
0,20190505.0,일,오정로(부천시계),B-26,유출,외발산사거리->오쇠삼거리,7894.0,37.54318,126.8123,15시,712.0
0,20190505.0,일,오정로(부천시계),B-26,유출,외발산사거리->오쇠삼거리,7894.0,37.54318,126.8123,16시,843.0
0,20190505.0,일,오정로(부천시계),B-26,유출,외발산사거리->오쇠삼거리,7894.0,37.54318,126.8123,17시,848.0
0,20190505.0,일,오정로(부천시계),B-26,유출,외발산사거리->오쇠삼거리,7894.0,37.54318,126.8123,18시,785.0
0,20190505.0,일,오정로(부천시계),B-26,유출,외발산사거리->오쇠삼거리,7894.0,37.54318,126.8123,19시,591.0
0,20190505.0,일,오정로(부천시계),B-26,유출,외발산사거리->오쇠삼거리,7894.0,37.54318,126.8123,20시,553.0
0,20190506.0,월,오정로(부천시계),B-26,유출,외발산사거리->오쇠삼거리,9134.0,37.54318,126.8123,8시,446.0
0,20190506.0,월,오정로(부천시계),B-26,유출,외발산사거리->오쇠삼거리,9134.0,37.54318,126.8123,9시,499.0
0,20190506.0,월,오정로(부천시계),B-26,유출,외발산사거리->오쇠삼거리,9134.0,37.54318,126.8123,10시,511.0
0,20190506.0,월,오정로(부천시계),B-26,유출,외발산사거리->오쇠삼거리,9134.0,37.54318,126.8123,11시,600.0
0,20190506.0,월,오정로(부천시계),B-26,유출,외발산사거리->오쇠삼거리,9134.0,37.54318,126.8123,12시,604.0
0,20190506.0,월,오정로(부천시계),B-26,유출,외발산사거리->오쇠삼거리,9134.0,37.54318,126.8123,13시,683.0
0,20190506.0,월,오정로(부천시계),B-26,유출,외발산사거리->오쇠삼거리,9134.0,37.54318,126.8123,14시,770.0
0,20190506.0,월,오정로(부천시계),B-26,유출,외발산사거리->오쇠삼거리,9134.0,37.54318,126.8123,15시,854.0
0,20190506.0,월,오정로(부천시계),B-26,유출,외발산사거리->오쇠삼거리,9134.0,37.54318,126.8123,16시,985.0
0,20190506.0,월,오정로(부천시계),B-26,유출,외발산사거리->오쇠삼거리,9134.0,37.54318,126.8123,17시,1080.0
0,20190506.0,월,오정로(부천시계),B-26,유출,외발산사거리->오쇠삼거리,9134.0,37.54318,126.8123,18시,815.0
0,20190506.0,월,오정로(부천시계),B-26,유출,외발산사거리->오쇠삼거리,9134.0,37.54318,126.8123,19시,700.0
0,20190506.0,월,오정로(부천시계),B-26,유출,외발산사거리->오쇠삼거리,9134.0,37.54318,126.8123,20시,587.0
0,20190507.0,화,오정로(부천시계),B-26,유출,외발산사거리->오쇠삼거리,11168.0,37.54318,126.8123,8시,941.0
0,20190507.0,화,오정로(부천시계),B-26,유출,외발산사거리->오쇠삼거리,11168.0,37.54318,126.8123,9시,691.0
0,20190507.0,화,오정로(부천시계),B-26,유출,외발산사거리->오쇠삼거리,11168.0,37.54318,126.8123,10시,694.0
0,20190507.0,화,오정로(부천시계),B-26,유출,외발산사거리->오쇠삼거리,11168.0,37.54318,126.8123,11시,704.0
0,20190507.0,화,오정로(부천시계),B-26,유출,외발산사거리->오쇠삼거리,11168.0,37.54318,126.8123,12시,625.0
0,20190507.0,화,오정로(부천시계),B-26,유출,외발산사거리->오쇠삼거리,11168.0,37.54318,126.8123,13시,680.0
0,20190507.0,화,오정로(부천시계),B-26,유출,외발산사거리->오쇠삼거리,11168.0,37.54318,126.8123,14시,745.0
0,20190507.0,화,오정로(부천시계),B-26,유출,외발산사거리->오쇠삼거리,11168.0,37.54318,126.8123,15시,865.0
0,20190507.0,화,오정로(부천시계),B-26,유출,외발산사거리->오쇠삼거리,11168.0,37.54318,126.8123,16시,995.0
0,20190507.0,화,오정로(부천시계),B-26,유출,외발산사거리->오쇠삼거리,11168.0,37.54318,126.8123,17시,1256.0
0,20190507.0,화,오정로(부천시계),B-26,유출,외발산사거리->오쇠삼거리,11168.0,37.54318,126.8123,18시,1302.0
0,20190507.0,화,오정로(부천시계),B-26,유출,외발산사거리->오쇠삼거리,11168.0,37.54318,126.8123,19시,1047.0
0,20190507.0,화,오정로(부천시계),B-26,유출,외발산사거리->오쇠삼거리,11168.0,37.54318,126.8123,20시,623.0
0,20190508.0,수,오정로(부천시계),B-26,유출,외발산사거리->오쇠삼거리,11821.0,37.54318,126.8123,8시,988.0
0,20190508.0,수,오정로(부천시계),B-26,유출,외발산사거리->오쇠삼거리,11821.0,37.54318,126.8123,9시,775.0
0,20190508.0,수,오정로(부천시계),B-26,유출,외발산사거리->오쇠삼거리,11821.0,37.54318,126.8123,10시,746.0
0,20190508.0,수,오정로(부천시계),B-26,유출,외발산사거리->오쇠삼거리,11821.0,37.54318,126.8123,11시,758.0
0,20190508.0,수,오정로(부천시계),B-26,유출,외발산사거리->오쇠삼거리,11821.0,37.54318,126.8123,12시,738.0
0,20190508.0,수,오정로(부천시계),B-26,유출,외발산사거리->오쇠삼거리,11821.0,37.54318,126.8123,13시,684.0
0,20190508.0,수,오정로(부천시계),B-26,유출,외발산사거리->오쇠삼거리,11821.0,37.54318,126.8123,14시,805.0
0,20190508.0,수,오정로(부천시계),B-26,유출,외발산사거리->오쇠삼거리,11821.0,37.54318,126.8123,15시,848.0
0,20190508.0,수,오정로(부천시계),B-26,유출,외발산사거리->오쇠삼거리,11821.0,37.54318,126.8123,16시,1071.0
0,20190508.0,수,오정로(부천시계),B-26,유출,외발산사거리->오쇠삼거리,11821.0,37.54318,126.8123,17시,1251.0
0,20190508.0,수,오정로(부천시계),B-26,유출,외발산사거리->오쇠삼거리,11821.0,37.54318,126.8123,18시,1310.0
0,20190508.0,수,오정로(부천시계),B-26,유출,외발산사거리->오쇠삼거리,11821.0,37.54318,126.8123,19시,1191.0
0,20190508.0,수,오정로(부천시계),B-26,유출,외발산사거리->오쇠삼거리,11821.0,37.54318,126.8123,20시,656.0
0,20190509.0,목,오정로(부천시계),B-26,유출,외발산사거리->오쇠삼거리,11101.0,37.54318,126.8123,8시,942.0
0,20190509.0,목,오정로(부천시계),B-26,유출,외발산사거리->오쇠삼거리,11101.0,37.54318,126.8123,9시,779.0
0,20190509.0,목,오정로(부천시계),B-26,유출,외발산사거리->오쇠삼거리,11101.0,37.54318,126.8123,10시,748.0
0,20190509.0,목,오정로(부천시계),B-26,유출,외발산사거리->오쇠삼거리,11101.0,37.54318,126.8123,11시,638.0
0,20190509.0,목,오정로(부천시계),B-26,유출,외발산사거리->오쇠삼거리,11101.0,37.54318,126.8123,12시,632.0
0,20190509.0,목,오정로(부천시계),B-26,유출,외발산사거리->오쇠삼거리,11101.0,37.54318,126.8123,13시,661.0
0,20190509.0,목,오정로(부천시계),B-26,유출,외발산사거리->오쇠삼거리,11101.0,37.54318,126.8123,14시,735.0
0,20190509.0,목,오정로(부천시계),B-26,유출,외발산사거리->오쇠삼거리,11101.0,37.54318,126.8123,15시,834.0
0,20190509.0,목,오정로(부천시계),B-26,유출,외발산사거리->오쇠삼거리,11101.0,37.54318,126.8123,16시,1011.0
0,20190509.0,목,오정로(부천시계),B-26,유출,외발산사거리->오쇠삼거리,11101.0,37.54318,126.8123,17시,1282.0
0,20190509.0,목,오정로(부천시계),B-26,유출,외발산사거리->오쇠삼거리,11101.0,37.54318,126.8123,18시,1303.0
0,20190509.0,목,오정로(부천시계),B-26,유출,외발산사거리->오쇠삼거리,11101.0,37.54318,126.8123,19시,945.0
0,20190509.0,목,오정로(부천시계),B-26,유출,외발산사거리->오쇠삼거리,11101.0,37.54318,126.8123,20시,591.0
0,20190510.0,금,오정로(부천시계),B-26,유출,외발산사거리->오쇠삼거리,11447.0,37.54318,126.8123,8시,933.0
0,20190510.0,금,오정로(부천시계),B-26,유출,외발산사거리->오쇠삼거리,11447.0,37.54318,126.8123,9시,700.0
0,20190510.0,금,오정로(부천시계),B-26,유출,외발산사거리->오쇠삼거리,11447.0,37.54318,126.8123,10시,709.0
0,20190510.0,금,오정로(부천시계),B-26,유출,외발산사거리->오쇠삼거리,11447.0,37.54318,126.8123,11시,665.0
0,20190510.0,금,오정로(부천시계),B-26,유출,외발산사거리->오쇠삼거리,11447.0,37.54318,126.8123,12시,670.0
0,20190510.0,금,오정로(부천시계),B-26,유출,외발산사거리->오쇠삼거리,11447.0,37.54318,126.8123,13시,715.0
0,20190510.0,금,오정로(부천시계),B-26,유출,외발산사거리->오쇠삼거리,11447.0,37.54318,126.8123,14시,778.0
0,20190510.0,금,오정로(부천시계),B-26,유출,외발산사거리->오쇠삼거리,11447.0,37.54318,126.8123,15시,809.0
0,20190510.0,금,오정로(부천시계),B-26,유출,외발산사거리->오쇠삼거리,11447.0,37.54318,126.8123,16시,1010.0
0,20190510.0,금,오정로(부천시계),B-26,유출,외발산사거리->오쇠삼거리,11447.0,37.54318,126.8123,17시,1319.0
0,20190510.0,금,오정로(부천시계),B-26,유출,외발산사거리->오쇠삼거리,11447.0,37.54318,126.8123,18시,1358.0
0,20190510.0,금,오정로(부천시계),B-26,유출,외발산사거리->오쇠삼거리,11447.0,37.54318,126.8123,19시,1094.0
0,20190510.0,금,오정로(부천시계),B-26,유출,외발산사거리->오쇠삼거리,11447.0,37.54318,126.8123,20시,687.0
0,20190511.0,토,오정로(부천시계),B-26,유출,외발산사거리->오쇠삼거리,10258.0,37.54318,126.8123,8시,541.0
0,20190511.0,토,오정로(부천시계),B-26,유출,외발산사거리->오쇠삼거리,10258.0,37.54318,126.8123,9시,632.0
0,20190511.0,토,오정로(부천시계),B-26,유출,외발산사거리->오쇠삼거리,10258.0,37.54318,126.8123,10시,700.0
0,20190511.0,토,오정로(부천시계),B-26,유출,외발산사거리->오쇠삼거리,10258.0,37.54318,126.8123,11시,634.0
0,20190511.0,토,오정로(부천시계),B-26,유출,외발산사거리->오쇠삼거리,10258.0,37.54318,126.8123,12시,719.0
0,20190511.0,토,오정로(부천시계),B-26,유출,외발산사거리->오쇠삼거리,10258.0,37.54318,126.8123,13시,816.0
0,20190511.0,토,오정로(부천시계),B-26,유출,외발산사거리->오쇠삼거리,10258.0,37.54318,126.8123,14시,822.0
0,20190511.0,토,오정로(부천시계),B-26,유출,외발산사거리->오쇠삼거리,10258.0,37.54318,126.8123,15시,984.0
0,20190511.0,토,오정로(부천시계),B-26,유출,외발산사거리->오쇠삼거리,10258.0,37.54318,126.8123,16시,1034.0
0,20190511.0,토,오정로(부천시계),B-26,유출,외발산사거리->오쇠삼거리,10258.0,37.54318,126.8123,17시,1161.0
0,20190511.0,토,오정로(부천시계),B-26,유출,외발산사거리->오쇠삼거리,10258.0,37.54318,126.8123,18시,1012.0
0,20190511.0,토,오정로(부천시계),B-26,유출,외발산사거리->오쇠삼거리,10258.0,37.54318,126.8123,19시,674.0
0,20190511.0,토,오정로(부천시계),B-26,유출,외발산사거리->오쇠삼거리,10258.0,37.54318,126.8123,20시,529.0
0,20190512.0,일,오정로(부천시계),B-26,유출,외발산사거리->오쇠삼거리,7954.0,37.54318,126.8123,8시,389.0
0,20190512.0,일,오정로(부천시계),B-26,유출,외발산사거리->오쇠삼거리,7954.0,37.54318,126.8123,9시,461.0
0,20190512.0,일,오정로(부천시계),B-26,유출,외발산사거리->오쇠삼거리,7954.0,37.54318,126.8123,10시,483.0
0,20190512.0,일,오정로(부천시계),B-26,유출,외발산사거리->오쇠삼거리,7954.0,37.54318,126.8123,11시,487.0
0,20190512.0,일,오정로(부천시계),B-26,유출,외발산사거리->오쇠삼거리,7954.0,37.54318,126.8123,12시,554.0
0,20190512.0,일,오정로(부천시계),B-26,유출,외발산사거리->오쇠삼거리,7954.0,37.54318,126.8123,13시,652.0
0,20190512.0,일,오정로(부천시계),B-26,유출,외발산사거리->오쇠삼거리,7954.0,37.54318,126.8123,14시,715.0
0,20190512.0,일,오정로(부천시계),B-26,유출,외발산사거리->오쇠삼거리,7954.0,37.54318,126.8123,15시,738.0
0,20190512.0,일,오정로(부천시계),B-26,유출,외발산사거리->오쇠삼거리,7954.0,37.54318,126.8123,16시,822.0
0,20190512.0,일,오정로(부천시계),B-26,유출,외발산사거리->오쇠삼거리,7954.0,37.54318,126.8123,17시,868.0
0,20190512.0,일,오정로(부천시계),B-26,유출,외발산사거리->오쇠삼거리,7954.0,37.54318,126.8123,18시,759.0
0,20190512.0,일,오정로(부천시계),B-26,유출,외발산사거리->오쇠삼거리,7954.0,37.54318,126.8123,19시,527.0
0,20190512.0,일,오정로(부천시계),B-26,유출,외발산사거리->오쇠삼거리,7954.0,37.54318,126.8123,20시,499.0
0,20190513.0,월,오정로(부천시계),B-26,유출,외발산사거리->오쇠삼거리,10767.0,37.54318,126.8123,8시,961.0
0,20190513.0,월,오정로(부천시계),B-26,유출,외발산사거리->오쇠삼거리,10767.0,37.54318,126.8123,9시,696.0
0,20190513.0,월,오정로(부천시계),B-26,유출,외발산사거리->오쇠삼거리,10767.0,37.54318,126.8123,10시,721.0
0,20190513.0,월,오정로(부천시계),B-26,유출,외발산사거리->오쇠삼거리,10767.0,37.54318,126.8123,11시,651.0
0,20190513.0,월,오정로(부천시계),B-26,유출,외발산사거리->오쇠삼거리,10767.0,37.54318,126.8123,12시,635.0
0,20190513.0,월,오정로(부천시계),B-26,유출,외발산사거리->오쇠삼거리,10767.0,37.54318,126.8123,13시,682.0
0,20190513.0,월,오정로(부천시계),B-26,유출,외발산사거리->오쇠삼거리,10767.0,37.54318,126.8123,14시,708.0
0,20190513.0,월,오정로(부천시계),B-26,유출,외발산사거리->오쇠삼거리,10767.0,37.54318,126.8123,15시,788.0
0,20190513.0,월,오정로(부천시계),B-26,유출,외발산사거리->오쇠삼거리,10767.0,37.54318,126.8123,16시,958.0
0,20190513.0,월,오정로(부천시계),B-26,유출,외발산사거리->오쇠삼거리,10767.0,37.54318,126.8123,17시,1212.0
0,20190513.0,월,오정로(부천시계),B-26,유출,외발산사거리->오쇠삼거리,10767.0,37.54318,126.8123,18시,1279.0
0,20190513.0,월,오정로(부천시계),B-26,유출,외발산사거리->오쇠삼거리,10767.0,37.54318,126.8123,19시,917.0
0,20190513.0,월,오정로(부천시계),B-26,유출,외발산사거리->오쇠삼거리,10767.0,37.54318,126.8123,20시,559.0
0,20190514.0,화,오정로(부천시계),B-26,유출,외발산사거리->오쇠삼거리,10654.0,37.54318,126.8123,8시,959.0
0,20190514.0,화,오정로(부천시계),B-26,유출,외발산사거리->오쇠삼거리,10654.0,37.54318,126.8123,9시,701.0
0,20190514.0,화,오정로(부천시계),B-26,유출,외발산사거리->오쇠삼거리,10654.0,37.54318,126.8123,10시,693.0
0,20190514.0,화,오정로(부천시계),B-26,유출,외발산사거리->오쇠삼거리,10654.0,37.54318,126.8123,11시,647.0
0,20190514.0,화,오정로(부천시계),B-26,유출,외발산사거리->오쇠삼거리,10654.0,37.54318,126.8123,12시,604.0
0,20190514.0,화,오정로(부천시계),B-26,유출,외발산사거리->오쇠삼거리,10654.0,37.54318,126.8123,13시,643.0
0,20190514.0,화,오정로(부천시계),B-26,유출,외발산사거리->오쇠삼거리,10654.0,37.54318,126.8123,14시,713.0
0,20190514.0,화,오정로(부천시계),B-26,유출,외발산사거리->오쇠삼거리,10654.0,37.54318,126.8123,15시,771.0
0,20190514.0,화,오정로(부천시계),B-26,유출,외발산사거리->오쇠삼거리,10654.0,37.54318,126.8123,16시,953.0
0,20190514.0,화,오정로(부천시계),B-26,유출,외발산사거리->오쇠삼거리,10654.0,37.54318,126.8123,17시,1177.0
0,20190514.0,화,오정로(부천시계),B-26,유출,외발산사거리->오쇠삼거리,10654.0,37.54318,126.8123,18시,1267.0
0,20190514.0,화,오정로(부천시계),B-26,유출,외발산사거리->오쇠삼거리,10654.0,37.54318,126.8123,19시,944.0
0,20190514.0,화,오정로(부천시계),B-26,유출,외발산사거리->오쇠삼거리,10654.0,37.54318,126.8123,20시,582.0
0,20190515.0,수,오정로(부천시계),B-26,유출,외발산사거리->오쇠삼거리,10997.0,37.54318,126.8123,8시,997.0
0,20190515.0,수,오정로(부천시계),B-26,유출,외발산사거리->오쇠삼거리,10997.0,37.54318,126.8123,9시,688.0
0,20190515.0,수,오정로(부천시계),B-26,유출,외발산사거리->오쇠삼거리,10997.0,37.54318,126.8123,10시,654.0
0,20190515.0,수,오정로(부천시계),B-26,유출,외발산사거리->오쇠삼거리,10997.0,37.54318,126.8123,11시,696.0
0,20190515.0,수,오정로(부천시계),B-26,유출,외발산사거리->오쇠삼거리,10997.0,37.54318,126.8123,12시,634.0
0,20190515.0,수,오정로(부천시계),B-26,유출,외발산사거리->오쇠삼거리,10997.0,37.54318,126.8123,13시,655.0
0,20190515.0,수,오정로(부천시계),B-26,유출,외발산사거리->오쇠삼거리,10997.0,37.54318,126.8123,14시,789.0
0,20190515.0,수,오정로(부천시계),B-26,유출,외발산사거리->오쇠삼거리,10997.0,37.54318,126.8123,15시,826.0
0,20190515.0,수,오정로(부천시계),B-26,유출,외발산사거리->오쇠삼거리,10997.0,37.54318,126.8123,16시,950.0
0,20190515.0,수,오정로(부천시계),B-26,유출,외발산사거리->오쇠삼거리,10997.0,37.54318,126.8123,17시,1235.0
0,20190515.0,수,오정로(부천시계),B-26,유출,외발산사거리->오쇠삼거리,10997.0,37.54318,126.8123,18시,1293.0
0,20190515.0,수,오정로(부천시계),B-26,유출,외발산사거리->오쇠삼거리,10997.0,37.54318,126.8123,19시,938.0
0,20190515.0,수,오정로(부천시계),B-26,유출,외발산사거리->오쇠삼거리,10997.0,37.54318,126.8123,20시,642.0
0,20190516.0,목,오정로(부천시계),B-26,유출,외발산사거리->오쇠삼거리,11012.0,37.54318,126.8123,8시,990.0
0,20190516.0,목,오정로(부천시계),B-26,유출,외발산사거리->오쇠삼거리,11012.0,37.54318,126.8123,9시,714.0
0,20190516.0,목,오정로(부천시계),B-26,유출,외발산사거리->오쇠삼거리,11012.0,37.54318,126.8123,10시,793.0
0,20190516.0,목,오정로(부천시계),B-26,유출,외발산사거리->오쇠삼거리,11012.0,37.54318,126.8123,11시,678.0
0,20190516.0,목,오정로(부천시계),B-26,유출,외발산사거리->오쇠삼거리,11012.0,37.54318,126.8123,12시,658.0
0,20190516.0,목,오정로(부천시계),B-26,유출,외발산사거리->오쇠삼거리,11012.0,37.54318,126.8123,13시,624.0
0,20190516.0,목,오정로(부천시계),B-26,유출,외발산사거리->오쇠삼거리,11012.0,37.54318,126.8123,14시,785.0
0,20190516.0,목,오정로(부천시계),B-26,유출,외발산사거리->오쇠삼거리,11012.0,37.54318,126.8123,15시,773.0
0,20190516.0,목,오정로(부천시계),B-26,유출,외발산사거리->오쇠삼거리,11012.0,37.54318,126.8123,16시,934.0
0,20190516.0,목,오정로(부천시계),B-26,유출,외발산사거리->오쇠삼거리,11012.0,37.54318,126.8123,17시,1205.0
0,20190516.0,목,오정로(부천시계),B-26,유출,외발산사거리->오쇠삼거리,11012.0,37.54318,126.8123,18시,1270.0
0,20190516.0,목,오정로(부천시계),B-26,유출,외발산사거리->오쇠삼거리,11012.0,37.54318,126.8123,19시,1002.0
0,20190516.0,목,오정로(부천시계),B-26,유출,외발산사거리->오쇠삼거리,11012.0,37.54318,126.8123,20시,586.0
0,20190517.0,금,오정로(부천시계),B-26,유출,외발산사거리->오쇠삼거리,11658.0,37.54318,126.8123,8시,950.0
0,20190517.0,금,오정로(부천시계),B-26,유출,외발산사거리->오쇠삼거리,11658.0,37.54318,126.8123,9시,747.0
0,20190517.0,금,오정로(부천시계),B-26,유출,외발산사거리->오쇠삼거리,11658.0,37.54318,126.8123,10시,756.0
0,20190517.0,금,오정로(부천시계),B-26,유출,외발산사거리->오쇠삼거리,11658.0,37.54318,126.8123,11시,747.0
0,20190517.0,금,오정로(부천시계),B-26,유출,외발산사거리->오쇠삼거리,11658.0,37.54318,126.8123,12시,674.0
0,20190517.0,금,오정로(부천시계),B-26,유출,외발산사거리->오쇠삼거리,11658.0,37.54318,126.8123,13시,730.0
0,20190517.0,금,오정로(부천시계),B-26,유출,외발산사거리->오쇠삼거리,11658.0,37.54318,126.8123,14시,788.0
0,20190517.0,금,오정로(부천시계),B-26,유출,외발산사거리->오쇠삼거리,11658.0,37.54318,126.8123,15시,816.0
0,20190517.0,금,오정로(부천시계),B-26,유출,외발산사거리->오쇠삼거리,11658.0,37.54318,126.8123,16시,1078.0
0,20190517.0,금,오정로(부천시계),B-26,유출,외발산사거리->오쇠삼거리,11658.0,37.54318,126.8123,17시,1353.0
0,20190517.0,금,오정로(부천시계),B-26,유출,외발산사거리->오쇠삼거리,11658.0,37.54318,126.8123,18시,1368.0
0,20190517.0,금,오정로(부천시계),B-26,유출,외발산사거리->오쇠삼거리,11658.0,37.54318,126.8123,19시,989.0
0,20190517.0,금,오정로(부천시계),B-26,유출,외발산사거리->오쇠삼거리,11658.0,37.54318,126.8123,20시,662.0
0,20190518.0,토,오정로(부천시계),B-26,유출,외발산사거리->오쇠삼거리,9670.0,37.54318,126.8123,8시,569.0
0,20190518.0,토,오정로(부천시계),B-26,유출,외발산사거리->오쇠삼거리,9670.0,37.54318,126.8123,9시,595.0
0,20190518.0,토,오정로(부천시계),B-26,유출,외발산사거리->오쇠삼거리,9670.0,37.54318,126.8123,10시,682.0
0,20190518.0,토,오정로(부천시계),B-26,유출,외발산사거리->오쇠삼거리,9670.0,37.54318,126.8123,11시,673.0
0,20190518.0,토,오정로(부천시계),B-26,유출,외발산사거리->오쇠삼거리,9670.0,37.54318,126.8123,12시,693.0
0,20190518.0,토,오정로(부천시계),B-26,유출,외발산사거리->오쇠삼거리,9670.0,37.54318,126.8123,13시,744.0
0,20190518.0,토,오정로(부천시계),B-26,유출,외발산사거리->오쇠삼거리,9670.0,37.54318,126.8123,14시,853.0
0,20190518.0,토,오정로(부천시계),B-26,유출,외발산사거리->오쇠삼거리,9670.0,37.54318,126.8123,15시,876.0
0,20190518.0,토,오정로(부천시계),B-26,유출,외발산사거리->오쇠삼거리,9670.0,37.54318,126.8123,16시,1008.0
0,20190518.0,토,오정로(부천시계),B-26,유출,외발산사거리->오쇠삼거리,9670.0,37.54318,126.8123,17시,1017.0
0,20190518.0,토,오정로(부천시계),B-26,유출,외발산사거리->오쇠삼거리,9670.0,37.54318,126.8123,18시,904.0
0,20190518.0,토,오정로(부천시계),B-26,유출,외발산사거리->오쇠삼거리,9670.0,37.54318,126.8123,19시,584.0
0,20190518.0,토,오정로(부천시계),B-26,유출,외발산사거리->오쇠삼거리,9670.0,37.54318,126.8123,20시,472.0
0,20190519.0,일,오정로(부천시계),B-26,유출,외발산사거리->오쇠삼거리,7121.0,37.54318,126.8123,8시,315.0
0,20190519.0,일,오정로(부천시계),B-26,유출,외발산사거리->오쇠삼거리,7121.0,37.54318,126.8123,9시,425.0
0,20190519.0,일,오정로(부천시계),B-26,유출,외발산사거리->오쇠삼거리,7121.0,37.54318,126.8123,10시,459.0
0,20190519.0,일,오정로(부천시계),B-26,유출,외발산사거리->오쇠삼거리,7121.0,37.54318,126.8123,11시,489.0
0,20190519.0,일,오정로(부천시계),B-26,유출,외발산사거리->오쇠삼거리,7121.0,37.54318,126.8123,12시,499.0
0,20190519.0,일,오정로(부천시계),B-26,유출,외발산사거리->오쇠삼거리,7121.0,37.54318,126.8123,13시,573.0
0,20190519.0,일,오정로(부천시계),B-26,유출,외발산사거리->오쇠삼거리,7121.0,37.54318,126.8123,14시,645.0
0,20190519.0,일,오정로(부천시계),B-26,유출,외발산사거리->오쇠삼거리,7121.0,37.54318,126.8123,15시,679.0
0,20190519.0,일,오정로(부천시계),B-26,유출,외발산사거리->오쇠삼거리,7121.0,37.54318,126.8123,16시,713.0
0,20190519.0,일,오정로(부천시계),B-26,유출,외발산사거리->오쇠삼거리,7121.0,37.54318,126.8123,17시,705.0
0,20190519.0,일,오정로(부천시계),B-26,유출,외발산사거리->오쇠삼거리,7121.0,37.54318,126.8123,18시,655.0
0,20190519.0,일,오정로(부천시계),B-26,유출,외발산사거리->오쇠삼거리,7121.0,37.54318,126.8123,19시,494.0
0,20190519.0,일,오정로(부천시계),B-26,유출,외발산사거리->오쇠삼거리,7121.0,37.54318,126.8123,20시,470.0
0,20190520.0,월,오정로(부천시계),B-26,유출,외발산사거리->오쇠삼거리,10658.0,37.54318,126.8123,8시,1005.0
0,20190520.0,월,오정로(부천시계),B-26,유출,외발산사거리->오쇠삼거리,10658.0,37.54318,126.8123,9시,650.0
0,20190520.0,월,오정로(부천시계),B-26,유출,외발산사거리->오쇠삼거리,10658.0,37.54318,126.8123,10시,676.0
0,20190520.0,월,오정로(부천시계),B-26,유출,외발산사거리->오쇠삼거리,10658.0,37.54318,126.8123,11시,680.0
0,20190520.0,월,오정로(부천시계),B-26,유출,외발산사거리->오쇠삼거리,10658.0,37.54318,126.8123,12시,602.0
0,20190520.0,월,오정로(부천시계),B-26,유출,외발산사거리->오쇠삼거리,10658.0,37.54318,126.8123,13시,639.0
0,20190520.0,월,오정로(부천시계),B-26,유출,외발산사거리->오쇠삼거리,10658.0,37.54318,126.8123,14시,716.0
0,20190520.0,월,오정로(부천시계),B-26,유출,외발산사거리->오쇠삼거리,10658.0,37.54318,126.8123,15시,775.0
0,20190520.0,월,오정로(부천시계),B-26,유출,외발산사거리->오쇠삼거리,10658.0,37.54318,126.8123,16시,930.0
0,20190520.0,월,오정로(부천시계),B-26,유출,외발산사거리->오쇠삼거리,10658.0,37.54318,126.8123,17시,1176.0
0,20190520.0,월,오정로(부천시계),B-26,유출,외발산사거리->오쇠삼거리,10658.0,37.54318,126.8123,18시,1325.0
0,20190520.0,월,오정로(부천시계),B-26,유출,외발산사거리->오쇠삼거리,10658.0,37.54318,126.8123,19시,920.0
0,20190520.0,월,오정로(부천시계),B-26,유출,외발산사거리->오쇠삼거리,10658.0,37.54318,126.8123,20시,564.0
0,20190521.0,화,오정로(부천시계),B-26,유출,외발산사거리->오쇠삼거리,11166.0,37.54318,126.8123,8시,914.0
0,20190521.0,화,오정로(부천시계),B-26,유출,외발산사거리->오쇠삼거리,11166.0,37.54318,126.8123,9시,757.0
0,20190521.0,화,오정로(부천시계),B-26,유출,외발산사거리->오쇠삼거리,11166.0,37.54318,126.8123,10시,727.0
0,20190521.0,화,오정로(부천시계),B-26,유출,외발산사거리->오쇠삼거리,11166.0,37.54318,126.8123,11시,711.0
0,20190521.0,화,오정로(부천시계),B-26,유출,외발산사거리->오쇠삼거리,11166.0,37.54318,126.8123,12시,652.0
0,20190521.0,화,오정로(부천시계),B-26,유출,외발산사거리->오쇠삼거리,11166.0,37.54318,126.8123,13시,684.0
0,20190521.0,화,오정로(부천시계),B-26,유출,외발산사거리->오쇠삼거리,11166.0,37.54318,126.8123,14시,753.0
0,20190521.0,화,오정로(부천시계),B-26,유출,외발산사거리->오쇠삼거리,11166.0,37.54318,126.8123,15시,766.0
0,20190521.0,화,오정로(부천시계),B-26,유출,외발산사거리->오쇠삼거리,11166.0,37.54318,126.8123,16시,1021.0
0,20190521.0,화,오정로(부천시계),B-26,유출,외발산사거리->오쇠삼거리,11166.0,37.54318,126.8123,17시,1302.0
0,20190521.0,화,오정로(부천시계),B-26,유출,외발산사거리->오쇠삼거리,11166.0,37.54318,126.8123,18시,1318.0
0,20190521.0,화,오정로(부천시계),B-26,유출,외발산사거리->오쇠삼거리,11166.0,37.54318,126.8123,19시,969.0
0,20190521.0,화,오정로(부천시계),B-26,유출,외발산사거리->오쇠삼거리,11166.0,37.54318,126.8123,20시,592.0
0,20190522.0,수,오정로(부천시계),B-26,유출,외발산사거리->오쇠삼거리,11070.0,37.54318,126.8123,8시,928.0
0,20190522.0,수,오정로(부천시계),B-26,유출,외발산사거리->오쇠삼거리,11070.0,37.54318,126.8123,9시,737.0
0,20190522.0,수,오정로(부천시계),B-26,유출,외발산사거리->오쇠삼거리,11070.0,37.54318,126.8123,10시,764.0
0,20190522.0,수,오정로(부천시계),B-26,유출,외발산사거리->오쇠삼거리,11070.0,37.54318,126.8123,11시,663.0
0,20190522.0,수,오정로(부천시계),B-26,유출,외발산사거리->오쇠삼거리,11070.0,37.54318,126.8123,12시,637.0
0,20190522.0,수,오정로(부천시계),B-26,유출,외발산사거리->오쇠삼거리,11070.0,37.54318,126.8123,13시,669.0
0,20190522.0,수,오정로(부천시계),B-26,유출,외발산사거리->오쇠삼거리,11070.0,37.54318,126.8123,14시,740.0
0,20190522.0,수,오정로(부천시계),B-26,유출,외발산사거리->오쇠삼거리,11070.0,37.54318,126.8123,15시,774.0
0,20190522.0,수,오정로(부천시계),B-26,유출,외발산사거리->오쇠삼거리,11070.0,37.54318,126.8123,16시,1017.0
0,20190522.0,수,오정로(부천시계),B-26,유출,외발산사거리->오쇠삼거리,11070.0,37.54318,126.8123,17시,1230.0
0,20190522.0,수,오정로(부천시계),B-26,유출,외발산사거리->오쇠삼거리,11070.0,37.54318,126.8123,18시,1324.0
0,20190522.0,수,오정로(부천시계),B-26,유출,외발산사거리->오쇠삼거리,11070.0,37.54318,126.8123,19시,1031.0
0,20190522.0,수,오정로(부천시계),B-26,유출,외발산사거리->오쇠삼거리,11070.0,37.54318,126.8123,20시,556.0
0,20190523.0,목,오정로(부천시계),B-26,유출,외발산사거리->오쇠삼거리,10897.0,37.54318,126.8123,8시,938.0
0,20190523.0,목,오정로(부천시계),B-26,유출,외발산사거리->오쇠삼거리,10897.0,37.54318,126.8123,9시,719.0
0,20190523.0,목,오정로(부천시계),B-26,유출,외발산사거리->오쇠삼거리,10897.0,37.54318,126.8123,10시,772.0
0,20190523.0,목,오정로(부천시계),B-26,유출,외발산사거리->오쇠삼거리,10897.0,37.54318,126.8123,11시,645.0
0,20190523.0,목,오정로(부천시계),B-26,유출,외발산사거리->오쇠삼거리,10897.0,37.54318,126.8123,12시,612.0
0,20190523.0,목,오정로(부천시계),B-26,유출,외발산사거리->오쇠삼거리,10897.0,37.54318,126.8123,13시,620.0
0,20190523.0,목,오정로(부천시계),B-26,유출,외발산사거리->오쇠삼거리,10897.0,37.54318,126.8123,14시,715.0
0,20190523.0,목,오정로(부천시계),B-26,유출,외발산사거리->오쇠삼거리,10897.0,37.54318,126.8123,15시,749.0
0,20190523.0,목,오정로(부천시계),B-26,유출,외발산사거리->오쇠삼거리,10897.0,37.54318,126.8123,16시,963.0
0,20190523.0,목,오정로(부천시계),B-26,유출,외발산사거리->오쇠삼거리,10897.0,37.54318,126.8123,17시,1301.0
0,20190523.0,목,오정로(부천시계),B-26,유출,외발산사거리->오쇠삼거리,10897.0,37.54318,126.8123,18시,1276.0
0,20190523.0,목,오정로(부천시계),B-26,유출,외발산사거리->오쇠삼거리,10897.0,37.54318,126.8123,19시,976.0
0,20190523.0,목,오정로(부천시계),B-26,유출,외발산사거리->오쇠삼거리,10897.0,37.54318,126.8123,20시,611.0
0,20190524.0,금,오정로(부천시계),B-26,유출,외발산사거리->오쇠삼거리,11724.0,37.54318,126.8123,8시,955.0
0,20190524.0,금,오정로(부천시계),B-26,유출,외발산사거리->오쇠삼거리,11724.0,37.54318,126.8123,9시,731.0
0,20190524.0,금,오정로(부천시계),B-26,유출,외발산사거리->오쇠삼거리,11724.0,37.54318,126.8123,10시,738.0
0,20190524.0,금,오정로(부천시계),B-26,유출,외발산사거리->오쇠삼거리,11724.0,37.54318,126.8123,11시,711.0
0,20190524.0,금,오정로(부천시계),B-26,유출,외발산사거리->오쇠삼거리,11724.0,37.54318,126.8123,12시,705.0
0,20190524.0,금,오정로(부천시계),B-26,유출,외발산사거리->오쇠삼거리,11724.0,37.54318,126.8123,13시,671.0
0,20190524.0,금,오정로(부천시계),B-26,유출,외발산사거리->오쇠삼거리,11724.0,37.54318,126.8123,14시,804.0
0,20190524.0,금,오정로(부천시계),B-26,유출,외발산사거리->오쇠삼거리,11724.0,37.54318,126.8123,15시,868.0
0,20190524.0,금,오정로(부천시계),B-26,유출,외발산사거리->오쇠삼거리,11724.0,37.54318,126.8123,16시,1104.0
0,20190524.0,금,오정로(부천시계),B-26,유출,외발산사거리->오쇠삼거리,11724.0,37.54318,126.8123,17시,1332.0
0,20190524.0,금,오정로(부천시계),B-26,유출,외발산사거리->오쇠삼거리,11724.0,37.54318,126.8123,18시,1326.0
0,20190524.0,금,오정로(부천시계),B-26,유출,외발산사거리->오쇠삼거리,11724.0,37.54318,126.8123,19시,1110.0
0,20190524.0,금,오정로(부천시계),B-26,유출,외발산사거리->오쇠삼거리,11724.0,37.54318,126.8123,20시,669.0
0,20190525.0,토,오정로(부천시계),B-26,유출,외발산사거리->오쇠삼거리,9984.0,37.54318,126.8123,8시,604.0
0,20190525.0,토,오정로(부천시계),B-26,유출,외발산사거리->오쇠삼거리,9984.0,37.54318,126.8123,9시,599.0
0,20190525.0,토,오정로(부천시계),B-26,유출,외발산사거리->오쇠삼거리,9984.0,37.54318,126.8123,10시,687.0
0,20190525.0,토,오정로(부천시계),B-26,유출,외발산사거리->오쇠삼거리,9984.0,37.54318,126.8123,11시,666.0
0,20190525.0,토,오정로(부천시계),B-26,유출,외발산사거리->오쇠삼거리,9984.0,37.54318,126.8123,12시,708.0
0,20190525.0,토,오정로(부천시계),B-26,유출,외발산사거리->오쇠삼거리,9984.0,37.54318,126.8123,13시,783.0
0,20190525.0,토,오정로(부천시계),B-26,유출,외발산사거리->오쇠삼거리,9984.0,37.54318,126.8123,14시,868.0
0,20190525.0,토,오정로(부천시계),B-26,유출,외발산사거리->오쇠삼거리,9984.0,37.54318,126.8123,15시,916.0
0,20190525.0,토,오정로(부천시계),B-26,유출,외발산사거리->오쇠삼거리,9984.0,37.54318,126.8123,16시,1095.0
0,20190525.0,토,오정로(부천시계),B-26,유출,외발산사거리->오쇠삼거리,9984.0,37.54318,126.8123,17시,1058.0
0,20190525.0,토,오정로(부천시계),B-26,유출,외발산사거리->오쇠삼거리,9984.0,37.54318,126.8123,18시,899.0
0,20190525.0,토,오정로(부천시계),B-26,유출,외발산사거리->오쇠삼거리,9984.0,37.54318,126.8123,19시,585.0
0,20190525.0,토,오정로(부천시계),B-26,유출,외발산사거리->오쇠삼거리,9984.0,37.54318,126.8123,20시,516.0
0,20190526.0,일,오정로(부천시계),B-26,유출,외발산사거리->오쇠삼거리,7470.0,37.54318,126.8123,8시,335.0
0,20190526.0,일,오정로(부천시계),B-26,유출,외발산사거리->오쇠삼거리,7470.0,37.54318,126.8123,9시,479.0
0,20190526.0,일,오정로(부천시계),B-26,유출,외발산사거리->오쇠삼거리,7470.0,37.54318,126.8123,10시,470.0
0,20190526.0,일,오정로(부천시계),B-26,유출,외발산사거리->오쇠삼거리,7470.0,37.54318,126.8123,11시,460.0
0,20190526.0,일,오정로(부천시계),B-26,유출,외발산사거리->오쇠삼거리,7470.0,37.54318,126.8123,12시,531.0
0,20190526.0,일,오정로(부천시계),B-26,유출,외발산사거리->오쇠삼거리,7470.0,37.54318,126.8123,13시,582.0
0,20190526.0,일,오정로(부천시계),B-26,유출,외발산사거리->오쇠삼거리,7470.0,37.54318,126.8123,14시,668.0
0,20190526.0,일,오정로(부천시계),B-26,유출,외발산사거리->오쇠삼거리,7470.0,37.54318,126.8123,15시,714.0
0,20190526.0,일,오정로(부천시계),B-26,유출,외발산사거리->오쇠삼거리,7470.0,37.54318,126.8123,16시,731.0
0,20190526.0,일,오정로(부천시계),B-26,유출,외발산사거리->오쇠삼거리,7470.0,37.54318,126.8123,17시,861.0
0,20190526.0,일,오정로(부천시계),B-26,유출,외발산사거리->오쇠삼거리,7470.0,37.54318,126.8123,18시,627.0
0,20190526.0,일,오정로(부천시계),B-26,유출,외발산사거리->오쇠삼거리,7470.0,37.54318,126.8123,19시,549.0
0,20190526.0,일,오정로(부천시계),B-26,유출,외발산사거리->오쇠삼거리,7470.0,37.54318,126.8123,20시,463.0
0,20190527.0,월,오정로(부천시계),B-26,유출,외발산사거리->오쇠삼거리,10021.0,37.54318,126.8123,8시,917.0
0,20190527.0,월,오정로(부천시계),B-26,유출,외발산사거리->오쇠삼거리,10021.0,37.54318,126.8123,9시,650.0
0,20190527.0,월,오정로(부천시계),B-26,유출,외발산사거리->오쇠삼거리,10021.0,37.54318,126.8123,10시,688.0
0,20190527.0,월,오정로(부천시계),B-26,유출,외발산사거리->오쇠삼거리,10021.0,37.54318,126.8123,11시,703.0
0,20190527.0,월,오정로(부천시계),B-26,유출,외발산사거리->오쇠삼거리,10021.0,37.54318,126.8123,12시,596.0
0,20190527.0,월,오정로(부천시계),B-26,유출,외발산사거리->오쇠삼거리,10021.0,37.54318,126.8123,13시,641.0
0,20190527.0,월,오정로(부천시계),B-26,유출,외발산사거리->오쇠삼거리,10021.0,37.54318,126.8123,14시,637.0
0,20190527.0,월,오정로(부천시계),B-26,유출,외발산사거리->오쇠삼거리,10021.0,37.54318,126.8123,15시,725.0
0,20190527.0,월,오정로(부천시계),B-26,유출,외발산사거리->오쇠삼거리,10021.0,37.54318,126.8123,16시,894.0
0,20190527.0,월,오정로(부천시계),B-26,유출,외발산사거리->오쇠삼거리,10021.0,37.54318,126.8123,17시,1045.0
0,20190527.0,월,오정로(부천시계),B-26,유출,외발산사거리->오쇠삼거리,10021.0,37.54318,126.8123,18시,1238.0
0,20190527.0,월,오정로(부천시계),B-26,유출,외발산사거리->오쇠삼거리,10021.0,37.54318,126.8123,19시,755.0
0,20190527.0,월,오정로(부천시계),B-26,유출,외발산사거리->오쇠삼거리,10021.0,37.54318,126.8123,20시,532.0
0,20190528.0,화,오정로(부천시계),B-26,유출,외발산사거리->오쇠삼거리,11143.0,37.54318,126.8123,8시,970.0
0,20190528.0,화,오정로(부천시계),B-26,유출,외발산사거리->오쇠삼거리,11143.0,37.54318,126.8123,9시,707.0
0,20190528.0,화,오정로(부천시계),B-26,유출,외발산사거리->오쇠삼거리,11143.0,37.54318,126.8123,10시,688.0
0,20190528.0,화,오정로(부천시계),B-26,유출,외발산사거리->오쇠삼거리,11143.0,37.54318,126.8123,11시,768.0
0,20190528.0,화,오정로(부천시계),B-26,유출,외발산사거리->오쇠삼거리,11143.0,37.54318,126.8123,12시,611.0
0,20190528.0,화,오정로(부천시계),B-26,유출,외발산사거리->오쇠삼거리,11143.0,37.54318,126.8123,13시,650.0
0,20190528.0,화,오정로(부천시계),B-26,유출,외발산사거리->오쇠삼거리,11143.0,37.54318,126.8123,14시,747.0
0,20190528.0,화,오정로(부천시계),B-26,유출,외발산사거리->오쇠삼거리,11143.0,37.54318,126.8123,15시,808.0
0,20190528.0,화,오정로(부천시계),B-26,유출,외발산사거리->오쇠삼거리,11143.0,37.54318,126.8123,16시,997.0
0,20190528.0,화,오정로(부천시계),B-26,유출,외발산사거리->오쇠삼거리,11143.0,37.54318,126.8123,17시,1283.0
0,20190528.0,화,오정로(부천시계),B-26,유출,외발산사거리->오쇠삼거리,11143.0,37.54318,126.8123,18시,1298.0
0,20190528.0,화,오정로(부천시계),B-26,유출,외발산사거리->오쇠삼거리,11143.0,37.54318,126.8123,19시,967.0
0,20190528.0,화,오정로(부천시계),B-26,유출,외발산사거리->오쇠삼거리,11143.0,37.54318,126.8123,20시,649.0
0,20190529.0,수,오정로(부천시계),B-26,유출,외발산사거리->오쇠삼거리,11142.0,37.54318,126.8123,8시,932.0
0,20190529.0,수,오정로(부천시계),B-26,유출,외발산사거리->오쇠삼거리,11142.0,37.54318,126.8123,9시,803.0
0,20190529.0,수,오정로(부천시계),B-26,유출,외발산사거리->오쇠삼거리,11142.0,37.54318,126.8123,10시,716.0
0,20190529.0,수,오정로(부천시계),B-26,유출,외발산사거리->오쇠삼거리,11142.0,37.54318,126.8123,11시,746.0
0,20190529.0,수,오정로(부천시계),B-26,유출,외발산사거리->오쇠삼거리,11142.0,37.54318,126.8123,12시,626.0
0,20190529.0,수,오정로(부천시계),B-26,유출,외발산사거리->오쇠삼거리,11142.0,37.54318,126.8123,13시,669.0
0,20190529.0,수,오정로(부천시계),B-26,유출,외발산사거리->오쇠삼거리,11142.0,37.54318,126.8123,14시,701.0
0,20190529.0,수,오정로(부천시계),B-26,유출,외발산사거리->오쇠삼거리,11142.0,37.54318,126.8123,15시,790.0
0,20190529.0,수,오정로(부천시계),B-26,유출,외발산사거리->오쇠삼거리,11142.0,37.54318,126.8123,16시,952.0
0,20190529.0,수,오정로(부천시계),B-26,유출,외발산사거리->오쇠삼거리,11142.0,37.54318,126.8123,17시,1305.0
0,20190529.0,수,오정로(부천시계),B-26,유출,외발산사거리->오쇠삼거리,11142.0,37.54318,126.8123,18시,1325.0
0,20190529.0,수,오정로(부천시계),B-26,유출,외발산사거리->오쇠삼거리,11142.0,37.54318,126.8123,19시,998.0
0,20190529.0,수,오정로(부천시계),B-26,유출,외발산사거리->오쇠삼거리,11142.0,37.54318,126.8123,20시,579.0
0,20190530.0,목,오정로(부천시계),B-26,유출,외발산사거리->오쇠삼거리,10949.0,37.54318,126.8123,8시,928.0
0,20190530.0,목,오정로(부천시계),B-26,유출,외발산사거리->오쇠삼거리,10949.0,37.54318,126.8123,9시,742.0
0,20190530.0,목,오정로(부천시계),B-26,유출,외발산사거리->오쇠삼거리,10949.0,37.54318,126.8123,10시,716.0
0,20190530.0,목,오정로(부천시계),B-26,유출,외발산사거리->오쇠삼거리,10949.0,37.54318,126.8123,11시,640.0
0,20190530.0,목,오정로(부천시계),B-26,유출,외발산사거리->오쇠삼거리,10949.0,37.54318,126.8123,12시,645.0
0,20190530.0,목,오정로(부천시계),B-26,유출,외발산사거리->오쇠삼거리,10949.0,37.54318,126.8123,13시,647.0
0,20190530.0,목,오정로(부천시계),B-26,유출,외발산사거리->오쇠삼거리,10949.0,37.54318,126.8123,14시,751.0
0,20190530.0,목,오정로(부천시계),B-26,유출,외발산사거리->오쇠삼거리,10949.0,37.54318,126.8123,15시,777.0
0,20190530.0,목,오정로(부천시계),B-26,유출,외발산사거리->오쇠삼거리,10949.0,37.54318,126.8123,16시,939.0
0,20190530.0,목,오정로(부천시계),B-26,유출,외발산사거리->오쇠삼거리,10949.0,37.54318,126.8123,17시,1338.0
0,20190530.0,목,오정로(부천시계),B-26,유출,외발산사거리->오쇠삼거리,10949.0,37.54318,126.8123,18시,1277.0
0,20190530.0,목,오정로(부천시계),B-26,유출,외발산사거리->오쇠삼거리,10949.0,37.54318,126.8123,19시,945.0
0,20190530.0,목,오정로(부천시계),B-26,유출,외발산사거리->오쇠삼거리,10949.0,37.54318,126.8123,20시,604.0
0,20190531.0,금,오정로(부천시계),B-26,유출,외발산사거리->오쇠삼거리,11422.0,37.54318,126.8123,8시,950.0
0,20190531.0,금,오정로(부천시계),B-26,유출,외발산사거리->오쇠삼거리,11422.0,37.54318,126.8123,9시,724.0
0,20190531.0,금,오정로(부천시계),B-26,유출,외발산사거리->오쇠삼거리,11422.0,37.54318,126.8123,10시,715.0
0,20190531.0,금,오정로(부천시계),B-26,유출,외발산사거리->오쇠삼거리,11422.0,37.54318,126.8123,11시,682.0
0,20190531.0,금,오정로(부천시계),B-26,유출,외발산사거리->오쇠삼거리,11422.0,37.54318,126.8123,12시,678.0
0,20190531.0,금,오정로(부천시계),B-26,유출,외발산사거리->오쇠삼거리,11422.0,37.54318,126.8123,13시,660.0
0,20190531.0,금,오정로(부천시계),B-26,유출,외발산사거리->오쇠삼거리,11422.0,37.54318,126.8123,14시,775.0
0,20190531.0,금,오정로(부천시계),B-26,유출,외발산사거리->오쇠삼거리,11422.0,37.54318,126.8123,15시,776.0
0,20190531.0,금,오정로(부천시계),B-26,유출,외발산사거리->오쇠삼거리,11422.0,37.54318,126.8123,16시,1083.0
0,20190531.0,금,오정로(부천시계),B-26,유출,외발산사거리->오쇠삼거리,11422.0,37.54318,126.8123,17시,1320.0
0,20190531.0,금,오정로(부천시계),B-26,유출,외발산사거리->오쇠삼거리,11422.0,37.54318,126.8123,18시,1357.0
0,20190531.0,금,오정로(부천시계),B-26,유출,외발산사거리->오쇠삼거리,11422.0,37.54318,126.8123,19시,1086.0
0,20190531.0,금,오정로(부천시계),B-26,유출,외발산사거리->오쇠삼거리,11422.0,37.54318,126.8123,20시,616.0
0,20170101.0,일,화곡로(화곡로입구),B-27,유입,화곡로부천시계->화곡로입구,11849.0,37.53983,126.8272,8시,605.0
0,20170101.0,일,화곡로(화곡로입구),B-27,유입,화곡로부천시계->화곡로입구,11849.0,37.53983,126.8272,9시,719.0
0,20170101.0,일,화곡로(화곡로입구),B-27,유입,화곡로부천시계->화곡로입구,11849.0,37.53983,126.8272,10시,886.0
0,20170101.0,일,화곡로(화곡로입구),B-27,유입,화곡로부천시계->화곡로입구,11849.0,37.53983,126.8272,11시,909.0
0,20170101.0,일,화곡로(화곡로입구),B-27,유입,화곡로부천시계->화곡로입구,11849.0,37.53983,126.8272,12시,1023.0
0,20170101.0,일,화곡로(화곡로입구),B-27,유입,화곡로부천시계->화곡로입구,11849.0,37.53983,126.8272,13시,1052.0
0,20170101.0,일,화곡로(화곡로입구),B-27,유입,화곡로부천시계->화곡로입구,11849.0,37.53983,126.8272,14시,1029.0
0,20170101.0,일,화곡로(화곡로입구),B-27,유입,화곡로부천시계->화곡로입구,11849.0,37.53983,126.8272,15시,1034.0
0,20170101.0,일,화곡로(화곡로입구),B-27,유입,화곡로부천시계->화곡로입구,11849.0,37.53983,126.8272,16시,1213.0
0,20170101.0,일,화곡로(화곡로입구),B-27,유입,화곡로부천시계->화곡로입구,11849.0,37.53983,126.8272,17시,1034.0
0,20170101.0,일,화곡로(화곡로입구),B-27,유입,화곡로부천시계->화곡로입구,11849.0,37.53983,126.8272,18시,880.0
0,20170101.0,일,화곡로(화곡로입구),B-27,유입,화곡로부천시계->화곡로입구,11849.0,37.53983,126.8272,19시,755.0
0,20170101.0,일,화곡로(화곡로입구),B-27,유입,화곡로부천시계->화곡로입구,11849.0,37.53983,126.8272,20시,710.0
0,20170102.0,월,화곡로(화곡로입구),B-27,유입,화곡로부천시계->화곡로입구,13936.0,37.53983,126.8272,8시,1143.0
0,20170102.0,월,화곡로(화곡로입구),B-27,유입,화곡로부천시계->화곡로입구,13936.0,37.53983,126.8272,9시,1103.0
0,20170102.0,월,화곡로(화곡로입구),B-27,유입,화곡로부천시계->화곡로입구,13936.0,37.53983,126.8272,10시,1025.0
0,20170102.0,월,화곡로(화곡로입구),B-27,유입,화곡로부천시계->화곡로입구,13936.0,37.53983,126.8272,11시,1044.0
0,20170102.0,월,화곡로(화곡로입구),B-27,유입,화곡로부천시계->화곡로입구,13936.0,37.53983,126.8272,12시,1098.0
0,20170102.0,월,화곡로(화곡로입구),B-27,유입,화곡로부천시계->화곡로입구,13936.0,37.53983,126.8272,13시,1090.0
0,20170102.0,월,화곡로(화곡로입구),B-27,유입,화곡로부천시계->화곡로입구,13936.0,37.53983,126.8272,14시,1098.0
0,20170102.0,월,화곡로(화곡로입구),B-27,유입,화곡로부천시계->화곡로입구,13936.0,37.53983,126.8272,15시,1100.0
0,20170102.0,월,화곡로(화곡로입구),B-27,유입,화곡로부천시계->화곡로입구,13936.0,37.53983,126.8272,16시,1082.0
0,20170102.0,월,화곡로(화곡로입구),B-27,유입,화곡로부천시계->화곡로입구,13936.0,37.53983,126.8272,17시,1142.0
0,20170102.0,월,화곡로(화곡로입구),B-27,유입,화곡로부천시계->화곡로입구,13936.0,37.53983,126.8272,18시,1063.0
0,20170102.0,월,화곡로(화곡로입구),B-27,유입,화곡로부천시계->화곡로입구,13936.0,37.53983,126.8272,19시,1057.0
0,20170102.0,월,화곡로(화곡로입구),B-27,유입,화곡로부천시계->화곡로입구,13936.0,37.53983,126.8272,20시,891.0
0,20170103.0,화,화곡로(화곡로입구),B-27,유입,화곡로부천시계->화곡로입구,14079.0,37.53983,126.8272,8시,1109.0
0,20170103.0,화,화곡로(화곡로입구),B-27,유입,화곡로부천시계->화곡로입구,14079.0,37.53983,126.8272,9시,1074.0
0,20170103.0,화,화곡로(화곡로입구),B-27,유입,화곡로부천시계->화곡로입구,14079.0,37.53983,126.8272,10시,1121.0
0,20170103.0,화,화곡로(화곡로입구),B-27,유입,화곡로부천시계->화곡로입구,14079.0,37.53983,126.8272,11시,1053.0
0,20170103.0,화,화곡로(화곡로입구),B-27,유입,화곡로부천시계->화곡로입구,14079.0,37.53983,126.8272,12시,1090.0
0,20170103.0,화,화곡로(화곡로입구),B-27,유입,화곡로부천시계->화곡로입구,14079.0,37.53983,126.8272,13시,1154.0
0,20170103.0,화,화곡로(화곡로입구),B-27,유입,화곡로부천시계->화곡로입구,14079.0,37.53983,126.8272,14시,1156.0
0,20170103.0,화,화곡로(화곡로입구),B-27,유입,화곡로부천시계->화곡로입구,14079.0,37.53983,126.8272,15시,1095.0
0,20170103.0,화,화곡로(화곡로입구),B-27,유입,화곡로부천시계->화곡로입구,14079.0,37.53983,126.8272,16시,1084.0
0,20170103.0,화,화곡로(화곡로입구),B-27,유입,화곡로부천시계->화곡로입구,14079.0,37.53983,126.8272,17시,1128.0
0,20170103.0,화,화곡로(화곡로입구),B-27,유입,화곡로부천시계->화곡로입구,14079.0,37.53983,126.8272,18시,1071.0
0,20170103.0,화,화곡로(화곡로입구),B-27,유입,화곡로부천시계->화곡로입구,14079.0,37.53983,126.8272,19시,1064.0
0,20170103.0,화,화곡로(화곡로입구),B-27,유입,화곡로부천시계->화곡로입구,14079.0,37.53983,126.8272,20시,880.0
0,20170104.0,수,화곡로(화곡로입구),B-27,유입,화곡로부천시계->화곡로입구,14219.0,37.53983,126.8272,8시,1155.0
0,20170104.0,수,화곡로(화곡로입구),B-27,유입,화곡로부천시계->화곡로입구,14219.0,37.53983,126.8272,9시,1094.0
0,20170104.0,수,화곡로(화곡로입구),B-27,유입,화곡로부천시계->화곡로입구,14219.0,37.53983,126.8272,10시,1112.0
0,20170104.0,수,화곡로(화곡로입구),B-27,유입,화곡로부천시계->화곡로입구,14219.0,37.53983,126.8272,11시,1110.0
0,20170104.0,수,화곡로(화곡로입구),B-27,유입,화곡로부천시계->화곡로입구,14219.0,37.53983,126.8272,12시,1107.0
0,20170104.0,수,화곡로(화곡로입구),B-27,유입,화곡로부천시계->화곡로입구,14219.0,37.53983,126.8272,13시,1119.0
0,20170104.0,수,화곡로(화곡로입구),B-27,유입,화곡로부천시계->화곡로입구,14219.0,37.53983,126.8272,14시,1140.0
0,20170104.0,수,화곡로(화곡로입구),B-27,유입,화곡로부천시계->화곡로입구,14219.0,37.53983,126.8272,15시,1120.0
0,20170104.0,수,화곡로(화곡로입구),B-27,유입,화곡로부천시계->화곡로입구,14219.0,37.53983,126.8272,16시,1124.0
0,20170104.0,수,화곡로(화곡로입구),B-27,유입,화곡로부천시계->화곡로입구,14219.0,37.53983,126.8272,17시,1124.0
0,20170104.0,수,화곡로(화곡로입구),B-27,유입,화곡로부천시계->화곡로입구,14219.0,37.53983,126.8272,18시,1069.0
0,20170104.0,수,화곡로(화곡로입구),B-27,유입,화곡로부천시계->화곡로입구,14219.0,37.53983,126.8272,19시,1053.0
0,20170104.0,수,화곡로(화곡로입구),B-27,유입,화곡로부천시계->화곡로입구,14219.0,37.53983,126.8272,20시,892.0
0,20170105.0,목,화곡로(화곡로입구),B-27,유입,화곡로부천시계->화곡로입구,14115.0,37.53983,126.8272,8시,1182.0
0,20170105.0,목,화곡로(화곡로입구),B-27,유입,화곡로부천시계->화곡로입구,14115.0,37.53983,126.8272,9시,1114.0
0,20170105.0,목,화곡로(화곡로입구),B-27,유입,화곡로부천시계->화곡로입구,14115.0,37.53983,126.8272,10시,1051.0
0,20170105.0,목,화곡로(화곡로입구),B-27,유입,화곡로부천시계->화곡로입구,14115.0,37.53983,126.8272,11시,1164.0
0,20170105.0,목,화곡로(화곡로입구),B-27,유입,화곡로부천시계->화곡로입구,14115.0,37.53983,126.8272,12시,1111.0
0,20170105.0,목,화곡로(화곡로입구),B-27,유입,화곡로부천시계->화곡로입구,14115.0,37.53983,126.8272,13시,1109.0
0,20170105.0,목,화곡로(화곡로입구),B-27,유입,화곡로부천시계->화곡로입구,14115.0,37.53983,126.8272,14시,1095.0
0,20170105.0,목,화곡로(화곡로입구),B-27,유입,화곡로부천시계->화곡로입구,14115.0,37.53983,126.8272,15시,1070.0
0,20170105.0,목,화곡로(화곡로입구),B-27,유입,화곡로부천시계->화곡로입구,14115.0,37.53983,126.8272,16시,1150.0
0,20170105.0,목,화곡로(화곡로입구),B-27,유입,화곡로부천시계->화곡로입구,14115.0,37.53983,126.8272,17시,1070.0
0,20170105.0,목,화곡로(화곡로입구),B-27,유입,화곡로부천시계->화곡로입구,14115.0,37.53983,126.8272,18시,1062.0
0,20170105.0,목,화곡로(화곡로입구),B-27,유입,화곡로부천시계->화곡로입구,14115.0,37.53983,126.8272,19시,1032.0
0,20170105.0,목,화곡로(화곡로입구),B-27,유입,화곡로부천시계->화곡로입구,14115.0,37.53983,126.8272,20시,905.0
0,20170106.0,금,화곡로(화곡로입구),B-27,유입,화곡로부천시계->화곡로입구,14291.0,37.53983,126.8272,8시,1147.0
0,20170106.0,금,화곡로(화곡로입구),B-27,유입,화곡로부천시계->화곡로입구,14291.0,37.53983,126.8272,9시,1057.0
0,20170106.0,금,화곡로(화곡로입구),B-27,유입,화곡로부천시계->화곡로입구,14291.0,37.53983,126.8272,10시,1106.0
0,20170106.0,금,화곡로(화곡로입구),B-27,유입,화곡로부천시계->화곡로입구,14291.0,37.53983,126.8272,11시,1165.0
0,20170106.0,금,화곡로(화곡로입구),B-27,유입,화곡로부천시계->화곡로입구,14291.0,37.53983,126.8272,12시,1138.0
0,20170106.0,금,화곡로(화곡로입구),B-27,유입,화곡로부천시계->화곡로입구,14291.0,37.53983,126.8272,13시,1091.0
0,20170106.0,금,화곡로(화곡로입구),B-27,유입,화곡로부천시계->화곡로입구,14291.0,37.53983,126.8272,14시,1112.0
0,20170106.0,금,화곡로(화곡로입구),B-27,유입,화곡로부천시계->화곡로입구,14291.0,37.53983,126.8272,15시,1173.0
0,20170106.0,금,화곡로(화곡로입구),B-27,유입,화곡로부천시계->화곡로입구,14291.0,37.53983,126.8272,16시,1144.0
0,20170106.0,금,화곡로(화곡로입구),B-27,유입,화곡로부천시계->화곡로입구,14291.0,37.53983,126.8272,17시,1153.0
0,20170106.0,금,화곡로(화곡로입구),B-27,유입,화곡로부천시계->화곡로입구,14291.0,37.53983,126.8272,18시,1069.0
0,20170106.0,금,화곡로(화곡로입구),B-27,유입,화곡로부천시계->화곡로입구,14291.0,37.53983,126.8272,19시,1045.0
0,20170106.0,금,화곡로(화곡로입구),B-27,유입,화곡로부천시계->화곡로입구,14291.0,37.53983,126.8272,20시,891.0
0,20170107.0,토,화곡로(화곡로입구),B-27,유입,화곡로부천시계->화곡로입구,15626.0,37.53983,126.8272,8시,1139.0
0,20170107.0,토,화곡로(화곡로입구),B-27,유입,화곡로부천시계->화곡로입구,15626.0,37.53983,126.8272,9시,1169.0
0,20170107.0,토,화곡로(화곡로입구),B-27,유입,화곡로부천시계->화곡로입구,15626.0,37.53983,126.8272,10시,1318.0
0,20170107.0,토,화곡로(화곡로입구),B-27,유입,화곡로부천시계->화곡로입구,15626.0,37.53983,126.8272,11시,1288.0
0,20170107.0,토,화곡로(화곡로입구),B-27,유입,화곡로부천시계->화곡로입구,15626.0,37.53983,126.8272,12시,1254.0
0,20170107.0,토,화곡로(화곡로입구),B-27,유입,화곡로부천시계->화곡로입구,15626.0,37.53983,126.8272,13시,1280.0
0,20170107.0,토,화곡로(화곡로입구),B-27,유입,화곡로부천시계->화곡로입구,15626.0,37.53983,126.8272,14시,1323.0
0,20170107.0,토,화곡로(화곡로입구),B-27,유입,화곡로부천시계->화곡로입구,15626.0,37.53983,126.8272,15시,1239.0
0,20170107.0,토,화곡로(화곡로입구),B-27,유입,화곡로부천시계->화곡로입구,15626.0,37.53983,126.8272,16시,1361.0
0,20170107.0,토,화곡로(화곡로입구),B-27,유입,화곡로부천시계->화곡로입구,15626.0,37.53983,126.8272,17시,1311.0
0,20170107.0,토,화곡로(화곡로입구),B-27,유입,화곡로부천시계->화곡로입구,15626.0,37.53983,126.8272,18시,1153.0
0,20170107.0,토,화곡로(화곡로입구),B-27,유입,화곡로부천시계->화곡로입구,15626.0,37.53983,126.8272,19시,961.0
0,20170107.0,토,화곡로(화곡로입구),B-27,유입,화곡로부천시계->화곡로입구,15626.0,37.53983,126.8272,20시,830.0
0,20170108.0,일,화곡로(화곡로입구),B-27,유입,화곡로부천시계->화곡로입구,12412.0,37.53983,126.8272,8시,681.0
0,20170108.0,일,화곡로(화곡로입구),B-27,유입,화곡로부천시계->화곡로입구,12412.0,37.53983,126.8272,9시,907.0
0,20170108.0,일,화곡로(화곡로입구),B-27,유입,화곡로부천시계->화곡로입구,12412.0,37.53983,126.8272,10시,1022.0
0,20170108.0,일,화곡로(화곡로입구),B-27,유입,화곡로부천시계->화곡로입구,12412.0,37.53983,126.8272,11시,902.0
0,20170108.0,일,화곡로(화곡로입구),B-27,유입,화곡로부천시계->화곡로입구,12412.0,37.53983,126.8272,12시,982.0
0,20170108.0,일,화곡로(화곡로입구),B-27,유입,화곡로부천시계->화곡로입구,12412.0,37.53983,126.8272,13시,1068.0
0,20170108.0,일,화곡로(화곡로입구),B-27,유입,화곡로부천시계->화곡로입구,12412.0,37.53983,126.8272,14시,1051.0
0,20170108.0,일,화곡로(화곡로입구),B-27,유입,화곡로부천시계->화곡로입구,12412.0,37.53983,126.8272,15시,1105.0
0,20170108.0,일,화곡로(화곡로입구),B-27,유입,화곡로부천시계->화곡로입구,12412.0,37.53983,126.8272,16시,1128.0
0,20170108.0,일,화곡로(화곡로입구),B-27,유입,화곡로부천시계->화곡로입구,12412.0,37.53983,126.8272,17시,1028.0
0,20170108.0,일,화곡로(화곡로입구),B-27,유입,화곡로부천시계->화곡로입구,12412.0,37.53983,126.8272,18시,991.0
0,20170108.0,일,화곡로(화곡로입구),B-27,유입,화곡로부천시계->화곡로입구,12412.0,37.53983,126.8272,19시,794.0
0,20170108.0,일,화곡로(화곡로입구),B-27,유입,화곡로부천시계->화곡로입구,12412.0,37.53983,126.8272,20시,753.0
0,20170109.0,월,화곡로(화곡로입구),B-27,유입,화곡로부천시계->화곡로입구,14193.0,37.53983,126.8272,8시,1157.0
0,20170109.0,월,화곡로(화곡로입구),B-27,유입,화곡로부천시계->화곡로입구,14193.0,37.53983,126.8272,9시,1085.0
0,20170109.0,월,화곡로(화곡로입구),B-27,유입,화곡로부천시계->화곡로입구,14193.0,37.53983,126.8272,10시,1017.0
0,20170109.0,월,화곡로(화곡로입구),B-27,유입,화곡로부천시계->화곡로입구,14193.0,37.53983,126.8272,11시,1132.0
0,20170109.0,월,화곡로(화곡로입구),B-27,유입,화곡로부천시계->화곡로입구,14193.0,37.53983,126.8272,12시,1069.0
0,20170109.0,월,화곡로(화곡로입구),B-27,유입,화곡로부천시계->화곡로입구,14193.0,37.53983,126.8272,13시,1144.0
0,20170109.0,월,화곡로(화곡로입구),B-27,유입,화곡로부천시계->화곡로입구,14193.0,37.53983,126.8272,14시,1064.0
0,20170109.0,월,화곡로(화곡로입구),B-27,유입,화곡로부천시계->화곡로입구,14193.0,37.53983,126.8272,15시,1147.0
0,20170109.0,월,화곡로(화곡로입구),B-27,유입,화곡로부천시계->화곡로입구,14193.0,37.53983,126.8272,16시,1163.0
0,20170109.0,월,화곡로(화곡로입구),B-27,유입,화곡로부천시계->화곡로입구,14193.0,37.53983,126.8272,17시,1161.0
0,20170109.0,월,화곡로(화곡로입구),B-27,유입,화곡로부천시계->화곡로입구,14193.0,37.53983,126.8272,18시,1122.0
0,20170109.0,월,화곡로(화곡로입구),B-27,유입,화곡로부천시계->화곡로입구,14193.0,37.53983,126.8272,19시,1042.0
0,20170109.0,월,화곡로(화곡로입구),B-27,유입,화곡로부천시계->화곡로입구,14193.0,37.53983,126.8272,20시,890.0
0,20170110.0,화,화곡로(화곡로입구),B-27,유입,화곡로부천시계->화곡로입구,14219.0,37.53983,126.8272,8시,1127.0
0,20170110.0,화,화곡로(화곡로입구),B-27,유입,화곡로부천시계->화곡로입구,14219.0,37.53983,126.8272,9시,1091.0
0,20170110.0,화,화곡로(화곡로입구),B-27,유입,화곡로부천시계->화곡로입구,14219.0,37.53983,126.8272,10시,1114.0
0,20170110.0,화,화곡로(화곡로입구),B-27,유입,화곡로부천시계->화곡로입구,14219.0,37.53983,126.8272,11시,1124.0
0,20170110.0,화,화곡로(화곡로입구),B-27,유입,화곡로부천시계->화곡로입구,14219.0,37.53983,126.8272,12시,1116.0
0,20170110.0,화,화곡로(화곡로입구),B-27,유입,화곡로부천시계->화곡로입구,14219.0,37.53983,126.8272,13시,1169.0
0,20170110.0,화,화곡로(화곡로입구),B-27,유입,화곡로부천시계->화곡로입구,14219.0,37.53983,126.8272,14시,1215.0
0,20170110.0,화,화곡로(화곡로입구),B-27,유입,화곡로부천시계->화곡로입구,14219.0,37.53983,126.8272,15시,1117.0
0,20170110.0,화,화곡로(화곡로입구),B-27,유입,화곡로부천시계->화곡로입구,14219.0,37.53983,126.8272,16시,1064.0
0,20170110.0,화,화곡로(화곡로입구),B-27,유입,화곡로부천시계->화곡로입구,14219.0,37.53983,126.8272,17시,1091.0
0,20170110.0,화,화곡로(화곡로입구),B-27,유입,화곡로부천시계->화곡로입구,14219.0,37.53983,126.8272,18시,1093.0
0,20170110.0,화,화곡로(화곡로입구),B-27,유입,화곡로부천시계->화곡로입구,14219.0,37.53983,126.8272,19시,1010.0
0,20170110.0,화,화곡로(화곡로입구),B-27,유입,화곡로부천시계->화곡로입구,14219.0,37.53983,126.8272,20시,888.0
0,20170111.0,수,화곡로(화곡로입구),B-27,유입,화곡로부천시계->화곡로입구,14080.0,37.53983,126.8272,8시,1140.0
0,20170111.0,수,화곡로(화곡로입구),B-27,유입,화곡로부천시계->화곡로입구,14080.0,37.53983,126.8272,9시,1080.0
0,20170111.0,수,화곡로(화곡로입구),B-27,유입,화곡로부천시계->화곡로입구,14080.0,37.53983,126.8272,10시,1103.0
0,20170111.0,수,화곡로(화곡로입구),B-27,유입,화곡로부천시계->화곡로입구,14080.0,37.53983,126.8272,11시,1103.0
0,20170111.0,수,화곡로(화곡로입구),B-27,유입,화곡로부천시계->화곡로입구,14080.0,37.53983,126.8272,12시,1115.0
0,20170111.0,수,화곡로(화곡로입구),B-27,유입,화곡로부천시계->화곡로입구,14080.0,37.53983,126.8272,13시,1143.0
0,20170111.0,수,화곡로(화곡로입구),B-27,유입,화곡로부천시계->화곡로입구,14080.0,37.53983,126.8272,14시,1181.0
0,20170111.0,수,화곡로(화곡로입구),B-27,유입,화곡로부천시계->화곡로입구,14080.0,37.53983,126.8272,15시,1054.0
0,20170111.0,수,화곡로(화곡로입구),B-27,유입,화곡로부천시계->화곡로입구,14080.0,37.53983,126.8272,16시,1017.0
0,20170111.0,수,화곡로(화곡로입구),B-27,유입,화곡로부천시계->화곡로입구,14080.0,37.53983,126.8272,17시,1106.0
0,20170111.0,수,화곡로(화곡로입구),B-27,유입,화곡로부천시계->화곡로입구,14080.0,37.53983,126.8272,18시,1108.0
0,20170111.0,수,화곡로(화곡로입구),B-27,유입,화곡로부천시계->화곡로입구,14080.0,37.53983,126.8272,19시,1052.0
0,20170111.0,수,화곡로(화곡로입구),B-27,유입,화곡로부천시계->화곡로입구,14080.0,37.53983,126.8272,20시,878.0
0,20170112.0,목,화곡로(화곡로입구),B-27,유입,화곡로부천시계->화곡로입구,14111.0,37.53983,126.8272,8시,1159.0
0,20170112.0,목,화곡로(화곡로입구),B-27,유입,화곡로부천시계->화곡로입구,14111.0,37.53983,126.8272,9시,1072.0
0,20170112.0,목,화곡로(화곡로입구),B-27,유입,화곡로부천시계->화곡로입구,14111.0,37.53983,126.8272,10시,1129.0
0,20170112.0,목,화곡로(화곡로입구),B-27,유입,화곡로부천시계->화곡로입구,14111.0,37.53983,126.8272,11시,1155.0
0,20170112.0,목,화곡로(화곡로입구),B-27,유입,화곡로부천시계->화곡로입구,14111.0,37.53983,126.8272,12시,1051.0
0,20170112.0,목,화곡로(화곡로입구),B-27,유입,화곡로부천시계->화곡로입구,14111.0,37.53983,126.8272,13시,1154.0
0,20170112.0,목,화곡로(화곡로입구),B-27,유입,화곡로부천시계->화곡로입구,14111.0,37.53983,126.8272,14시,1097.0
0,20170112.0,목,화곡로(화곡로입구),B-27,유입,화곡로부천시계->화곡로입구,14111.0,37.53983,126.8272,15시,1088.0
0,20170112.0,목,화곡로(화곡로입구),B-27,유입,화곡로부천시계->화곡로입구,14111.0,37.53983,126.8272,16시,1066.0
0,20170112.0,목,화곡로(화곡로입구),B-27,유입,화곡로부천시계->화곡로입구,14111.0,37.53983,126.8272,17시,1107.0
0,20170112.0,목,화곡로(화곡로입구),B-27,유입,화곡로부천시계->화곡로입구,14111.0,37.53983,126.8272,18시,1135.0
0,20170112.0,목,화곡로(화곡로입구),B-27,유입,화곡로부천시계->화곡로입구,14111.0,37.53983,126.8272,19시,999.0
0,20170112.0,목,화곡로(화곡로입구),B-27,유입,화곡로부천시계->화곡로입구,14111.0,37.53983,126.8272,20시,899.0
0,20170113.0,금,화곡로(화곡로입구),B-27,유입,화곡로부천시계->화곡로입구,14130.0,37.53983,126.8272,8시,1121.0
0,20170113.0,금,화곡로(화곡로입구),B-27,유입,화곡로부천시계->화곡로입구,14130.0,37.53983,126.8272,9시,1074.0
0,20170113.0,금,화곡로(화곡로입구),B-27,유입,화곡로부천시계->화곡로입구,14130.0,37.53983,126.8272,10시,1049.0
0,20170113.0,금,화곡로(화곡로입구),B-27,유입,화곡로부천시계->화곡로입구,14130.0,37.53983,126.8272,11시,1081.0
0,20170113.0,금,화곡로(화곡로입구),B-27,유입,화곡로부천시계->화곡로입구,14130.0,37.53983,126.8272,12시,1074.0
0,20170113.0,금,화곡로(화곡로입구),B-27,유입,화곡로부천시계->화곡로입구,14130.0,37.53983,126.8272,13시,1126.0
0,20170113.0,금,화곡로(화곡로입구),B-27,유입,화곡로부천시계->화곡로입구,14130.0,37.53983,126.8272,14시,1100.0
0,20170113.0,금,화곡로(화곡로입구),B-27,유입,화곡로부천시계->화곡로입구,14130.0,37.53983,126.8272,15시,1140.0
0,20170113.0,금,화곡로(화곡로입구),B-27,유입,화곡로부천시계->화곡로입구,14130.0,37.53983,126.8272,16시,1192.0
0,20170113.0,금,화곡로(화곡로입구),B-27,유입,화곡로부천시계->화곡로입구,14130.0,37.53983,126.8272,17시,1096.0
0,20170113.0,금,화곡로(화곡로입구),B-27,유입,화곡로부천시계->화곡로입구,14130.0,37.53983,126.8272,18시,1112.0
0,20170113.0,금,화곡로(화곡로입구),B-27,유입,화곡로부천시계->화곡로입구,14130.0,37.53983,126.8272,19시,1058.0
0,20170113.0,금,화곡로(화곡로입구),B-27,유입,화곡로부천시계->화곡로입구,14130.0,37.53983,126.8272,20시,907.0
0,20170114.0,토,화곡로(화곡로입구),B-27,유입,화곡로부천시계->화곡로입구,15427.0,37.53983,126.8272,8시,1157.0
0,20170114.0,토,화곡로(화곡로입구),B-27,유입,화곡로부천시계->화곡로입구,15427.0,37.53983,126.8272,9시,1230.0
0,20170114.0,토,화곡로(화곡로입구),B-27,유입,화곡로부천시계->화곡로입구,15427.0,37.53983,126.8272,10시,1232.0
0,20170114.0,토,화곡로(화곡로입구),B-27,유입,화곡로부천시계->화곡로입구,15427.0,37.53983,126.8272,11시,1282.0
0,20170114.0,토,화곡로(화곡로입구),B-27,유입,화곡로부천시계->화곡로입구,15427.0,37.53983,126.8272,12시,1308.0
0,20170114.0,토,화곡로(화곡로입구),B-27,유입,화곡로부천시계->화곡로입구,15427.0,37.53983,126.8272,13시,1233.0
0,20170114.0,토,화곡로(화곡로입구),B-27,유입,화곡로부천시계->화곡로입구,15427.0,37.53983,126.8272,14시,1328.0
0,20170114.0,토,화곡로(화곡로입구),B-27,유입,화곡로부천시계->화곡로입구,15427.0,37.53983,126.8272,15시,1224.0
0,20170114.0,토,화곡로(화곡로입구),B-27,유입,화곡로부천시계->화곡로입구,15427.0,37.53983,126.8272,16시,1296.0
0,20170114.0,토,화곡로(화곡로입구),B-27,유입,화곡로부천시계->화곡로입구,15427.0,37.53983,126.8272,17시,1305.0
0,20170114.0,토,화곡로(화곡로입구),B-27,유입,화곡로부천시계->화곡로입구,15427.0,37.53983,126.8272,18시,1142.0
0,20170114.0,토,화곡로(화곡로입구),B-27,유입,화곡로부천시계->화곡로입구,15427.0,37.53983,126.8272,19시,848.0
0,20170114.0,토,화곡로(화곡로입구),B-27,유입,화곡로부천시계->화곡로입구,15427.0,37.53983,126.8272,20시,842.0
0,20170115.0,일,화곡로(화곡로입구),B-27,유입,화곡로부천시계->화곡로입구,12603.0,37.53983,126.8272,8시,672.0
0,20170115.0,일,화곡로(화곡로입구),B-27,유입,화곡로부천시계->화곡로입구,12603.0,37.53983,126.8272,9시,1007.0
0,20170115.0,일,화곡로(화곡로입구),B-27,유입,화곡로부천시계->화곡로입구,12603.0,37.53983,126.8272,10시,1041.0
0,20170115.0,일,화곡로(화곡로입구),B-27,유입,화곡로부천시계->화곡로입구,12603.0,37.53983,126.8272,11시,929.0
0,20170115.0,일,화곡로(화곡로입구),B-27,유입,화곡로부천시계->화곡로입구,12603.0,37.53983,126.8272,12시,1047.0
0,20170115.0,일,화곡로(화곡로입구),B-27,유입,화곡로부천시계->화곡로입구,12603.0,37.53983,126.8272,13시,1076.0
0,20170115.0,일,화곡로(화곡로입구),B-27,유입,화곡로부천시계->화곡로입구,12603.0,37.53983,126.8272,14시,1202.0
0,20170115.0,일,화곡로(화곡로입구),B-27,유입,화곡로부천시계->화곡로입구,12603.0,37.53983,126.8272,15시,1087.0
0,20170115.0,일,화곡로(화곡로입구),B-27,유입,화곡로부천시계->화곡로입구,12603.0,37.53983,126.8272,16시,1027.0
0,20170115.0,일,화곡로(화곡로입구),B-27,유입,화곡로부천시계->화곡로입구,12603.0,37.53983,126.8272,17시,998.0
0,20170115.0,일,화곡로(화곡로입구),B-27,유입,화곡로부천시계->화곡로입구,12603.0,37.53983,126.8272,18시,959.0
0,20170115.0,일,화곡로(화곡로입구),B-27,유입,화곡로부천시계->화곡로입구,12603.0,37.53983,126.8272,19시,776.0
0,20170115.0,일,화곡로(화곡로입구),B-27,유입,화곡로부천시계->화곡로입구,12603.0,37.53983,126.8272,20시,782.0
0,20170116.0,월,화곡로(화곡로입구),B-27,유입,화곡로부천시계->화곡로입구,14148.0,37.53983,126.8272,8시,1183.0
0,20170116.0,월,화곡로(화곡로입구),B-27,유입,화곡로부천시계->화곡로입구,14148.0,37.53983,126.8272,9시,1025.0
0,20170116.0,월,화곡로(화곡로입구),B-27,유입,화곡로부천시계->화곡로입구,14148.0,37.53983,126.8272,10시,1144.0
0,20170116.0,월,화곡로(화곡로입구),B-27,유입,화곡로부천시계->화곡로입구,14148.0,37.53983,126.8272,11시,1061.0
0,20170116.0,월,화곡로(화곡로입구),B-27,유입,화곡로부천시계->화곡로입구,14148.0,37.53983,126.8272,12시,1049.0
0,20170116.0,월,화곡로(화곡로입구),B-27,유입,화곡로부천시계->화곡로입구,14148.0,37.53983,126.8272,13시,1116.0
0,20170116.0,월,화곡로(화곡로입구),B-27,유입,화곡로부천시계->화곡로입구,14148.0,37.53983,126.8272,14시,1132.0
0,20170116.0,월,화곡로(화곡로입구),B-27,유입,화곡로부천시계->화곡로입구,14148.0,37.53983,126.8272,15시,1133.0
0,20170116.0,월,화곡로(화곡로입구),B-27,유입,화곡로부천시계->화곡로입구,14148.0,37.53983,126.8272,16시,1131.0
0,20170116.0,월,화곡로(화곡로입구),B-27,유입,화곡로부천시계->화곡로입구,14148.0,37.53983,126.8272,17시,1130.0
0,20170116.0,월,화곡로(화곡로입구),B-27,유입,화곡로부천시계->화곡로입구,14148.0,37.53983,126.8272,18시,1095.0
0,20170116.0,월,화곡로(화곡로입구),B-27,유입,화곡로부천시계->화곡로입구,14148.0,37.53983,126.8272,19시,1015.0
0,20170116.0,월,화곡로(화곡로입구),B-27,유입,화곡로부천시계->화곡로입구,14148.0,37.53983,126.8272,20시,934.0
0,20170117.0,화,화곡로(화곡로입구),B-27,유입,화곡로부천시계->화곡로입구,14179.0,37.53983,126.8272,8시,1149.0
0,20170117.0,화,화곡로(화곡로입구),B-27,유입,화곡로부천시계->화곡로입구,14179.0,37.53983,126.8272,9시,1060.0
0,20170117.0,화,화곡로(화곡로입구),B-27,유입,화곡로부천시계->화곡로입구,14179.0,37.53983,126.8272,10시,1157.0
0,20170117.0,화,화곡로(화곡로입구),B-27,유입,화곡로부천시계->화곡로입구,14179.0,37.53983,126.8272,11시,1193.0
0,20170117.0,화,화곡로(화곡로입구),B-27,유입,화곡로부천시계->화곡로입구,14179.0,37.53983,126.8272,12시,1101.0
0,20170117.0,화,화곡로(화곡로입구),B-27,유입,화곡로부천시계->화곡로입구,14179.0,37.53983,126.8272,13시,1092.0
0,20170117.0,화,화곡로(화곡로입구),B-27,유입,화곡로부천시계->화곡로입구,14179.0,37.53983,126.8272,14시,1151.0
0,20170117.0,화,화곡로(화곡로입구),B-27,유입,화곡로부천시계->화곡로입구,14179.0,37.53983,126.8272,15시,1071.0
0,20170117.0,화,화곡로(화곡로입구),B-27,유입,화곡로부천시계->화곡로입구,14179.0,37.53983,126.8272,16시,1161.0
0,20170117.0,화,화곡로(화곡로입구),B-27,유입,화곡로부천시계->화곡로입구,14179.0,37.53983,126.8272,17시,1097.0
0,20170117.0,화,화곡로(화곡로입구),B-27,유입,화곡로부천시계->화곡로입구,14179.0,37.53983,126.8272,18시,1055.0
0,20170117.0,화,화곡로(화곡로입구),B-27,유입,화곡로부천시계->화곡로입구,14179.0,37.53983,126.8272,19시,1002.0
0,20170117.0,화,화곡로(화곡로입구),B-27,유입,화곡로부천시계->화곡로입구,14179.0,37.53983,126.8272,20시,890.0
0,20170118.0,수,화곡로(화곡로입구),B-27,유입,화곡로부천시계->화곡로입구,14465.0,37.53983,126.8272,8시,1174.0
0,20170118.0,수,화곡로(화곡로입구),B-27,유입,화곡로부천시계->화곡로입구,14465.0,37.53983,126.8272,9시,1109.0
0,20170118.0,수,화곡로(화곡로입구),B-27,유입,화곡로부천시계->화곡로입구,14465.0,37.53983,126.8272,10시,1134.0
0,20170118.0,수,화곡로(화곡로입구),B-27,유입,화곡로부천시계->화곡로입구,14465.0,37.53983,126.8272,11시,1143.0
0,20170118.0,수,화곡로(화곡로입구),B-27,유입,화곡로부천시계->화곡로입구,14465.0,37.53983,126.8272,12시,1113.0
0,20170118.0,수,화곡로(화곡로입구),B-27,유입,화곡로부천시계->화곡로입구,14465.0,37.53983,126.8272,13시,1154.0
0,20170118.0,수,화곡로(화곡로입구),B-27,유입,화곡로부천시계->화곡로입구,14465.0,37.53983,126.8272,14시,1179.0
0,20170118.0,수,화곡로(화곡로입구),B-27,유입,화곡로부천시계->화곡로입구,14465.0,37.53983,126.8272,15시,1085.0
0,20170118.0,수,화곡로(화곡로입구),B-27,유입,화곡로부천시계->화곡로입구,14465.0,37.53983,126.8272,16시,1099.0
0,20170118.0,수,화곡로(화곡로입구),B-27,유입,화곡로부천시계->화곡로입구,14465.0,37.53983,126.8272,17시,1148.0
0,20170118.0,수,화곡로(화곡로입구),B-27,유입,화곡로부천시계->화곡로입구,14465.0,37.53983,126.8272,18시,1087.0
0,20170118.0,수,화곡로(화곡로입구),B-27,유입,화곡로부천시계->화곡로입구,14465.0,37.53983,126.8272,19시,1064.0
0,20170118.0,수,화곡로(화곡로입구),B-27,유입,화곡로부천시계->화곡로입구,14465.0,37.53983,126.8272,20시,976.0
0,20170119.0,목,화곡로(화곡로입구),B-27,유입,화곡로부천시계->화곡로입구,14405.0,37.53983,126.8272,8시,1183.0
0,20170119.0,목,화곡로(화곡로입구),B-27,유입,화곡로부천시계->화곡로입구,14405.0,37.53983,126.8272,9시,1089.0
0,20170119.0,목,화곡로(화곡로입구),B-27,유입,화곡로부천시계->화곡로입구,14405.0,37.53983,126.8272,10시,1174.0
0,20170119.0,목,화곡로(화곡로입구),B-27,유입,화곡로부천시계->화곡로입구,14405.0,37.53983,126.8272,11시,1094.0
0,20170119.0,목,화곡로(화곡로입구),B-27,유입,화곡로부천시계->화곡로입구,14405.0,37.53983,126.8272,12시,1123.0
0,20170119.0,목,화곡로(화곡로입구),B-27,유입,화곡로부천시계->화곡로입구,14405.0,37.53983,126.8272,13시,1133.0
0,20170119.0,목,화곡로(화곡로입구),B-27,유입,화곡로부천시계->화곡로입구,14405.0,37.53983,126.8272,14시,1171.0
0,20170119.0,목,화곡로(화곡로입구),B-27,유입,화곡로부천시계->화곡로입구,14405.0,37.53983,126.8272,15시,1132.0
0,20170119.0,목,화곡로(화곡로입구),B-27,유입,화곡로부천시계->화곡로입구,14405.0,37.53983,126.8272,16시,1193.0
0,20170119.0,목,화곡로(화곡로입구),B-27,유입,화곡로부천시계->화곡로입구,14405.0,37.53983,126.8272,17시,1073.0
0,20170119.0,목,화곡로(화곡로입구),B-27,유입,화곡로부천시계->화곡로입구,14405.0,37.53983,126.8272,18시,1066.0
0,20170119.0,목,화곡로(화곡로입구),B-27,유입,화곡로부천시계->화곡로입구,14405.0,37.53983,126.8272,19시,1051.0
0,20170119.0,목,화곡로(화곡로입구),B-27,유입,화곡로부천시계->화곡로입구,14405.0,37.53983,126.8272,20시,923.0
0,20170120.0,금,화곡로(화곡로입구),B-27,유입,화곡로부천시계->화곡로입구,12722.0,37.53983,126.8272,8시,943.0
0,20170120.0,금,화곡로(화곡로입구),B-27,유입,화곡로부천시계->화곡로입구,12722.0,37.53983,126.8272,9시,891.0
0,20170120.0,금,화곡로(화곡로입구),B-27,유입,화곡로부천시계->화곡로입구,12722.0,37.53983,126.8272,10시,882.0
0,20170120.0,금,화곡로(화곡로입구),B-27,유입,화곡로부천시계->화곡로입구,12722.0,37.53983,126.8272,11시,923.0
0,20170120.0,금,화곡로(화곡로입구),B-27,유입,화곡로부천시계->화곡로입구,12722.0,37.53983,126.8272,12시,1004.0
0,20170120.0,금,화곡로(화곡로입구),B-27,유입,화곡로부천시계->화곡로입구,12722.0,37.53983,126.8272,13시,977.0
0,20170120.0,금,화곡로(화곡로입구),B-27,유입,화곡로부천시계->화곡로입구,12722.0,37.53983,126.8272,14시,1116.0
0,20170120.0,금,화곡로(화곡로입구),B-27,유입,화곡로부천시계->화곡로입구,12722.0,37.53983,126.8272,15시,1001.0
0,20170120.0,금,화곡로(화곡로입구),B-27,유입,화곡로부천시계->화곡로입구,12722.0,37.53983,126.8272,16시,1041.0
0,20170120.0,금,화곡로(화곡로입구),B-27,유입,화곡로부천시계->화곡로입구,12722.0,37.53983,126.8272,17시,1089.0
0,20170120.0,금,화곡로(화곡로입구),B-27,유입,화곡로부천시계->화곡로입구,12722.0,37.53983,126.8272,18시,1078.0
0,20170120.0,금,화곡로(화곡로입구),B-27,유입,화곡로부천시계->화곡로입구,12722.0,37.53983,126.8272,19시,881.0
0,20170120.0,금,화곡로(화곡로입구),B-27,유입,화곡로부천시계->화곡로입구,12722.0,37.53983,126.8272,20시,896.0
0,20170121.0,토,화곡로(화곡로입구),B-27,유입,화곡로부천시계->화곡로입구,14172.0,37.53983,126.8272,8시,1125.0
0,20170121.0,토,화곡로(화곡로입구),B-27,유입,화곡로부천시계->화곡로입구,14172.0,37.53983,126.8272,9시,1176.0
0,20170121.0,토,화곡로(화곡로입구),B-27,유입,화곡로부천시계->화곡로입구,14172.0,37.53983,126.8272,10시,1147.0
0,20170121.0,토,화곡로(화곡로입구),B-27,유입,화곡로부천시계->화곡로입구,14172.0,37.53983,126.8272,11시,1157.0
0,20170121.0,토,화곡로(화곡로입구),B-27,유입,화곡로부천시계->화곡로입구,14172.0,37.53983,126.8272,12시,1170.0
0,20170121.0,토,화곡로(화곡로입구),B-27,유입,화곡로부천시계->화곡로입구,14172.0,37.53983,126.8272,13시,1192.0
0,20170121.0,토,화곡로(화곡로입구),B-27,유입,화곡로부천시계->화곡로입구,14172.0,37.53983,126.8272,14시,1270.0
0,20170121.0,토,화곡로(화곡로입구),B-27,유입,화곡로부천시계->화곡로입구,14172.0,37.53983,126.8272,15시,1176.0
0,20170121.0,토,화곡로(화곡로입구),B-27,유입,화곡로부천시계->화곡로입구,14172.0,37.53983,126.8272,16시,1180.0
0,20170121.0,토,화곡로(화곡로입구),B-27,유입,화곡로부천시계->화곡로입구,14172.0,37.53983,126.8272,17시,1098.0
0,20170121.0,토,화곡로(화곡로입구),B-27,유입,화곡로부천시계->화곡로입구,14172.0,37.53983,126.8272,18시,1000.0
0,20170121.0,토,화곡로(화곡로입구),B-27,유입,화곡로부천시계->화곡로입구,14172.0,37.53983,126.8272,19시,800.0
0,20170121.0,토,화곡로(화곡로입구),B-27,유입,화곡로부천시계->화곡로입구,14172.0,37.53983,126.8272,20시,681.0
0,20170122.0,일,화곡로(화곡로입구),B-27,유입,화곡로부천시계->화곡로입구,11249.0,37.53983,126.8272,8시,662.0
0,20170122.0,일,화곡로(화곡로입구),B-27,유입,화곡로부천시계->화곡로입구,11249.0,37.53983,126.8272,9시,790.0
0,20170122.0,일,화곡로(화곡로입구),B-27,유입,화곡로부천시계->화곡로입구,11249.0,37.53983,126.8272,10시,918.0
0,20170122.0,일,화곡로(화곡로입구),B-27,유입,화곡로부천시계->화곡로입구,11249.0,37.53983,126.8272,11시,905.0
0,20170122.0,일,화곡로(화곡로입구),B-27,유입,화곡로부천시계->화곡로입구,11249.0,37.53983,126.8272,12시,907.0
0,20170122.0,일,화곡로(화곡로입구),B-27,유입,화곡로부천시계->화곡로입구,11249.0,37.53983,126.8272,13시,961.0
0,20170122.0,일,화곡로(화곡로입구),B-27,유입,화곡로부천시계->화곡로입구,11249.0,37.53983,126.8272,14시,987.0
0,20170122.0,일,화곡로(화곡로입구),B-27,유입,화곡로부천시계->화곡로입구,11249.0,37.53983,126.8272,15시,933.0
0,20170122.0,일,화곡로(화곡로입구),B-27,유입,화곡로부천시계->화곡로입구,11249.0,37.53983,126.8272,16시,985.0
0,20170122.0,일,화곡로(화곡로입구),B-27,유입,화곡로부천시계->화곡로입구,11249.0,37.53983,126.8272,17시,1009.0
0,20170122.0,일,화곡로(화곡로입구),B-27,유입,화곡로부천시계->화곡로입구,11249.0,37.53983,126.8272,18시,857.0
0,20170122.0,일,화곡로(화곡로입구),B-27,유입,화곡로부천시계->화곡로입구,11249.0,37.53983,126.8272,19시,695.0
0,20170122.0,일,화곡로(화곡로입구),B-27,유입,화곡로부천시계->화곡로입구,11249.0,37.53983,126.8272,20시,640.0
0,20170123.0,월,화곡로(화곡로입구),B-27,유입,화곡로부천시계->화곡로입구,14296.0,37.53983,126.8272,8시,1175.0
0,20170123.0,월,화곡로(화곡로입구),B-27,유입,화곡로부천시계->화곡로입구,14296.0,37.53983,126.8272,9시,1037.0
0,20170123.0,월,화곡로(화곡로입구),B-27,유입,화곡로부천시계->화곡로입구,14296.0,37.53983,126.8272,10시,1142.0
0,20170123.0,월,화곡로(화곡로입구),B-27,유입,화곡로부천시계->화곡로입구,14296.0,37.53983,126.8272,11시,1102.0
0,20170123.0,월,화곡로(화곡로입구),B-27,유입,화곡로부천시계->화곡로입구,14296.0,37.53983,126.8272,12시,1063.0
0,20170123.0,월,화곡로(화곡로입구),B-27,유입,화곡로부천시계->화곡로입구,14296.0,37.53983,126.8272,13시,1178.0
0,20170123.0,월,화곡로(화곡로입구),B-27,유입,화곡로부천시계->화곡로입구,14296.0,37.53983,126.8272,14시,1179.0
0,20170123.0,월,화곡로(화곡로입구),B-27,유입,화곡로부천시계->화곡로입구,14296.0,37.53983,126.8272,15시,1146.0
0,20170123.0,월,화곡로(화곡로입구),B-27,유입,화곡로부천시계->화곡로입구,14296.0,37.53983,126.8272,16시,1104.0
0,20170123.0,월,화곡로(화곡로입구),B-27,유입,화곡로부천시계->화곡로입구,14296.0,37.53983,126.8272,17시,1104.0
0,20170123.0,월,화곡로(화곡로입구),B-27,유입,화곡로부천시계->화곡로입구,14296.0,37.53983,126.8272,18시,1061.0
0,20170123.0,월,화곡로(화곡로입구),B-27,유입,화곡로부천시계->화곡로입구,14296.0,37.53983,126.8272,19시,1020.0
0,20170123.0,월,화곡로(화곡로입구),B-27,유입,화곡로부천시계->화곡로입구,14296.0,37.53983,126.8272,20시,985.0
0,20170124.0,화,화곡로(화곡로입구),B-27,유입,화곡로부천시계->화곡로입구,14304.0,37.53983,126.8272,8시,1159.0
0,20170124.0,화,화곡로(화곡로입구),B-27,유입,화곡로부천시계->화곡로입구,14304.0,37.53983,126.8272,9시,1065.0
0,20170124.0,화,화곡로(화곡로입구),B-27,유입,화곡로부천시계->화곡로입구,14304.0,37.53983,126.8272,10시,1113.0
0,20170124.0,화,화곡로(화곡로입구),B-27,유입,화곡로부천시계->화곡로입구,14304.0,37.53983,126.8272,11시,1173.0
0,20170124.0,화,화곡로(화곡로입구),B-27,유입,화곡로부천시계->화곡로입구,14304.0,37.53983,126.8272,12시,1138.0
0,20170124.0,화,화곡로(화곡로입구),B-27,유입,화곡로부천시계->화곡로입구,14304.0,37.53983,126.8272,13시,1102.0
0,20170124.0,화,화곡로(화곡로입구),B-27,유입,화곡로부천시계->화곡로입구,14304.0,37.53983,126.8272,14시,1055.0
0,20170124.0,화,화곡로(화곡로입구),B-27,유입,화곡로부천시계->화곡로입구,14304.0,37.53983,126.8272,15시,1132.0
0,20170124.0,화,화곡로(화곡로입구),B-27,유입,화곡로부천시계->화곡로입구,14304.0,37.53983,126.8272,16시,1139.0
0,20170124.0,화,화곡로(화곡로입구),B-27,유입,화곡로부천시계->화곡로입구,14304.0,37.53983,126.8272,17시,1118.0
0,20170124.0,화,화곡로(화곡로입구),B-27,유입,화곡로부천시계->화곡로입구,14304.0,37.53983,126.8272,18시,1100.0
0,20170124.0,화,화곡로(화곡로입구),B-27,유입,화곡로부천시계->화곡로입구,14304.0,37.53983,126.8272,19시,1034.0
0,20170124.0,화,화곡로(화곡로입구),B-27,유입,화곡로부천시계->화곡로입구,14304.0,37.53983,126.8272,20시,976.0
0,20170125.0,수,화곡로(화곡로입구),B-27,유입,화곡로부천시계->화곡로입구,14474.0,37.53983,126.8272,8시,1095.0
0,20170125.0,수,화곡로(화곡로입구),B-27,유입,화곡로부천시계->화곡로입구,14474.0,37.53983,126.8272,9시,1084.0
0,20170125.0,수,화곡로(화곡로입구),B-27,유입,화곡로부천시계->화곡로입구,14474.0,37.53983,126.8272,10시,1092.0
0,20170125.0,수,화곡로(화곡로입구),B-27,유입,화곡로부천시계->화곡로입구,14474.0,37.53983,126.8272,11시,1165.0
0,20170125.0,수,화곡로(화곡로입구),B-27,유입,화곡로부천시계->화곡로입구,14474.0,37.53983,126.8272,12시,1144.0
0,20170125.0,수,화곡로(화곡로입구),B-27,유입,화곡로부천시계->화곡로입구,14474.0,37.53983,126.8272,13시,1151.0
0,20170125.0,수,화곡로(화곡로입구),B-27,유입,화곡로부천시계->화곡로입구,14474.0,37.53983,126.8272,14시,1199.0
0,20170125.0,수,화곡로(화곡로입구),B-27,유입,화곡로부천시계->화곡로입구,14474.0,37.53983,126.8272,15시,1096.0
0,20170125.0,수,화곡로(화곡로입구),B-27,유입,화곡로부천시계->화곡로입구,14474.0,37.53983,126.8272,16시,1121.0
0,20170125.0,수,화곡로(화곡로입구),B-27,유입,화곡로부천시계->화곡로입구,14474.0,37.53983,126.8272,17시,1079.0
0,20170125.0,수,화곡로(화곡로입구),B-27,유입,화곡로부천시계->화곡로입구,14474.0,37.53983,126.8272,18시,1117.0
0,20170125.0,수,화곡로(화곡로입구),B-27,유입,화곡로부천시계->화곡로입구,14474.0,37.53983,126.8272,19시,1111.0
0,20170125.0,수,화곡로(화곡로입구),B-27,유입,화곡로부천시계->화곡로입구,14474.0,37.53983,126.8272,20시,1020.0
0,20170126.0,목,화곡로(화곡로입구),B-27,유입,화곡로부천시계->화곡로입구,13448.0,37.53983,126.8272,8시,1126.0
0,20170126.0,목,화곡로(화곡로입구),B-27,유입,화곡로부천시계->화곡로입구,13448.0,37.53983,126.8272,9시,1117.0
0,20170126.0,목,화곡로(화곡로입구),B-27,유입,화곡로부천시계->화곡로입구,13448.0,37.53983,126.8272,10시,1158.0
0,20170126.0,목,화곡로(화곡로입구),B-27,유입,화곡로부천시계->화곡로입구,13448.0,37.53983,126.8272,11시,933.0
0,20170126.0,목,화곡로(화곡로입구),B-27,유입,화곡로부천시계->화곡로입구,13448.0,37.53983,126.8272,12시,907.0
0,20170126.0,목,화곡로(화곡로입구),B-27,유입,화곡로부천시계->화곡로입구,13448.0,37.53983,126.8272,13시,889.0
0,20170126.0,목,화곡로(화곡로입구),B-27,유입,화곡로부천시계->화곡로입구,13448.0,37.53983,126.8272,14시,898.0
0,20170126.0,목,화곡로(화곡로입구),B-27,유입,화곡로부천시계->화곡로입구,13448.0,37.53983,126.8272,15시,1246.0
0,20170126.0,목,화곡로(화곡로입구),B-27,유입,화곡로부천시계->화곡로입구,13448.0,37.53983,126.8272,16시,1190.0
0,20170126.0,목,화곡로(화곡로입구),B-27,유입,화곡로부천시계->화곡로입구,13448.0,37.53983,126.8272,17시,1124.0
0,20170126.0,목,화곡로(화곡로입구),B-27,유입,화곡로부천시계->화곡로입구,13448.0,37.53983,126.8272,18시,979.0
0,20170126.0,목,화곡로(화곡로입구),B-27,유입,화곡로부천시계->화곡로입구,13448.0,37.53983,126.8272,19시,1024.0
0,20170126.0,목,화곡로(화곡로입구),B-27,유입,화곡로부천시계->화곡로입구,13448.0,37.53983,126.8272,20시,857.0
0,20170127.0,금,화곡로(화곡로입구),B-27,유입,화곡로부천시계->화곡로입구,13250.0,37.53983,126.8272,8시,600.0
0,20170127.0,금,화곡로(화곡로입구),B-27,유입,화곡로부천시계->화곡로입구,13250.0,37.53983,126.8272,9시,841.0
0,20170127.0,금,화곡로(화곡로입구),B-27,유입,화곡로부천시계->화곡로입구,13250.0,37.53983,126.8272,10시,996.0
0,20170127.0,금,화곡로(화곡로입구),B-27,유입,화곡로부천시계->화곡로입구,13250.0,37.53983,126.8272,11시,1156.0
0,20170127.0,금,화곡로(화곡로입구),B-27,유입,화곡로부천시계->화곡로입구,13250.0,37.53983,126.8272,12시,1245.0
0,20170127.0,금,화곡로(화곡로입구),B-27,유입,화곡로부천시계->화곡로입구,13250.0,37.53983,126.8272,13시,1168.0
0,20170127.0,금,화곡로(화곡로입구),B-27,유입,화곡로부천시계->화곡로입구,13250.0,37.53983,126.8272,14시,1279.0
0,20170127.0,금,화곡로(화곡로입구),B-27,유입,화곡로부천시계->화곡로입구,13250.0,37.53983,126.8272,15시,1108.0
0,20170127.0,금,화곡로(화곡로입구),B-27,유입,화곡로부천시계->화곡로입구,13250.0,37.53983,126.8272,16시,1160.0
0,20170127.0,금,화곡로(화곡로입구),B-27,유입,화곡로부천시계->화곡로입구,13250.0,37.53983,126.8272,17시,1032.0
0,20170127.0,금,화곡로(화곡로입구),B-27,유입,화곡로부천시계->화곡로입구,13250.0,37.53983,126.8272,18시,990.0
0,20170127.0,금,화곡로(화곡로입구),B-27,유입,화곡로부천시계->화곡로입구,13250.0,37.53983,126.8272,19시,849.0
0,20170127.0,금,화곡로(화곡로입구),B-27,유입,화곡로부천시계->화곡로입구,13250.0,37.53983,126.8272,20시,826.0
0,20170128.0,토,화곡로(화곡로입구),B-27,유입,화곡로부천시계->화곡로입구,15566.0,37.53983,126.8272,8시,1218.0
0,20170128.0,토,화곡로(화곡로입구),B-27,유입,화곡로부천시계->화곡로입구,15566.0,37.53983,126.8272,9시,855.0
0,20170128.0,토,화곡로(화곡로입구),B-27,유입,화곡로부천시계->화곡로입구,15566.0,37.53983,126.8272,10시,1077.0
0,20170128.0,토,화곡로(화곡로입구),B-27,유입,화곡로부천시계->화곡로입구,15566.0,37.53983,126.8272,11시,1424.0
0,20170128.0,토,화곡로(화곡로입구),B-27,유입,화곡로부천시계->화곡로입구,15566.0,37.53983,126.8272,12시,1436.0
0,20170128.0,토,화곡로(화곡로입구),B-27,유입,화곡로부천시계->화곡로입구,15566.0,37.53983,126.8272,13시,1357.0
0,20170128.0,토,화곡로(화곡로입구),B-27,유입,화곡로부천시계->화곡로입구,15566.0,37.53983,126.8272,14시,1369.0
0,20170128.0,토,화곡로(화곡로입구),B-27,유입,화곡로부천시계->화곡로입구,15566.0,37.53983,126.8272,15시,1374.0
0,20170128.0,토,화곡로(화곡로입구),B-27,유입,화곡로부천시계->화곡로입구,15566.0,37.53983,126.8272,16시,1331.0
0,20170128.0,토,화곡로(화곡로입구),B-27,유입,화곡로부천시계->화곡로입구,15566.0,37.53983,126.8272,17시,1191.0
0,20170128.0,토,화곡로(화곡로입구),B-27,유입,화곡로부천시계->화곡로입구,15566.0,37.53983,126.8272,18시,1047.0
0,20170128.0,토,화곡로(화곡로입구),B-27,유입,화곡로부천시계->화곡로입구,15566.0,37.53983,126.8272,19시,868.0
0,20170128.0,토,화곡로(화곡로입구),B-27,유입,화곡로부천시계->화곡로입구,15566.0,37.53983,126.8272,20시,1019.0
0,20170129.0,일,화곡로(화곡로입구),B-27,유입,화곡로부천시계->화곡로입구,11063.0,37.53983,126.8272,8시,507.0
0,20170129.0,일,화곡로(화곡로입구),B-27,유입,화곡로부천시계->화곡로입구,11063.0,37.53983,126.8272,9시,679.0
0,20170129.0,일,화곡로(화곡로입구),B-27,유입,화곡로부천시계->화곡로입구,11063.0,37.53983,126.8272,10시,961.0
0,20170129.0,일,화곡로(화곡로입구),B-27,유입,화곡로부천시계->화곡로입구,11063.0,37.53983,126.8272,11시,976.0
0,20170129.0,일,화곡로(화곡로입구),B-27,유입,화곡로부천시계->화곡로입구,11063.0,37.53983,126.8272,12시,1072.0
0,20170129.0,일,화곡로(화곡로입구),B-27,유입,화곡로부천시계->화곡로입구,11063.0,37.53983,126.8272,13시,1055.0
0,20170129.0,일,화곡로(화곡로입구),B-27,유입,화곡로부천시계->화곡로입구,11063.0,37.53983,126.8272,14시,1068.0
0,20170129.0,일,화곡로(화곡로입구),B-27,유입,화곡로부천시계->화곡로입구,11063.0,37.53983,126.8272,15시,1099.0
0,20170129.0,일,화곡로(화곡로입구),B-27,유입,화곡로부천시계->화곡로입구,11063.0,37.53983,126.8272,16시,1207.0
0,20170129.0,일,화곡로(화곡로입구),B-27,유입,화곡로부천시계->화곡로입구,11063.0,37.53983,126.8272,17시,897.0
0,20170129.0,일,화곡로(화곡로입구),B-27,유입,화곡로부천시계->화곡로입구,11063.0,37.53983,126.8272,18시,789.0
0,20170129.0,일,화곡로(화곡로입구),B-27,유입,화곡로부천시계->화곡로입구,11063.0,37.53983,126.8272,19시,565.0
0,20170129.0,일,화곡로(화곡로입구),B-27,유입,화곡로부천시계->화곡로입구,11063.0,37.53983,126.8272,20시,188.0
0,20170131.0,화,화곡로(화곡로입구),B-27,유입,화곡로부천시계->화곡로입구,13732.0,37.53983,126.8272,8시,1095.0
0,20170131.0,화,화곡로(화곡로입구),B-27,유입,화곡로부천시계->화곡로입구,13732.0,37.53983,126.8272,9시,1033.0
0,20170131.0,화,화곡로(화곡로입구),B-27,유입,화곡로부천시계->화곡로입구,13732.0,37.53983,126.8272,10시,1046.0
0,20170131.0,화,화곡로(화곡로입구),B-27,유입,화곡로부천시계->화곡로입구,13732.0,37.53983,126.8272,11시,1015.0
0,20170131.0,화,화곡로(화곡로입구),B-27,유입,화곡로부천시계->화곡로입구,13732.0,37.53983,126.8272,12시,1074.0
0,20170131.0,화,화곡로(화곡로입구),B-27,유입,화곡로부천시계->화곡로입구,13732.0,37.53983,126.8272,13시,1132.0
0,20170131.0,화,화곡로(화곡로입구),B-27,유입,화곡로부천시계->화곡로입구,13732.0,37.53983,126.8272,14시,1163.0
0,20170131.0,화,화곡로(화곡로입구),B-27,유입,화곡로부천시계->화곡로입구,13732.0,37.53983,126.8272,15시,1063.0
0,20170131.0,화,화곡로(화곡로입구),B-27,유입,화곡로부천시계->화곡로입구,13732.0,37.53983,126.8272,16시,1068.0
0,20170131.0,화,화곡로(화곡로입구),B-27,유입,화곡로부천시계->화곡로입구,13732.0,37.53983,126.8272,17시,1122.0
0,20170131.0,화,화곡로(화곡로입구),B-27,유입,화곡로부천시계->화곡로입구,13732.0,37.53983,126.8272,18시,1074.0
0,20170131.0,화,화곡로(화곡로입구),B-27,유입,화곡로부천시계->화곡로입구,13732.0,37.53983,126.8272,19시,965.0
0,20170131.0,화,화곡로(화곡로입구),B-27,유입,화곡로부천시계->화곡로입구,13732.0,37.53983,126.8272,20시,882.0
0,20170101.0,일,화곡로(화곡로입구),B-27,유출,화곡로입구->화곡로부천시계,10098.0,37.53983,126.8272,8시,407.0
0,20170101.0,일,화곡로(화곡로입구),B-27,유출,화곡로입구->화곡로부천시계,10098.0,37.53983,126.8272,9시,560.0
0,20170101.0,일,화곡로(화곡로입구),B-27,유출,화곡로입구->화곡로부천시계,10098.0,37.53983,126.8272,10시,668.0
0,20170101.0,일,화곡로(화곡로입구),B-27,유출,화곡로입구->화곡로부천시계,10098.0,37.53983,126.8272,11시,775.0
0,20170101.0,일,화곡로(화곡로입구),B-27,유출,화곡로입구->화곡로부천시계,10098.0,37.53983,126.8272,12시,838.0
0,20170101.0,일,화곡로(화곡로입구),B-27,유출,화곡로입구->화곡로부천시계,10098.0,37.53983,126.8272,13시,926.0
0,20170101.0,일,화곡로(화곡로입구),B-27,유출,화곡로입구->화곡로부천시계,10098.0,37.53983,126.8272,14시,968.0
0,20170101.0,일,화곡로(화곡로입구),B-27,유출,화곡로입구->화곡로부천시계,10098.0,37.53983,126.8272,15시,956.0
0,20170101.0,일,화곡로(화곡로입구),B-27,유출,화곡로입구->화곡로부천시계,10098.0,37.53983,126.8272,16시,883.0
0,20170101.0,일,화곡로(화곡로입구),B-27,유출,화곡로입구->화곡로부천시계,10098.0,37.53983,126.8272,17시,910.0
0,20170101.0,일,화곡로(화곡로입구),B-27,유출,화곡로입구->화곡로부천시계,10098.0,37.53983,126.8272,18시,778.0
0,20170101.0,일,화곡로(화곡로입구),B-27,유출,화곡로입구->화곡로부천시계,10098.0,37.53983,126.8272,19시,712.0
0,20170101.0,일,화곡로(화곡로입구),B-27,유출,화곡로입구->화곡로부천시계,10098.0,37.53983,126.8272,20시,717.0
0,20170102.0,월,화곡로(화곡로입구),B-27,유출,화곡로입구->화곡로부천시계,12239.0,37.53983,126.8272,8시,1159.0
0,20170102.0,월,화곡로(화곡로입구),B-27,유출,화곡로입구->화곡로부천시계,12239.0,37.53983,126.8272,9시,934.0
0,20170102.0,월,화곡로(화곡로입구),B-27,유출,화곡로입구->화곡로부천시계,12239.0,37.53983,126.8272,10시,889.0
0,20170102.0,월,화곡로(화곡로입구),B-27,유출,화곡로입구->화곡로부천시계,12239.0,37.53983,126.8272,11시,910.0
0,20170102.0,월,화곡로(화곡로입구),B-27,유출,화곡로입구->화곡로부천시계,12239.0,37.53983,126.8272,12시,892.0
0,20170102.0,월,화곡로(화곡로입구),B-27,유출,화곡로입구->화곡로부천시계,12239.0,37.53983,126.8272,13시,864.0
0,20170102.0,월,화곡로(화곡로입구),B-27,유출,화곡로입구->화곡로부천시계,12239.0,37.53983,126.8272,14시,947.0
0,20170102.0,월,화곡로(화곡로입구),B-27,유출,화곡로입구->화곡로부천시계,12239.0,37.53983,126.8272,15시,993.0
0,20170102.0,월,화곡로(화곡로입구),B-27,유출,화곡로입구->화곡로부천시계,12239.0,37.53983,126.8272,16시,988.0
0,20170102.0,월,화곡로(화곡로입구),B-27,유출,화곡로입구->화곡로부천시계,12239.0,37.53983,126.8272,17시,1055.0
0,20170102.0,월,화곡로(화곡로입구),B-27,유출,화곡로입구->화곡로부천시계,12239.0,37.53983,126.8272,18시,982.0
0,20170102.0,월,화곡로(화곡로입구),B-27,유출,화곡로입구->화곡로부천시계,12239.0,37.53983,126.8272,19시,884.0
0,20170102.0,월,화곡로(화곡로입구),B-27,유출,화곡로입구->화곡로부천시계,12239.0,37.53983,126.8272,20시,742.0
0,20170103.0,화,화곡로(화곡로입구),B-27,유출,화곡로입구->화곡로부천시계,13416.0,37.53983,126.8272,8시,1337.0
0,20170103.0,화,화곡로(화곡로입구),B-27,유출,화곡로입구->화곡로부천시계,13416.0,37.53983,126.8272,9시,1085.0
0,20170103.0,화,화곡로(화곡로입구),B-27,유출,화곡로입구->화곡로부천시계,13416.0,37.53983,126.8272,10시,1043.0
0,20170103.0,화,화곡로(화곡로입구),B-27,유출,화곡로입구->화곡로부천시계,13416.0,37.53983,126.8272,11시,1026.0
0,20170103.0,화,화곡로(화곡로입구),B-27,유출,화곡로입구->화곡로부천시계,13416.0,37.53983,126.8272,12시,966.0
0,20170103.0,화,화곡로(화곡로입구),B-27,유출,화곡로입구->화곡로부천시계,13416.0,37.53983,126.8272,13시,982.0
0,20170103.0,화,화곡로(화곡로입구),B-27,유출,화곡로입구->화곡로부천시계,13416.0,37.53983,126.8272,14시,1047.0
0,20170103.0,화,화곡로(화곡로입구),B-27,유출,화곡로입구->화곡로부천시계,13416.0,37.53983,126.8272,15시,1003.0
0,20170103.0,화,화곡로(화곡로입구),B-27,유출,화곡로입구->화곡로부천시계,13416.0,37.53983,126.8272,16시,1057.0
0,20170103.0,화,화곡로(화곡로입구),B-27,유출,화곡로입구->화곡로부천시계,13416.0,37.53983,126.8272,17시,1052.0
0,20170103.0,화,화곡로(화곡로입구),B-27,유출,화곡로입구->화곡로부천시계,13416.0,37.53983,126.8272,18시,1039.0
0,20170103.0,화,화곡로(화곡로입구),B-27,유출,화곡로입구->화곡로부천시계,13416.0,37.53983,126.8272,19시,937.0
0,20170103.0,화,화곡로(화곡로입구),B-27,유출,화곡로입구->화곡로부천시계,13416.0,37.53983,126.8272,20시,842.0
0,20170104.0,수,화곡로(화곡로입구),B-27,유출,화곡로입구->화곡로부천시계,13084.0,37.53983,126.8272,8시,1178.0
0,20170104.0,수,화곡로(화곡로입구),B-27,유출,화곡로입구->화곡로부천시계,13084.0,37.53983,126.8272,9시,987.0
0,20170104.0,수,화곡로(화곡로입구),B-27,유출,화곡로입구->화곡로부천시계,13084.0,37.53983,126.8272,10시,995.0
0,20170104.0,수,화곡로(화곡로입구),B-27,유출,화곡로입구->화곡로부천시계,13084.0,37.53983,126.8272,11시,1051.0
0,20170104.0,수,화곡로(화곡로입구),B-27,유출,화곡로입구->화곡로부천시계,13084.0,37.53983,126.8272,12시,966.0
0,20170104.0,수,화곡로(화곡로입구),B-27,유출,화곡로입구->화곡로부천시계,13084.0,37.53983,126.8272,13시,1018.0
0,20170104.0,수,화곡로(화곡로입구),B-27,유출,화곡로입구->화곡로부천시계,13084.0,37.53983,126.8272,14시,969.0
0,20170104.0,수,화곡로(화곡로입구),B-27,유출,화곡로입구->화곡로부천시계,13084.0,37.53983,126.8272,15시,1028.0
0,20170104.0,수,화곡로(화곡로입구),B-27,유출,화곡로입구->화곡로부천시계,13084.0,37.53983,126.8272,16시,1030.0
0,20170104.0,수,화곡로(화곡로입구),B-27,유출,화곡로입구->화곡로부천시계,13084.0,37.53983,126.8272,17시,1075.0
0,20170104.0,수,화곡로(화곡로입구),B-27,유출,화곡로입구->화곡로부천시계,13084.0,37.53983,126.8272,18시,1003.0
0,20170104.0,수,화곡로(화곡로입구),B-27,유출,화곡로입구->화곡로부천시계,13084.0,37.53983,126.8272,19시,929.0
0,20170104.0,수,화곡로(화곡로입구),B-27,유출,화곡로입구->화곡로부천시계,13084.0,37.53983,126.8272,20시,855.0
0,20170105.0,목,화곡로(화곡로입구),B-27,유출,화곡로입구->화곡로부천시계,12947.0,37.53983,126.8272,8시,1213.0
0,20170105.0,목,화곡로(화곡로입구),B-27,유출,화곡로입구->화곡로부천시계,12947.0,37.53983,126.8272,9시,957.0
0,20170105.0,목,화곡로(화곡로입구),B-27,유출,화곡로입구->화곡로부천시계,12947.0,37.53983,126.8272,10시,1024.0
0,20170105.0,목,화곡로(화곡로입구),B-27,유출,화곡로입구->화곡로부천시계,12947.0,37.53983,126.8272,11시,1021.0
0,20170105.0,목,화곡로(화곡로입구),B-27,유출,화곡로입구->화곡로부천시계,12947.0,37.53983,126.8272,12시,950.0
0,20170105.0,목,화곡로(화곡로입구),B-27,유출,화곡로입구->화곡로부천시계,12947.0,37.53983,126.8272,13시,920.0
0,20170105.0,목,화곡로(화곡로입구),B-27,유출,화곡로입구->화곡로부천시계,12947.0,37.53983,126.8272,14시,947.0
0,20170105.0,목,화곡로(화곡로입구),B-27,유출,화곡로입구->화곡로부천시계,12947.0,37.53983,126.8272,15시,1060.0
0,20170105.0,목,화곡로(화곡로입구),B-27,유출,화곡로입구->화곡로부천시계,12947.0,37.53983,126.8272,16시,1016.0
0,20170105.0,목,화곡로(화곡로입구),B-27,유출,화곡로입구->화곡로부천시계,12947.0,37.53983,126.8272,17시,1038.0
0,20170105.0,목,화곡로(화곡로입구),B-27,유출,화곡로입구->화곡로부천시계,12947.0,37.53983,126.8272,18시,991.0
0,20170105.0,목,화곡로(화곡로입구),B-27,유출,화곡로입구->화곡로부천시계,12947.0,37.53983,126.8272,19시,917.0
0,20170105.0,목,화곡로(화곡로입구),B-27,유출,화곡로입구->화곡로부천시계,12947.0,37.53983,126.8272,20시,893.0
0,20170106.0,금,화곡로(화곡로입구),B-27,유출,화곡로입구->화곡로부천시계,13430.0,37.53983,126.8272,8시,1214.0
0,20170106.0,금,화곡로(화곡로입구),B-27,유출,화곡로입구->화곡로부천시계,13430.0,37.53983,126.8272,9시,969.0
0,20170106.0,금,화곡로(화곡로입구),B-27,유출,화곡로입구->화곡로부천시계,13430.0,37.53983,126.8272,10시,1024.0
0,20170106.0,금,화곡로(화곡로입구),B-27,유출,화곡로입구->화곡로부천시계,13430.0,37.53983,126.8272,11시,1075.0
0,20170106.0,금,화곡로(화곡로입구),B-27,유출,화곡로입구->화곡로부천시계,13430.0,37.53983,126.8272,12시,938.0
0,20170106.0,금,화곡로(화곡로입구),B-27,유출,화곡로입구->화곡로부천시계,13430.0,37.53983,126.8272,13시,1037.0
0,20170106.0,금,화곡로(화곡로입구),B-27,유출,화곡로입구->화곡로부천시계,13430.0,37.53983,126.8272,14시,998.0
0,20170106.0,금,화곡로(화곡로입구),B-27,유출,화곡로입구->화곡로부천시계,13430.0,37.53983,126.8272,15시,1060.0
0,20170106.0,금,화곡로(화곡로입구),B-27,유출,화곡로입구->화곡로부천시계,13430.0,37.53983,126.8272,16시,1064.0
0,20170106.0,금,화곡로(화곡로입구),B-27,유출,화곡로입구->화곡로부천시계,13430.0,37.53983,126.8272,17시,1077.0
0,20170106.0,금,화곡로(화곡로입구),B-27,유출,화곡로입구->화곡로부천시계,13430.0,37.53983,126.8272,18시,1058.0
0,20170106.0,금,화곡로(화곡로입구),B-27,유출,화곡로입구->화곡로부천시계,13430.0,37.53983,126.8272,19시,1039.0
0,20170106.0,금,화곡로(화곡로입구),B-27,유출,화곡로입구->화곡로부천시계,13430.0,37.53983,126.8272,20시,877.0
0,20170107.0,토,화곡로(화곡로입구),B-27,유출,화곡로입구->화곡로부천시계,13070.0,37.53983,126.8272,8시,855.0
0,20170107.0,토,화곡로(화곡로입구),B-27,유출,화곡로입구->화곡로부천시계,13070.0,37.53983,126.8272,9시,979.0
0,20170107.0,토,화곡로(화곡로입구),B-27,유출,화곡로입구->화곡로부천시계,13070.0,37.53983,126.8272,10시,975.0
0,20170107.0,토,화곡로(화곡로입구),B-27,유출,화곡로입구->화곡로부천시계,13070.0,37.53983,126.8272,11시,1054.0
0,20170107.0,토,화곡로(화곡로입구),B-27,유출,화곡로입구->화곡로부천시계,13070.0,37.53983,126.8272,12시,1059.0
0,20170107.0,토,화곡로(화곡로입구),B-27,유출,화곡로입구->화곡로부천시계,13070.0,37.53983,126.8272,13시,1097.0
0,20170107.0,토,화곡로(화곡로입구),B-27,유출,화곡로입구->화곡로부천시계,13070.0,37.53983,126.8272,14시,1067.0
0,20170107.0,토,화곡로(화곡로입구),B-27,유출,화곡로입구->화곡로부천시계,13070.0,37.53983,126.8272,15시,1038.0
0,20170107.0,토,화곡로(화곡로입구),B-27,유출,화곡로입구->화곡로부천시계,13070.0,37.53983,126.8272,16시,1111.0
0,20170107.0,토,화곡로(화곡로입구),B-27,유출,화곡로입구->화곡로부천시계,13070.0,37.53983,126.8272,17시,1139.0
0,20170107.0,토,화곡로(화곡로입구),B-27,유출,화곡로입구->화곡로부천시계,13070.0,37.53983,126.8272,18시,1031.0
0,20170107.0,토,화곡로(화곡로입구),B-27,유출,화곡로입구->화곡로부천시계,13070.0,37.53983,126.8272,19시,883.0
0,20170107.0,토,화곡로(화곡로입구),B-27,유출,화곡로입구->화곡로부천시계,13070.0,37.53983,126.8272,20시,782.0
0,20170108.0,일,화곡로(화곡로입구),B-27,유출,화곡로입구->화곡로부천시계,10410.0,37.53983,126.8272,8시,501.0
0,20170108.0,일,화곡로(화곡로입구),B-27,유출,화곡로입구->화곡로부천시계,10410.0,37.53983,126.8272,9시,648.0
0,20170108.0,일,화곡로(화곡로입구),B-27,유출,화곡로입구->화곡로부천시계,10410.0,37.53983,126.8272,10시,740.0
0,20170108.0,일,화곡로(화곡로입구),B-27,유출,화곡로입구->화곡로부천시계,10410.0,37.53983,126.8272,11시,748.0
0,20170108.0,일,화곡로(화곡로입구),B-27,유출,화곡로입구->화곡로부천시계,10410.0,37.53983,126.8272,12시,818.0
0,20170108.0,일,화곡로(화곡로입구),B-27,유출,화곡로입구->화곡로부천시계,10410.0,37.53983,126.8272,13시,851.0
0,20170108.0,일,화곡로(화곡로입구),B-27,유출,화곡로입구->화곡로부천시계,10410.0,37.53983,126.8272,14시,965.0
0,20170108.0,일,화곡로(화곡로입구),B-27,유출,화곡로입구->화곡로부천시계,10410.0,37.53983,126.8272,15시,979.0
0,20170108.0,일,화곡로(화곡로입구),B-27,유출,화곡로입구->화곡로부천시계,10410.0,37.53983,126.8272,16시,927.0
0,20170108.0,일,화곡로(화곡로입구),B-27,유출,화곡로입구->화곡로부천시계,10410.0,37.53983,126.8272,17시,950.0
0,20170108.0,일,화곡로(화곡로입구),B-27,유출,화곡로입구->화곡로부천시계,10410.0,37.53983,126.8272,18시,840.0
0,20170108.0,일,화곡로(화곡로입구),B-27,유출,화곡로입구->화곡로부천시계,10410.0,37.53983,126.8272,19시,733.0
0,20170108.0,일,화곡로(화곡로입구),B-27,유출,화곡로입구->화곡로부천시계,10410.0,37.53983,126.8272,20시,710.0
0,20170109.0,월,화곡로(화곡로입구),B-27,유출,화곡로입구->화곡로부천시계,12818.0,37.53983,126.8272,8시,1207.0
0,20170109.0,월,화곡로(화곡로입구),B-27,유출,화곡로입구->화곡로부천시계,12818.0,37.53983,126.8272,9시,917.0
0,20170109.0,월,화곡로(화곡로입구),B-27,유출,화곡로입구->화곡로부천시계,12818.0,37.53983,126.8272,10시,969.0
0,20170109.0,월,화곡로(화곡로입구),B-27,유출,화곡로입구->화곡로부천시계,12818.0,37.53983,126.8272,11시,996.0
0,20170109.0,월,화곡로(화곡로입구),B-27,유출,화곡로입구->화곡로부천시계,12818.0,37.53983,126.8272,12시,920.0
0,20170109.0,월,화곡로(화곡로입구),B-27,유출,화곡로입구->화곡로부천시계,12818.0,37.53983,126.8272,13시,954.0
0,20170109.0,월,화곡로(화곡로입구),B-27,유출,화곡로입구->화곡로부천시계,12818.0,37.53983,126.8272,14시,924.0
0,20170109.0,월,화곡로(화곡로입구),B-27,유출,화곡로입구->화곡로부천시계,12818.0,37.53983,126.8272,15시,1035.0
0,20170109.0,월,화곡로(화곡로입구),B-27,유출,화곡로입구->화곡로부천시계,12818.0,37.53983,126.8272,16시,1071.0
0,20170109.0,월,화곡로(화곡로입구),B-27,유출,화곡로입구->화곡로부천시계,12818.0,37.53983,126.8272,17시,1097.0
0,20170109.0,월,화곡로(화곡로입구),B-27,유출,화곡로입구->화곡로부천시계,12818.0,37.53983,126.8272,18시,987.0
0,20170109.0,월,화곡로(화곡로입구),B-27,유출,화곡로입구->화곡로부천시계,12818.0,37.53983,126.8272,19시,876.0
0,20170109.0,월,화곡로(화곡로입구),B-27,유출,화곡로입구->화곡로부천시계,12818.0,37.53983,126.8272,20시,865.0
0,20170110.0,화,화곡로(화곡로입구),B-27,유출,화곡로입구->화곡로부천시계,12971.0,37.53983,126.8272,8시,1167.0
0,20170110.0,화,화곡로(화곡로입구),B-27,유출,화곡로입구->화곡로부천시계,12971.0,37.53983,126.8272,9시,958.0
0,20170110.0,화,화곡로(화곡로입구),B-27,유출,화곡로입구->화곡로부천시계,12971.0,37.53983,126.8272,10시,1028.0
0,20170110.0,화,화곡로(화곡로입구),B-27,유출,화곡로입구->화곡로부천시계,12971.0,37.53983,126.8272,11시,1007.0
0,20170110.0,화,화곡로(화곡로입구),B-27,유출,화곡로입구->화곡로부천시계,12971.0,37.53983,126.8272,12시,960.0
0,20170110.0,화,화곡로(화곡로입구),B-27,유출,화곡로입구->화곡로부천시계,12971.0,37.53983,126.8272,13시,944.0
0,20170110.0,화,화곡로(화곡로입구),B-27,유출,화곡로입구->화곡로부천시계,12971.0,37.53983,126.8272,14시,955.0
0,20170110.0,화,화곡로(화곡로입구),B-27,유출,화곡로입구->화곡로부천시계,12971.0,37.53983,126.8272,15시,1060.0
0,20170110.0,화,화곡로(화곡로입구),B-27,유출,화곡로입구->화곡로부천시계,12971.0,37.53983,126.8272,16시,1029.0
0,20170110.0,화,화곡로(화곡로입구),B-27,유출,화곡로입구->화곡로부천시계,12971.0,37.53983,126.8272,17시,1094.0
0,20170110.0,화,화곡로(화곡로입구),B-27,유출,화곡로입구->화곡로부천시계,12971.0,37.53983,126.8272,18시,1019.0
0,20170110.0,화,화곡로(화곡로입구),B-27,유출,화곡로입구->화곡로부천시계,12971.0,37.53983,126.8272,19시,919.0
0,20170110.0,화,화곡로(화곡로입구),B-27,유출,화곡로입구->화곡로부천시계,12971.0,37.53983,126.8272,20시,831.0
0,20170111.0,수,화곡로(화곡로입구),B-27,유출,화곡로입구->화곡로부천시계,13057.0,37.53983,126.8272,8시,1173.0
0,20170111.0,수,화곡로(화곡로입구),B-27,유출,화곡로입구->화곡로부천시계,13057.0,37.53983,126.8272,9시,942.0
0,20170111.0,수,화곡로(화곡로입구),B-27,유출,화곡로입구->화곡로부천시계,13057.0,37.53983,126.8272,10시,1050.0
0,20170111.0,수,화곡로(화곡로입구),B-27,유출,화곡로입구->화곡로부천시계,13057.0,37.53983,126.8272,11시,1037.0
0,20170111.0,수,화곡로(화곡로입구),B-27,유출,화곡로입구->화곡로부천시계,13057.0,37.53983,126.8272,12시,945.0
0,20170111.0,수,화곡로(화곡로입구),B-27,유출,화곡로입구->화곡로부천시계,13057.0,37.53983,126.8272,13시,957.0
0,20170111.0,수,화곡로(화곡로입구),B-27,유출,화곡로입구->화곡로부천시계,13057.0,37.53983,126.8272,14시,1001.0
0,20170111.0,수,화곡로(화곡로입구),B-27,유출,화곡로입구->화곡로부천시계,13057.0,37.53983,126.8272,15시,1018.0
0,20170111.0,수,화곡로(화곡로입구),B-27,유출,화곡로입구->화곡로부천시계,13057.0,37.53983,126.8272,16시,1055.0
0,20170111.0,수,화곡로(화곡로입구),B-27,유출,화곡로입구->화곡로부천시계,13057.0,37.53983,126.8272,17시,1061.0
0,20170111.0,수,화곡로(화곡로입구),B-27,유출,화곡로입구->화곡로부천시계,13057.0,37.53983,126.8272,18시,998.0
0,20170111.0,수,화곡로(화곡로입구),B-27,유출,화곡로입구->화곡로부천시계,13057.0,37.53983,126.8272,19시,952.0
0,20170111.0,수,화곡로(화곡로입구),B-27,유출,화곡로입구->화곡로부천시계,13057.0,37.53983,126.8272,20시,868.0
0,20170112.0,목,화곡로(화곡로입구),B-27,유출,화곡로입구->화곡로부천시계,13166.0,37.53983,126.8272,8시,1182.0
0,20170112.0,목,화곡로(화곡로입구),B-27,유출,화곡로입구->화곡로부천시계,13166.0,37.53983,126.8272,9시,968.0
0,20170112.0,목,화곡로(화곡로입구),B-27,유출,화곡로입구->화곡로부천시계,13166.0,37.53983,126.8272,10시,1148.0
0,20170112.0,목,화곡로(화곡로입구),B-27,유출,화곡로입구->화곡로부천시계,13166.0,37.53983,126.8272,11시,1003.0
0,20170112.0,목,화곡로(화곡로입구),B-27,유출,화곡로입구->화곡로부천시계,13166.0,37.53983,126.8272,12시,987.0
0,20170112.0,목,화곡로(화곡로입구),B-27,유출,화곡로입구->화곡로부천시계,13166.0,37.53983,126.8272,13시,1001.0
0,20170112.0,목,화곡로(화곡로입구),B-27,유출,화곡로입구->화곡로부천시계,13166.0,37.53983,126.8272,14시,993.0
0,20170112.0,목,화곡로(화곡로입구),B-27,유출,화곡로입구->화곡로부천시계,13166.0,37.53983,126.8272,15시,999.0
0,20170112.0,목,화곡로(화곡로입구),B-27,유출,화곡로입구->화곡로부천시계,13166.0,37.53983,126.8272,16시,1021.0
0,20170112.0,목,화곡로(화곡로입구),B-27,유출,화곡로입구->화곡로부천시계,13166.0,37.53983,126.8272,17시,1064.0
0,20170112.0,목,화곡로(화곡로입구),B-27,유출,화곡로입구->화곡로부천시계,13166.0,37.53983,126.8272,18시,975.0
0,20170112.0,목,화곡로(화곡로입구),B-27,유출,화곡로입구->화곡로부천시계,13166.0,37.53983,126.8272,19시,928.0
0,20170112.0,목,화곡로(화곡로입구),B-27,유출,화곡로입구->화곡로부천시계,13166.0,37.53983,126.8272,20시,897.0
0,20170113.0,금,화곡로(화곡로입구),B-27,유출,화곡로입구->화곡로부천시계,13114.0,37.53983,126.8272,8시,1180.0
0,20170113.0,금,화곡로(화곡로입구),B-27,유출,화곡로입구->화곡로부천시계,13114.0,37.53983,126.8272,9시,987.0
0,20170113.0,금,화곡로(화곡로입구),B-27,유출,화곡로입구->화곡로부천시계,13114.0,37.53983,126.8272,10시,959.0
0,20170113.0,금,화곡로(화곡로입구),B-27,유출,화곡로입구->화곡로부천시계,13114.0,37.53983,126.8272,11시,1007.0
0,20170113.0,금,화곡로(화곡로입구),B-27,유출,화곡로입구->화곡로부천시계,13114.0,37.53983,126.8272,12시,932.0
0,20170113.0,금,화곡로(화곡로입구),B-27,유출,화곡로입구->화곡로부천시계,13114.0,37.53983,126.8272,13시,1002.0
0,20170113.0,금,화곡로(화곡로입구),B-27,유출,화곡로입구->화곡로부천시계,13114.0,37.53983,126.8272,14시,1018.0
0,20170113.0,금,화곡로(화곡로입구),B-27,유출,화곡로입구->화곡로부천시계,13114.0,37.53983,126.8272,15시,985.0
0,20170113.0,금,화곡로(화곡로입구),B-27,유출,화곡로입구->화곡로부천시계,13114.0,37.53983,126.8272,16시,1120.0
0,20170113.0,금,화곡로(화곡로입구),B-27,유출,화곡로입구->화곡로부천시계,13114.0,37.53983,126.8272,17시,1025.0
0,20170113.0,금,화곡로(화곡로입구),B-27,유출,화곡로입구->화곡로부천시계,13114.0,37.53983,126.8272,18시,1046.0
0,20170113.0,금,화곡로(화곡로입구),B-27,유출,화곡로입구->화곡로부천시계,13114.0,37.53983,126.8272,19시,974.0
0,20170113.0,금,화곡로(화곡로입구),B-27,유출,화곡로입구->화곡로부천시계,13114.0,37.53983,126.8272,20시,879.0
0,20170114.0,토,화곡로(화곡로입구),B-27,유출,화곡로입구->화곡로부천시계,13375.0,37.53983,126.8272,8시,859.0
0,20170114.0,토,화곡로(화곡로입구),B-27,유출,화곡로입구->화곡로부천시계,13375.0,37.53983,126.8272,9시,981.0
0,20170114.0,토,화곡로(화곡로입구),B-27,유출,화곡로입구->화곡로부천시계,13375.0,37.53983,126.8272,10시,1003.0
0,20170114.0,토,화곡로(화곡로입구),B-27,유출,화곡로입구->화곡로부천시계,13375.0,37.53983,126.8272,11시,1142.0
0,20170114.0,토,화곡로(화곡로입구),B-27,유출,화곡로입구->화곡로부천시계,13375.0,37.53983,126.8272,12시,1027.0
0,20170114.0,토,화곡로(화곡로입구),B-27,유출,화곡로입구->화곡로부천시계,13375.0,37.53983,126.8272,13시,1114.0
0,20170114.0,토,화곡로(화곡로입구),B-27,유출,화곡로입구->화곡로부천시계,13375.0,37.53983,126.8272,14시,1119.0
0,20170114.0,토,화곡로(화곡로입구),B-27,유출,화곡로입구->화곡로부천시계,13375.0,37.53983,126.8272,15시,1083.0
0,20170114.0,토,화곡로(화곡로입구),B-27,유출,화곡로입구->화곡로부천시계,13375.0,37.53983,126.8272,16시,1149.0
0,20170114.0,토,화곡로(화곡로입구),B-27,유출,화곡로입구->화곡로부천시계,13375.0,37.53983,126.8272,17시,1145.0
0,20170114.0,토,화곡로(화곡로입구),B-27,유출,화곡로입구->화곡로부천시계,13375.0,37.53983,126.8272,18시,1027.0
0,20170114.0,토,화곡로(화곡로입구),B-27,유출,화곡로입구->화곡로부천시계,13375.0,37.53983,126.8272,19시,879.0
0,20170114.0,토,화곡로(화곡로입구),B-27,유출,화곡로입구->화곡로부천시계,13375.0,37.53983,126.8272,20시,847.0
0,20170115.0,일,화곡로(화곡로입구),B-27,유출,화곡로입구->화곡로부천시계,10575.0,37.53983,126.8272,8시,472.0
0,20170115.0,일,화곡로(화곡로입구),B-27,유출,화곡로입구->화곡로부천시계,10575.0,37.53983,126.8272,9시,630.0
0,20170115.0,일,화곡로(화곡로입구),B-27,유출,화곡로입구->화곡로부천시계,10575.0,37.53983,126.8272,10시,707.0
0,20170115.0,일,화곡로(화곡로입구),B-27,유출,화곡로입구->화곡로부천시계,10575.0,37.53983,126.8272,11시,772.0
0,20170115.0,일,화곡로(화곡로입구),B-27,유출,화곡로입구->화곡로부천시계,10575.0,37.53983,126.8272,12시,930.0
0,20170115.0,일,화곡로(화곡로입구),B-27,유출,화곡로입구->화곡로부천시계,10575.0,37.53983,126.8272,13시,972.0
0,20170115.0,일,화곡로(화곡로입구),B-27,유출,화곡로입구->화곡로부천시계,10575.0,37.53983,126.8272,14시,979.0
0,20170115.0,일,화곡로(화곡로입구),B-27,유출,화곡로입구->화곡로부천시계,10575.0,37.53983,126.8272,15시,1011.0
0,20170115.0,일,화곡로(화곡로입구),B-27,유출,화곡로입구->화곡로부천시계,10575.0,37.53983,126.8272,16시,861.0
0,20170115.0,일,화곡로(화곡로입구),B-27,유출,화곡로입구->화곡로부천시계,10575.0,37.53983,126.8272,17시,989.0
0,20170115.0,일,화곡로(화곡로입구),B-27,유출,화곡로입구->화곡로부천시계,10575.0,37.53983,126.8272,18시,837.0
0,20170115.0,일,화곡로(화곡로입구),B-27,유출,화곡로입구->화곡로부천시계,10575.0,37.53983,126.8272,19시,730.0
0,20170115.0,일,화곡로(화곡로입구),B-27,유출,화곡로입구->화곡로부천시계,10575.0,37.53983,126.8272,20시,685.0
0,20170116.0,월,화곡로(화곡로입구),B-27,유출,화곡로입구->화곡로부천시계,13243.0,37.53983,126.8272,8시,1296.0
0,20170116.0,월,화곡로(화곡로입구),B-27,유출,화곡로입구->화곡로부천시계,13243.0,37.53983,126.8272,9시,910.0
0,20170116.0,월,화곡로(화곡로입구),B-27,유출,화곡로입구->화곡로부천시계,13243.0,37.53983,126.8272,10시,1064.0
0,20170116.0,월,화곡로(화곡로입구),B-27,유출,화곡로입구->화곡로부천시계,13243.0,37.53983,126.8272,11시,999.0
0,20170116.0,월,화곡로(화곡로입구),B-27,유출,화곡로입구->화곡로부천시계,13243.0,37.53983,126.8272,12시,934.0
0,20170116.0,월,화곡로(화곡로입구),B-27,유출,화곡로입구->화곡로부천시계,13243.0,37.53983,126.8272,13시,1005.0
0,20170116.0,월,화곡로(화곡로입구),B-27,유출,화곡로입구->화곡로부천시계,13243.0,37.53983,126.8272,14시,965.0
0,20170116.0,월,화곡로(화곡로입구),B-27,유출,화곡로입구->화곡로부천시계,13243.0,37.53983,126.8272,15시,1062.0
0,20170116.0,월,화곡로(화곡로입구),B-27,유출,화곡로입구->화곡로부천시계,13243.0,37.53983,126.8272,16시,1076.0
0,20170116.0,월,화곡로(화곡로입구),B-27,유출,화곡로입구->화곡로부천시계,13243.0,37.53983,126.8272,17시,1131.0
0,20170116.0,월,화곡로(화곡로입구),B-27,유출,화곡로입구->화곡로부천시계,13243.0,37.53983,126.8272,18시,977.0
0,20170116.0,월,화곡로(화곡로입구),B-27,유출,화곡로입구->화곡로부천시계,13243.0,37.53983,126.8272,19시,952.0
0,20170116.0,월,화곡로(화곡로입구),B-27,유출,화곡로입구->화곡로부천시계,13243.0,37.53983,126.8272,20시,872.0
0,20170117.0,화,화곡로(화곡로입구),B-27,유출,화곡로입구->화곡로부천시계,13485.0,37.53983,126.8272,8시,1220.0
0,20170117.0,화,화곡로(화곡로입구),B-27,유출,화곡로입구->화곡로부천시계,13485.0,37.53983,126.8272,9시,988.0
0,20170117.0,화,화곡로(화곡로입구),B-27,유출,화곡로입구->화곡로부천시계,13485.0,37.53983,126.8272,10시,985.0
0,20170117.0,화,화곡로(화곡로입구),B-27,유출,화곡로입구->화곡로부천시계,13485.0,37.53983,126.8272,11시,1052.0
0,20170117.0,화,화곡로(화곡로입구),B-27,유출,화곡로입구->화곡로부천시계,13485.0,37.53983,126.8272,12시,1043.0
0,20170117.0,화,화곡로(화곡로입구),B-27,유출,화곡로입구->화곡로부천시계,13485.0,37.53983,126.8272,13시,982.0
0,20170117.0,화,화곡로(화곡로입구),B-27,유출,화곡로입구->화곡로부천시계,13485.0,37.53983,126.8272,14시,1025.0
0,20170117.0,화,화곡로(화곡로입구),B-27,유출,화곡로입구->화곡로부천시계,13485.0,37.53983,126.8272,15시,1050.0
0,20170117.0,화,화곡로(화곡로입구),B-27,유출,화곡로입구->화곡로부천시계,13485.0,37.53983,126.8272,16시,1160.0
0,20170117.0,화,화곡로(화곡로입구),B-27,유출,화곡로입구->화곡로부천시계,13485.0,37.53983,126.8272,17시,1124.0
0,20170117.0,화,화곡로(화곡로입구),B-27,유출,화곡로입구->화곡로부천시계,13485.0,37.53983,126.8272,18시,1003.0
0,20170117.0,화,화곡로(화곡로입구),B-27,유출,화곡로입구->화곡로부천시계,13485.0,37.53983,126.8272,19시,949.0
0,20170117.0,화,화곡로(화곡로입구),B-27,유출,화곡로입구->화곡로부천시계,13485.0,37.53983,126.8272,20시,904.0
0,20170118.0,수,화곡로(화곡로입구),B-27,유출,화곡로입구->화곡로부천시계,13456.0,37.53983,126.8272,8시,1215.0
0,20170118.0,수,화곡로(화곡로입구),B-27,유출,화곡로입구->화곡로부천시계,13456.0,37.53983,126.8272,9시,1001.0
0,20170118.0,수,화곡로(화곡로입구),B-27,유출,화곡로입구->화곡로부천시계,13456.0,37.53983,126.8272,10시,1037.0
0,20170118.0,수,화곡로(화곡로입구),B-27,유출,화곡로입구->화곡로부천시계,13456.0,37.53983,126.8272,11시,1088.0
0,20170118.0,수,화곡로(화곡로입구),B-27,유출,화곡로입구->화곡로부천시계,13456.0,37.53983,126.8272,12시,987.0
0,20170118.0,수,화곡로(화곡로입구),B-27,유출,화곡로입구->화곡로부천시계,13456.0,37.53983,126.8272,13시,993.0
0,20170118.0,수,화곡로(화곡로입구),B-27,유출,화곡로입구->화곡로부천시계,13456.0,37.53983,126.8272,14시,1028.0
0,20170118.0,수,화곡로(화곡로입구),B-27,유출,화곡로입구->화곡로부천시계,13456.0,37.53983,126.8272,15시,1021.0
0,20170118.0,수,화곡로(화곡로입구),B-27,유출,화곡로입구->화곡로부천시계,13456.0,37.53983,126.8272,16시,1056.0
0,20170118.0,수,화곡로(화곡로입구),B-27,유출,화곡로입구->화곡로부천시계,13456.0,37.53983,126.8272,17시,1107.0
0,20170118.0,수,화곡로(화곡로입구),B-27,유출,화곡로입구->화곡로부천시계,13456.0,37.53983,126.8272,18시,1028.0
0,20170118.0,수,화곡로(화곡로입구),B-27,유출,화곡로입구->화곡로부천시계,13456.0,37.53983,126.8272,19시,1001.0
0,20170118.0,수,화곡로(화곡로입구),B-27,유출,화곡로입구->화곡로부천시계,13456.0,37.53983,126.8272,20시,894.0
0,20170119.0,목,화곡로(화곡로입구),B-27,유출,화곡로입구->화곡로부천시계,13776.0,37.53983,126.8272,8시,1233.0
0,20170119.0,목,화곡로(화곡로입구),B-27,유출,화곡로입구->화곡로부천시계,13776.0,37.53983,126.8272,9시,1016.0
0,20170119.0,목,화곡로(화곡로입구),B-27,유출,화곡로입구->화곡로부천시계,13776.0,37.53983,126.8272,10시,1046.0
0,20170119.0,목,화곡로(화곡로입구),B-27,유출,화곡로입구->화곡로부천시계,13776.0,37.53983,126.8272,11시,1149.0
0,20170119.0,목,화곡로(화곡로입구),B-27,유출,화곡로입구->화곡로부천시계,13776.0,37.53983,126.8272,12시,1030.0
0,20170119.0,목,화곡로(화곡로입구),B-27,유출,화곡로입구->화곡로부천시계,13776.0,37.53983,126.8272,13시,1004.0
0,20170119.0,목,화곡로(화곡로입구),B-27,유출,화곡로입구->화곡로부천시계,13776.0,37.53983,126.8272,14시,1067.0
0,20170119.0,목,화곡로(화곡로입구),B-27,유출,화곡로입구->화곡로부천시계,13776.0,37.53983,126.8272,15시,1097.0
0,20170119.0,목,화곡로(화곡로입구),B-27,유출,화곡로입구->화곡로부천시계,13776.0,37.53983,126.8272,16시,1136.0
0,20170119.0,목,화곡로(화곡로입구),B-27,유출,화곡로입구->화곡로부천시계,13776.0,37.53983,126.8272,17시,1165.0
0,20170119.0,목,화곡로(화곡로입구),B-27,유출,화곡로입구->화곡로부천시계,13776.0,37.53983,126.8272,18시,1009.0
0,20170119.0,목,화곡로(화곡로입구),B-27,유출,화곡로입구->화곡로부천시계,13776.0,37.53983,126.8272,19시,952.0
0,20170119.0,목,화곡로(화곡로입구),B-27,유출,화곡로입구->화곡로부천시계,13776.0,37.53983,126.8272,20시,872.0
0,20170120.0,금,화곡로(화곡로입구),B-27,유출,화곡로입구->화곡로부천시계,11384.0,37.53983,126.8272,8시,960.0
0,20170120.0,금,화곡로(화곡로입구),B-27,유출,화곡로입구->화곡로부천시계,11384.0,37.53983,126.8272,9시,779.0
0,20170120.0,금,화곡로(화곡로입구),B-27,유출,화곡로입구->화곡로부천시계,11384.0,37.53983,126.8272,10시,827.0
0,20170120.0,금,화곡로(화곡로입구),B-27,유출,화곡로입구->화곡로부천시계,11384.0,37.53983,126.8272,11시,801.0
0,20170120.0,금,화곡로(화곡로입구),B-27,유출,화곡로입구->화곡로부천시계,11384.0,37.53983,126.8272,12시,810.0
0,20170120.0,금,화곡로(화곡로입구),B-27,유출,화곡로입구->화곡로부천시계,11384.0,37.53983,126.8272,13시,828.0
0,20170120.0,금,화곡로(화곡로입구),B-27,유출,화곡로입구->화곡로부천시계,11384.0,37.53983,126.8272,14시,894.0
0,20170120.0,금,화곡로(화곡로입구),B-27,유출,화곡로입구->화곡로부천시계,11384.0,37.53983,126.8272,15시,928.0
0,20170120.0,금,화곡로(화곡로입구),B-27,유출,화곡로입구->화곡로부천시계,11384.0,37.53983,126.8272,16시,945.0
0,20170120.0,금,화곡로(화곡로입구),B-27,유출,화곡로입구->화곡로부천시계,11384.0,37.53983,126.8272,17시,1015.0
0,20170120.0,금,화곡로(화곡로입구),B-27,유출,화곡로입구->화곡로부천시계,11384.0,37.53983,126.8272,18시,925.0
0,20170120.0,금,화곡로(화곡로입구),B-27,유출,화곡로입구->화곡로부천시계,11384.0,37.53983,126.8272,19시,869.0
0,20170120.0,금,화곡로(화곡로입구),B-27,유출,화곡로입구->화곡로부천시계,11384.0,37.53983,126.8272,20시,803.0
0,20170121.0,토,화곡로(화곡로입구),B-27,유출,화곡로입구->화곡로부천시계,12179.0,37.53983,126.8272,8시,843.0
0,20170121.0,토,화곡로(화곡로입구),B-27,유출,화곡로입구->화곡로부천시계,12179.0,37.53983,126.8272,9시,861.0
0,20170121.0,토,화곡로(화곡로입구),B-27,유출,화곡로입구->화곡로부천시계,12179.0,37.53983,126.8272,10시,979.0
0,20170121.0,토,화곡로(화곡로입구),B-27,유출,화곡로입구->화곡로부천시계,12179.0,37.53983,126.8272,11시,1031.0
0,20170121.0,토,화곡로(화곡로입구),B-27,유출,화곡로입구->화곡로부천시계,12179.0,37.53983,126.8272,12시,1081.0
0,20170121.0,토,화곡로(화곡로입구),B-27,유출,화곡로입구->화곡로부천시계,12179.0,37.53983,126.8272,13시,1013.0
0,20170121.0,토,화곡로(화곡로입구),B-27,유출,화곡로입구->화곡로부천시계,12179.0,37.53983,126.8272,14시,968.0
0,20170121.0,토,화곡로(화곡로입구),B-27,유출,화곡로입구->화곡로부천시계,12179.0,37.53983,126.8272,15시,985.0
0,20170121.0,토,화곡로(화곡로입구),B-27,유출,화곡로입구->화곡로부천시계,12179.0,37.53983,126.8272,16시,990.0
0,20170121.0,토,화곡로(화곡로입구),B-27,유출,화곡로입구->화곡로부천시계,12179.0,37.53983,126.8272,17시,1009.0
0,20170121.0,토,화곡로(화곡로입구),B-27,유출,화곡로입구->화곡로부천시계,12179.0,37.53983,126.8272,18시,901.0
0,20170121.0,토,화곡로(화곡로입구),B-27,유출,화곡로입구->화곡로부천시계,12179.0,37.53983,126.8272,19시,826.0
0,20170121.0,토,화곡로(화곡로입구),B-27,유출,화곡로입구->화곡로부천시계,12179.0,37.53983,126.8272,20시,692.0
0,20170122.0,일,화곡로(화곡로입구),B-27,유출,화곡로입구->화곡로부천시계,9435.0,37.53983,126.8272,8시,433.0
0,20170122.0,일,화곡로(화곡로입구),B-27,유출,화곡로입구->화곡로부천시계,9435.0,37.53983,126.8272,9시,509.0
0,20170122.0,일,화곡로(화곡로입구),B-27,유출,화곡로입구->화곡로부천시계,9435.0,37.53983,126.8272,10시,620.0
0,20170122.0,일,화곡로(화곡로입구),B-27,유출,화곡로입구->화곡로부천시계,9435.0,37.53983,126.8272,11시,653.0
0,20170122.0,일,화곡로(화곡로입구),B-27,유출,화곡로입구->화곡로부천시계,9435.0,37.53983,126.8272,12시,778.0
0,20170122.0,일,화곡로(화곡로입구),B-27,유출,화곡로입구->화곡로부천시계,9435.0,37.53983,126.8272,13시,859.0
0,20170122.0,일,화곡로(화곡로입구),B-27,유출,화곡로입구->화곡로부천시계,9435.0,37.53983,126.8272,14시,855.0
0,20170122.0,일,화곡로(화곡로입구),B-27,유출,화곡로입구->화곡로부천시계,9435.0,37.53983,126.8272,15시,961.0
0,20170122.0,일,화곡로(화곡로입구),B-27,유출,화곡로입구->화곡로부천시계,9435.0,37.53983,126.8272,16시,881.0
0,20170122.0,일,화곡로(화곡로입구),B-27,유출,화곡로입구->화곡로부천시계,9435.0,37.53983,126.8272,17시,847.0
0,20170122.0,일,화곡로(화곡로입구),B-27,유출,화곡로입구->화곡로부천시계,9435.0,37.53983,126.8272,18시,741.0
0,20170122.0,일,화곡로(화곡로입구),B-27,유출,화곡로입구->화곡로부천시계,9435.0,37.53983,126.8272,19시,704.0
0,20170122.0,일,화곡로(화곡로입구),B-27,유출,화곡로입구->화곡로부천시계,9435.0,37.53983,126.8272,20시,594.0
0,20170123.0,월,화곡로(화곡로입구),B-27,유출,화곡로입구->화곡로부천시계,13135.0,37.53983,126.8272,8시,1200.0
0,20170123.0,월,화곡로(화곡로입구),B-27,유출,화곡로입구->화곡로부천시계,13135.0,37.53983,126.8272,9시,964.0
0,20170123.0,월,화곡로(화곡로입구),B-27,유출,화곡로입구->화곡로부천시계,13135.0,37.53983,126.8272,10시,1013.0
0,20170123.0,월,화곡로(화곡로입구),B-27,유출,화곡로입구->화곡로부천시계,13135.0,37.53983,126.8272,11시,942.0
0,20170123.0,월,화곡로(화곡로입구),B-27,유출,화곡로입구->화곡로부천시계,13135.0,37.53983,126.8272,12시,1016.0
0,20170123.0,월,화곡로(화곡로입구),B-27,유출,화곡로입구->화곡로부천시계,13135.0,37.53983,126.8272,13시,1012.0
0,20170123.0,월,화곡로(화곡로입구),B-27,유출,화곡로입구->화곡로부천시계,13135.0,37.53983,126.8272,14시,965.0
0,20170123.0,월,화곡로(화곡로입구),B-27,유출,화곡로입구->화곡로부천시계,13135.0,37.53983,126.8272,15시,1021.0
0,20170123.0,월,화곡로(화곡로입구),B-27,유출,화곡로입구->화곡로부천시계,13135.0,37.53983,126.8272,16시,1028.0
0,20170123.0,월,화곡로(화곡로입구),B-27,유출,화곡로입구->화곡로부천시계,13135.0,37.53983,126.8272,17시,1106.0
0,20170123.0,월,화곡로(화곡로입구),B-27,유출,화곡로입구->화곡로부천시계,13135.0,37.53983,126.8272,18시,1055.0
0,20170123.0,월,화곡로(화곡로입구),B-27,유출,화곡로입구->화곡로부천시계,13135.0,37.53983,126.8272,19시,952.0
0,20170123.0,월,화곡로(화곡로입구),B-27,유출,화곡로입구->화곡로부천시계,13135.0,37.53983,126.8272,20시,861.0
0,20170124.0,화,화곡로(화곡로입구),B-27,유출,화곡로입구->화곡로부천시계,13419.0,37.53983,126.8272,8시,1175.0
0,20170124.0,화,화곡로(화곡로입구),B-27,유출,화곡로입구->화곡로부천시계,13419.0,37.53983,126.8272,9시,967.0
0,20170124.0,화,화곡로(화곡로입구),B-27,유출,화곡로입구->화곡로부천시계,13419.0,37.53983,126.8272,10시,992.0
0,20170124.0,화,화곡로(화곡로입구),B-27,유출,화곡로입구->화곡로부천시계,13419.0,37.53983,126.8272,11시,1089.0
0,20170124.0,화,화곡로(화곡로입구),B-27,유출,화곡로입구->화곡로부천시계,13419.0,37.53983,126.8272,12시,1013.0
0,20170124.0,화,화곡로(화곡로입구),B-27,유출,화곡로입구->화곡로부천시계,13419.0,37.53983,126.8272,13시,1064.0
0,20170124.0,화,화곡로(화곡로입구),B-27,유출,화곡로입구->화곡로부천시계,13419.0,37.53983,126.8272,14시,1060.0
0,20170124.0,화,화곡로(화곡로입구),B-27,유출,화곡로입구->화곡로부천시계,13419.0,37.53983,126.8272,15시,1018.0
0,20170124.0,화,화곡로(화곡로입구),B-27,유출,화곡로입구->화곡로부천시계,13419.0,37.53983,126.8272,16시,1088.0
0,20170124.0,화,화곡로(화곡로입구),B-27,유출,화곡로입구->화곡로부천시계,13419.0,37.53983,126.8272,17시,1144.0
0,20170124.0,화,화곡로(화곡로입구),B-27,유출,화곡로입구->화곡로부천시계,13419.0,37.53983,126.8272,18시,1013.0
0,20170124.0,화,화곡로(화곡로입구),B-27,유출,화곡로입구->화곡로부천시계,13419.0,37.53983,126.8272,19시,921.0
0,20170124.0,화,화곡로(화곡로입구),B-27,유출,화곡로입구->화곡로부천시계,13419.0,37.53983,126.8272,20시,875.0
0,20170125.0,수,화곡로(화곡로입구),B-27,유출,화곡로입구->화곡로부천시계,13793.0,37.53983,126.8272,8시,1190.0
0,20170125.0,수,화곡로(화곡로입구),B-27,유출,화곡로입구->화곡로부천시계,13793.0,37.53983,126.8272,9시,996.0
0,20170125.0,수,화곡로(화곡로입구),B-27,유출,화곡로입구->화곡로부천시계,13793.0,37.53983,126.8272,10시,1016.0
0,20170125.0,수,화곡로(화곡로입구),B-27,유출,화곡로입구->화곡로부천시계,13793.0,37.53983,126.8272,11시,1042.0
0,20170125.0,수,화곡로(화곡로입구),B-27,유출,화곡로입구->화곡로부천시계,13793.0,37.53983,126.8272,12시,1043.0
0,20170125.0,수,화곡로(화곡로입구),B-27,유출,화곡로입구->화곡로부천시계,13793.0,37.53983,126.8272,13시,1067.0
0,20170125.0,수,화곡로(화곡로입구),B-27,유출,화곡로입구->화곡로부천시계,13793.0,37.53983,126.8272,14시,1096.0
0,20170125.0,수,화곡로(화곡로입구),B-27,유출,화곡로입구->화곡로부천시계,13793.0,37.53983,126.8272,15시,1115.0
0,20170125.0,수,화곡로(화곡로입구),B-27,유출,화곡로입구->화곡로부천시계,13793.0,37.53983,126.8272,16시,1199.0
0,20170125.0,수,화곡로(화곡로입구),B-27,유출,화곡로입구->화곡로부천시계,13793.0,37.53983,126.8272,17시,1199.0
0,20170125.0,수,화곡로(화곡로입구),B-27,유출,화곡로입구->화곡로부천시계,13793.0,37.53983,126.8272,18시,1043.0
0,20170125.0,수,화곡로(화곡로입구),B-27,유출,화곡로입구->화곡로부천시계,13793.0,37.53983,126.8272,19시,920.0
0,20170125.0,수,화곡로(화곡로입구),B-27,유출,화곡로입구->화곡로부천시계,13793.0,37.53983,126.8272,20시,867.0
0,20170126.0,목,화곡로(화곡로입구),B-27,유출,화곡로입구->화곡로부천시계,12893.0,37.53983,126.8272,8시,1156.0
0,20170126.0,목,화곡로(화곡로입구),B-27,유출,화곡로입구->화곡로부천시계,12893.0,37.53983,126.8272,9시,965.0
0,20170126.0,목,화곡로(화곡로입구),B-27,유출,화곡로입구->화곡로부천시계,12893.0,37.53983,126.8272,10시,1098.0
0,20170126.0,목,화곡로(화곡로입구),B-27,유출,화곡로입구->화곡로부천시계,12893.0,37.53983,126.8272,11시,799.0
0,20170126.0,목,화곡로(화곡로입구),B-27,유출,화곡로입구->화곡로부천시계,12893.0,37.53983,126.8272,12시,923.0
0,20170126.0,목,화곡로(화곡로입구),B-27,유출,화곡로입구->화곡로부천시계,12893.0,37.53983,126.8272,13시,925.0
0,20170126.0,목,화곡로(화곡로입구),B-27,유출,화곡로입구->화곡로부천시계,12893.0,37.53983,126.8272,14시,946.0
0,20170126.0,목,화곡로(화곡로입구),B-27,유출,화곡로입구->화곡로부천시계,12893.0,37.53983,126.8272,15시,1145.0
0,20170126.0,목,화곡로(화곡로입구),B-27,유출,화곡로입구->화곡로부천시계,12893.0,37.53983,126.8272,16시,1099.0
0,20170126.0,목,화곡로(화곡로입구),B-27,유출,화곡로입구->화곡로부천시계,12893.0,37.53983,126.8272,17시,1058.0
0,20170126.0,목,화곡로(화곡로입구),B-27,유출,화곡로입구->화곡로부천시계,12893.0,37.53983,126.8272,18시,997.0
0,20170126.0,목,화곡로(화곡로입구),B-27,유출,화곡로입구->화곡로부천시계,12893.0,37.53983,126.8272,19시,909.0
0,20170126.0,목,화곡로(화곡로입구),B-27,유출,화곡로입구->화곡로부천시계,12893.0,37.53983,126.8272,20시,873.0
0,20170127.0,금,화곡로(화곡로입구),B-27,유출,화곡로입구->화곡로부천시계,11031.0,37.53983,126.8272,8시,468.0
0,20170127.0,금,화곡로(화곡로입구),B-27,유출,화곡로입구->화곡로부천시계,11031.0,37.53983,126.8272,9시,644.0
0,20170127.0,금,화곡로(화곡로입구),B-27,유출,화곡로입구->화곡로부천시계,11031.0,37.53983,126.8272,10시,804.0
0,20170127.0,금,화곡로(화곡로입구),B-27,유출,화곡로입구->화곡로부천시계,11031.0,37.53983,126.8272,11시,1024.0
0,20170127.0,금,화곡로(화곡로입구),B-27,유출,화곡로입구->화곡로부천시계,11031.0,37.53983,126.8272,12시,990.0
0,20170127.0,금,화곡로(화곡로입구),B-27,유출,화곡로입구->화곡로부천시계,11031.0,37.53983,126.8272,13시,969.0
0,20170127.0,금,화곡로(화곡로입구),B-27,유출,화곡로입구->화곡로부천시계,11031.0,37.53983,126.8272,14시,975.0
0,20170127.0,금,화곡로(화곡로입구),B-27,유출,화곡로입구->화곡로부천시계,11031.0,37.53983,126.8272,15시,1013.0
0,20170127.0,금,화곡로(화곡로입구),B-27,유출,화곡로입구->화곡로부천시계,11031.0,37.53983,126.8272,16시,861.0
0,20170127.0,금,화곡로(화곡로입구),B-27,유출,화곡로입구->화곡로부천시계,11031.0,37.53983,126.8272,17시,916.0
0,20170127.0,금,화곡로(화곡로입구),B-27,유출,화곡로입구->화곡로부천시계,11031.0,37.53983,126.8272,18시,885.0
0,20170127.0,금,화곡로(화곡로입구),B-27,유출,화곡로입구->화곡로부천시계,11031.0,37.53983,126.8272,19시,774.0
0,20170127.0,금,화곡로(화곡로입구),B-27,유출,화곡로입구->화곡로부천시계,11031.0,37.53983,126.8272,20시,708.0
